CACHE type 5 produced by analog 6.0/Unix. Do not modify or delete!
T	0	0	280	253	77	1783	28025
D	29318987	29449661
20360	117	15	3	2867
20360	118	2	2	1246
20360	126	1	1	0
20360	128	3	3	0
20360	131	6	6	0
20360	133	4	4	0
20360	134	1	1	0
20360	158	8	8	0
20360	284	1	1	0
20361	14	1	1	0
20361	56	1	1	0
20361	96	1	1	0
20361	100	1	1	0
20361	117	1	1	0
20361	126	1	1	0
20361	130	1	1	0
20361	134	1	1	0
20361	159	1	1	0
20361	167	1	1	0
20361	186	1	1	0
20361	189	1	1	0
20361	236	2	2	0
20362	10	2	2	0
20362	17	1	1	0
20362	73	1	1	0
20362	104	1	1	0
20362	137	1	1	0
20362	141	1	1	0
20362	209	1	1	0
20362	241	1	1	0
20362	256	1	1	0
20363	6	1	1	0
20363	189	1	1	0
20364	117	1	1	0
20364	225	2	2	0
20365	46	1	1	0
20365	67	1	1	0
20367	71	1	1	0
20367	78	1	1	0
20367	103	1	1	0
20368	94	1	1	0
20370	147	1	1	0
20371	232	1	1	0
20372	62	2	2	0
20372	100	1	1	0
20372	118	1	1	0
20372	136	1	1	0
20372	260	1	1	0
20373	2	6	6	0
20373	147	1	1	0
20373	149	2	2	0
20373	176	1	1	0
20374	80	1	1	0
20374	108	3	3	0
20374	114	1	1	0
20374	120	2	2	0
20374	136	1	1	0
20374	158	1	1	0
20374	162	1	1	0
20375	4	3	3	0
20375	72	1	1	0
20375	126	1	1	0
20375	194	2	2	0
20375	201	1	1	0
20375	249	2	2	0
20376	96	1	1	0
20376	101	1	1	0
20376	271	1	1	0
20376	273	1	1	0
20376	280	1	1	0
20376	285	1	1	0
20377	35	1	1	0
20377	121	1	1	0
20377	175	1	1	0
20380	193	1	1	0
20381	114	1	1	0
20381	116	1	1	0
20381	157	1	1	0
20381	168	1	1	0
20381	271	2	2	0
20381	287	2	2	0
20383	41	1	1	0
20383	70	3	3	0
20383	92	1	1	0
20383	159	1	1	0
20384	213	3	3	0
20385	143	3	3	0
20385	144	3	3	0
20386	253	3	3	0
20387	183	1	1	0
20388	181	3	3	0
20390	87	1	1	0
20391	54	1	1	0
20392	120	1	1	0
20395	134	1	1	0
20398	179	1	1	0
20399	155	1	1	0
20400	9	1	1	0
20401	231	1	1	0
20403	62	1	1	0
20403	236	1	1	0
20403	262	1	1	0
20404	11	1	1	0
20404	169	2	2	0
20405	105	1	1	0
20406	64	1	1	0
20407	115	1	1	0
20409	63	3	3	0
20409	79	1	1	0
20409	94	1	1	0
20409	130	1	1	0
20409	134	1	1	0
20410	191	2	2	0
20410	192	2	2	0
20411	188	1	1	0
20417	153	1	1	0
20417	285	1	1	0
20419	66	1	1	0
20421	111	2	0	128
20421	113	16	6	870
20421	119	1	1	0
20421	122	1	1	0
20421	199	1	1	0
20421	216	1	1	0
20422	101	1	1	0
20422	263	1	0	7638
20423	6	1	0	7638
20423	7	1	0	7638
20423	108	1	1	0
20423	136	1	1	0
20423	158	1	1	0
20423	160	1	1	0
20423	169	1	1	0
20424	88	1	1	0
20424	129	1	1	0
20424	135	1	1	0
20424	215	1	1	0
20425	103	1	1	0
20425	132	1	1	0
20425	136	1	1	0
20425	194	1	1	0
20426	51	3	3	0
20426	105	1	1	0
20426	227	2	2	0
20426	228	1	1	0
20427	97	1	1	0
20427	102	1	1	0
20427	110	1	1	0
20427	167	1	1	0
20427	176	3	3	0
20428	172	3	3	0
20429	67	1	1	0
20431	118	1	1	0
20431	124	3	3	0
20431	193	1	1	0
20431	242	1	1	0
20432	41	1	1	0
20432	164	1	1	0
20432	206	2	2	0
20432	260	1	1	0
20433	11	2	2	0
20435	275	2	2	0
20436	108	1	1	0
20438	284	1	1	0
20439	80	3	3	0
20439	197	1	1	0
20440	15	3	3	0
20440	66	1	1	0
20441	127	1	1	0
20441	186	1	1	0
20442	191	1	1	0
20443	276	1	1	0
20445	153	1	1	0
20445	158	1	1	0
20446	40	1	1	0
20446	284	1	1	0
20448	169	1	1	0
20450	54	1	1	0
20450	140	1	1	0
20450	158	1	1	0
1	0	0	0	1	0	0	29341245	0	0	29341245	0	/API/.env
1	0	0	0	13	0	0	29433677	0	0	29339104	0	/wp/wp-includes/wlwmanifest.xml
1	0	0	0	7	0	0	29421260	0	0	29341245	0	/.env.local
1	0	0	0	1	0	0	29414581	0	0	29414581	0	/backend/payment.js
1	0	0	0	5	0	0	29427778	0	0	29391363	0	/storage/logs/laravel.log
1	0	0	0	1	0	0	29414581	0	0	29414581	0	/dist/js/main.js
1	0	0	0	1	0	0	29421261	0	0	29421261	0	/scripts/phpinfo.php.save
1	0	0	0	1	0	0	29414581	0	0	29414581	0	/backend/stripe.js
1	0	0	0	2	0	0	29414581	0	0	29391363	0	/config/application.yml
1	0	0	0	2	0	0	29414581	0	0	29391363	0	/config.js
1	0	0	0	1	0	0	29414581	0	0	29414581	0	/Dockerfile
1	0	0	0	2	0	0	29341245	0	0	29325286	0	/core/Datavase/.env
1	0	0	0	2	0	0	29339227	0	0	29339227	0	/.env.txt
1	0	0	0	1	0	0	29414581	0	0	29414581	0	/static/js/main.js
1	0	0	0	3	0	0	29354029	0	0	29354029	0	/login/
1	0	0	0	1	0	0	29414581	0	0	29414581	0	/stripe.yaml
1	0	0	0	2	0	0	29421260	0	0	29421260	0	/modules/.env
1	0	0	0	1	0	0	29414581	0	0	29414581	0	/admin/controllers/payment.js
1	0	0	0	2	0	0	29421260	0	0	29421260	0	/core/.env.save
1	0	0	0	2	0	0	29414581	0	0	29391363	0	/js/main.js
1	0	0	0	1	0	0	29414581	0	0	29414581	0	/src/stripe.js
1	0	0	0	2	0	0	29421260	0	0	29421260	0	/core/.env.old
1	0	0	0	1	0	0	29414582	0	0	29414582	0	/stripe/config
1	1	0	0	0	29318987	0	0	29318987	0	0	64	/.well-known/acme-challenge/CACA4LXIYYDT99MTHWY5J_ZU6GTLGNXV
1	0	0	0	2	0	0	29414580	0	0	29414580	0	/.env.secret
1	0	0	0	1	0	0	29414582	0	0	29414582	0	/pages/api/stripe.js
1	0	0	0	1	0	0	29414581	0	0	29414581	0	/api/payment.js
1	0	0	0	2	0	0	29391360	0	0	29335996	0	/mailer/.env
1	0	0	0	1	0	0	29414581	0	0	29414581	0	/server/stripe.js
1	0	0	0	1	0	0	29414581	0	0	29414581	0	/openapi.yml
1	0	0	0	2	0	0	29341245	0	0	29325286	0	/vendor/phpunit/src/Util/PHP/eval-stdin.php
1	0	0	0	1	0	0	29414581	0	0	29414581	0	/logs/payment.log
1	1	1	0	0	29328996	0	0	29328996	0	0	0	/?34.26.117.224
1	0	0	0	2	0	0	29414581	0	0	29391363	0	/crm/.env
1	0	0	2	35	0	29409114	29427778	0	29409114	29320787	0	/.env
1	0	0	0	1	0	0	29414581	0	0	29414581	0	/config/local.yml
1	0	0	0	1	0	0	29414581	0	0	29414581	0	/config/checkout.js
1	0	0	0	1	0	0	29421261	0	0	29421261	0	/tmp/phpinfo.php
1	0	0	0	2	0	0	29341245	0	0	29325286	0	/sites/all/libraries/mailchimp/vendor/phpunit/phpunit/src/Util/PHP/eval-stdin.php
1	0	0	0	2	0	0	29341245	0	0	29341245	0	/.env.test.local
1	0	0	0	1	0	0	29414582	0	0	29414582	0	/admin/stripe.js
1	0	0	0	2	0	0	29341245	0	0	29325286	0	/wp-content/plugins/cloudflare/vendor/phpunit/phpunit/src/Util/PHP/eval-stdin.php
1	0	0	0	2	0	0	29421260	0	0	29421260	0	/src/.env.bak
1	0	0	0	1	0	0	29414582	0	0	29414582	0	/public/settings.json
1	0	0	0	1	0	0	29391363	0	0	29391363	0	/service/email_service.py
1	0	0	0	1	0	0	29341245	0	0	29341245	0	/.env.template
1	0	0	0	2	0	0	29421260	0	0	29421260	0	/vendor/.env.bak
1	0	0	0	1	0	0	29421260	0	0	29421260	0	/info1.php
1	0	0	0	2	0	0	29391360	0	0	29335995	0	/wp-config
1	0	0	0	1	0	0	29414581	0	0	29414581	0	/config/stripe.js
1	0	0	0	1	0	0	29421261	0	0	29421261	0	/admin/phpinfo.php.save
1	0	0	0	2	0	0	29391360	0	0	29335995	0	/_profiler/phpinfo/phpinfo.php
1	0	0	0	1	0	0	29414581	0	0	29414581	0	/middleware/payment.js
1	0	0	0	2	0	0	29341245	0	0	29325286	0	/lib/phpunit/src/Util/PHP/eval-stdin.php
1	0	0	0	1	0	0	29414582	0	0	29414582	0	/api/secrets
1	0	0	0	1	0	0	29341245	0	0	29341245	0	/tests/.env
1	0	0	0	1	0	0	29414582	0	0	29414582	0	/api/stripe
1	0	0	0	2	0	0	29421260	0	0	29421260	0	/themes/.env.bak
1	0	0	0	1	0	0	29414581	0	0	29414581	0	/keys.json
1	0	0	0	1	0	0	29414581	0	0	29414581	0	/backend/config/production.yml
1	0	0	0	1	0	0	29421261	0	0	29421261	0	/site/phpinfo.php.save
1	0	0	0	2	0	0	29414581	0	0	29391363	0	/website/.env
1	0	0	0	2	0	0	29407235	0	0	29319824	0	/wordpress/
1	0	0	0	2	0	0	29414581	0	0	29391363	0	/app.py
1	0	0	0	1	0	0	29414581	0	0	29414581	0	/static/js/app.js
1	0	0	0	2	0	0	29391360	0	0	29335995	0	/_profiler/phpinfo/info.php
1	0	0	0	2	0	0	29341245	0	0	29325286	0	/vendor/phpunit/phpunit/Util/PHP/eval-stdin.php
1	0	0	0	1	0	0	29414581	0	0	29414581	0	/application-production.properties
1	0	0	0	3	0	0	29414581	0	0	29335995	0	/www/.env
1	0	0	0	1	0	0	29421261	0	0	29421261	0	/phpinfo.php.swp
1	0	0	0	1	0	0	29391363	0	0	29391363	0	/scripts/nodemailer.js
1	0	0	0	1	0	0	29414581	0	0	29414581	0	/.circleci/config.yml
1	0	0	0	1	0	0	29414581	0	0	29414581	0	/billing/.env
1	0	0	0	5	0	0	29421260	0	0	29341245	0	/.env.swp
1	0	0	0	1	0	0	29414581	0	0	29414581	0	/.gitignore
1	0	0	0	1	0	0	29414581	0	0	29414581	0	/constants.py
1	0	0	0	1	0	0	29414581	0	0	29414581	0	/checkout/.env
1	0	0	0	2	0	0	29421260	0	0	29421260	0	/app/.env.bak
1	0	0	0	1	0	0	29414582	0	0	29414582	0	/dist/
1	0	0	0	1	0	0	29421261	0	0	29421261	0	/phpinfo.php.tmp
1	0	0	0	1	0	0	29421260	0	0	29421260	0	/phpinfo.php.orig
1	0	0	0	2	0	0	29341245	0	0	29325286	0	/old/vendor/phpunit/phpunit/src/Util/PHP/eval-stdin.php
1	0	0	0	2	0	0	29421260	0	0	29421260	0	/.env.tmp
1	0	0	0	2	0	0	29421260	0	0	29421260	0	/plugins/.env.old
1	0	0	0	2	0	0	29421260	0	0	29421260	0	/assets/.env.old
1	0	0	0	2	0	0	29341245	0	0	29325286	0	/saas/.env
1	0	0	0	1	0	0	29325286	0	0	29325286	0	/.production
1	0	0	0	2	0	0	29341245	0	0	29325286	0	/admin/vendor/phpunit/phpunit/src/Util/PHP/eval-stdin.php
1	0	0	0	1	0	0	29414581	0	0	29414581	0	/api-keys.json
1	0	0	0	13	0	0	29433677	0	0	29339104	0	/wp1/wp-includes/wlwmanifest.xml
1	0	0	2	4	0	29409114	29406808	0	29409114	29337131	0	/@vite/env
1	0	0	0	13	0	0	29433677	0	0	29339104	0	/site/wp-includes/wlwmanifest.xml
1	0	0	0	1	0	0	29414581	0	0	29414581	0	/config/prod.js
1	0	0	0	1	0	0	29414581	0	0	29414581	0	/server/.env.production
1	2	2	0	0	29421232	0	0	29415365	0	0	0	/?34.38.4.196
1	0	0	0	3	0	0	29421260	0	0	29341245	0	/.env.orig
1	0	0	0	13	0	0	29433677	0	0	29339104	0	/2019/wp-includes/wlwmanifest.xml
1	0	0	0	9	0	0	29433677	0	0	29340021	0	/2020/wp-includes/wlwmanifest.xml
1	0	0	0	1	0	0	29414581	0	0	29414581	0	/api.js
1	0	0	0	1	0	0	29414581	0	0	29414581	0	/microservices/.env
1	0	0	0	1	0	0	29414581	0	0	29414581	0	/static/js/bundle.js
1	0	0	0	1	0	0	29414581	0	0	29414581	0	/src/payment.js
1	0	0	0	1	0	0	29414582	0	0	29414582	0	/api/credentials
1	0	0	0	2	0	0	29341245	0	0	29325286	0	/administrator/.env
1	0	0	0	1	0	0	29391363	0	0	29391363	0	/node/.env_example
1	0	0	0	1	0	0	29414581	0	0	29414581	0	/stripe_keys.js
1	0	0	0	2	0	0	29421260	0	0	29421260	0	/core/.env.bak
1	0	0	0	1	0	0	29414580	0	0	29414580	0	/.env.secrets
1	0	0	0	2	0	0	29414581	0	0	29391363	0	/app.js
1	0	0	0	2	0	0	29421260	0	0	29421260	0	/public/.env.save
1	0	0	0	1	0	0	29414582	0	0	29414582	0	/.well-known/stripe
1	0	0	0	1	0	0	29414581	0	0	29414581	0	/app.log
1	0	0	0	2	0	0	29391360	0	0	29335996	0	/laravel/core/.env
1	0	0	0	2	0	0	29414581	0	0	29391363	0	/static/js/2.ca066a4b.chunk.js
1	0	0	0	1	0	0	29414581	0	0	29414581	0	/application-prod.properties
1	0	0	0	4	0	0	29352315	0	0	29342867	0	/test
1	0	0	0	2	0	0	29341245	0	0	29325286	0	/backup/vendor/phpunit/phpunit/src/Util/PHP/eval-stdin.php
1	0	0	0	1	0	0	29414581	0	0	29414581	0	/constants.js
1	0	0	0	1	0	0	29421261	0	0	29421261	0	/tmp/phpinfo.php.save
1	0	0	0	1	0	0	29414581	0	0	29414581	0	/static/js/vendors.js
1	0	0	0	1	0	0	29421261	0	0	29421261	0	/info.php.backup
1	0	0	0	1	0	0	29414582	0	0	29414582	0	/payment/config
1	0	0	0	2	0	0	29414581	0	0	29391363	0	/swagger.js
1	0	0	0	2	0	0	29421260	0	0	29421260	0	/config/.env.old
1	0	0	0	1	0	0	29341245	0	0	29341245	0	/log/.env
1	0	0	0	1	0	0	29414582	0	0	29414582	0	/node_modules/stripe/package.json
1	0	0	0	2	0	0	29414581	0	0	29391363	0	/backend/config/development.yml
1	0	0	0	1	0	0	29391363	0	0	29391363	0	/apis/controllers/users.js
1	0	0	0	2	0	0	29414581	0	0	29391363	0	/controller/admin/post.js
1	0	0	0	2	0	0	29391360	0	0	29335996	0	/lara/phpinfo.php
1	0	0	2	2	0	29409114	29406808	0	29409114	29406808	0	/webjars/swagger-ui/
1	0	0	0	4	0	0	29427778	0	0	29414581	0	/debug.log
1	0	0	0	13	0	0	29433677	0	0	29339104	0	/wp-includes/wlwmanifest.xml
1	0	0	0	1	0	0	29421261	0	0	29421261	0	/cgi-bin/info.php
1	0	0	0	1	0	0	29421261	0	0	29421261	0	/phpinfo.php~
1	0	0	0	1	0	0	29421261	0	0	29421261	0	/admin/info.php.save
1	0	0	0	10	0	0	29427778	0	0	29342867	0	/test.php
1	0	0	0	1	0	0	29414582	0	0	29414582	0	/static/stripe.json
1	0	0	0	1	0	0	29414581	0	0	29414581	0	/api/config/config.js
1	0	0	0	14	0	0	29427778	0	0	29320787	0	/_profiler/phpinfo
1	0	0	0	2	0	0	29391360	0	0	29335997	0	/xampp/.env
1	0	0	0	1	0	0	29414582	0	0	29414582	0	/pages/api/payment.js
1	0	0	2	4	0	29409114	29406808	0	29409114	29337131	0	/server-status
1	0	0	0	4	0	0	29414582	0	0	29391363	0	/.env.production.local
1	0	0	0	2	0	0	29421260	0	0	29421260	0	/storage/.env
1	0	0	0	2	0	0	29321367	0	0	29320787	0	/tool/view/phpinfo.view.php
1	0	0	0	1	0	0	29421261	0	0	29421261	0	/test.php.backup
1	0	0	0	1	0	0	29414581	0	0	29414581	0	/static/js/chunk.js
1	0	0	0	1	0	0	29421261	0	0	29421261	0	/tmp/info.php.save
1	0	0	0	13	0	0	29433677	0	0	29339104	0	/news/wp-includes/wlwmanifest.xml
1	0	0	0	2	0	0	29421260	0	0	29421260	0	/system/.env
1	0	0	0	3	0	0	29427778	0	0	29423112	0	/.env.js
1	0	0	2	4	0	29409114	29406808	0	29409114	29337131	0	/.DS_Store
1	0	0	0	1	0	0	29414581	0	0	29414581	0	/server/payment.js
1	0	0	0	1	0	0	29421261	0	0	29421261	0	/tmp/info.php
1	0	0	0	2	0	0	29421260	0	0	29421260	0	/system/.env.save
1	0	0	2	4	0	29409114	29406808	0	29409114	29337131	0	/telescope/requests
1	0	0	0	1	0	0	29414581	0	0	29414581	0	/stripe.py
1	0	0	0	2	0	0	29341245	0	0	29325286	0	/phpunit/phpunit/src/Util/PHP/eval-stdin.php
1	0	0	0	2	0	0	29421260	0	0	29421260	0	/plugins/.env.bak
1	0	0	0	2	0	0	29414581	0	0	29391363	0	/controllers/settings.js
1	0	0	0	1	0	0	29414581	0	0	29414581	0	/utils/payment.js
1	0	0	0	1	0	0	29421261	0	0	29421261	0	/php_info.php.swp
1	5	0	0	0	29406807	0	0	29406807	0	0	435	/.well-known/acme-challenge/1kEH9KYXlCEOv0S3s44HLcagGY2LQ1OKd90TK_Vqxu8
1	0	0	0	1	0	0	29414581	0	0	29414581	0	/src/constants.js
1	0	0	0	1	0	0	29341245	0	0	29341245	0	/es/.env
1	0	0	0	1	0	0	29414581	0	0	29414581	0	/nuxt.config.js
1	0	0	0	2	0	0	29341245	0	0	29325286	0	/lib/phpunit/phpunit/Util/PHP/eval-stdin.php
1	0	0	0	2	0	0	29421260	0	0	29421260	0	/api/.env.old
1	0	0	0	2	0	0	29421260	0	0	29421260	0	/assets/.env.bak
1	0	0	0	2	0	0	29414582	0	0	29391363	0	/shared/config/config.js
1	0	0	0	1	0	0	29421261	0	0	29421261	0	/php_info.php.tmp
1	0	0	0	2	0	0	29341245	0	0	29325286	0	/demo/vendor/phpunit/phpunit/src/Util/PHP/eval-stdin.php
1	0	0	0	1	0	0	29421261	0	0	29421261	0	/phpinfo.php.backup
1	0	0	0	6	0	0	29421260	0	0	29339227	0	/.env~
1	0	0	0	1	0	0	29414581	0	0	29414581	0	/static/js/main.chunk.js
1	0	0	2	4	0	29409114	29406808	0	29409114	29337131	0	/debug/default/view?panel=config
1	0	0	0	2	0	0	29341245	0	0	29325286	0	/core/app/.env
1	0	0	0	1	0	0	29414581	0	0	29414581	0	/functions/.env
1	0	0	0	1	0	0	29414581	0	0	29414581	0	/stripe.json
1	0	0	0	1	0	0	29414581	0	0	29414581	0	/config/credentials.js
1	0	0	0	2	0	0	29391360	0	0	29335997	0	/node_modules/.env
1	0	0	0	2	0	0	29421260	0	0	29421260	0	/src/.env.save
1	0	0	0	17	0	0	29427778	0	0	29320787	0	/phpinfo.php
1	0	0	0	3	0	0	29414581	0	0	29335993	0	/env/.env
1	0	0	0	2	0	0	29421260	0	0	29421260	0	/themes/.env
1	0	0	0	1	0	0	29391363	0	0	29391363	0	/configs/routes-4aug.js
1	0	0	0	1	0	0	29414582	0	0	29414582	0	/api/settings
1	0	0	0	2	0	0	29414581	0	0	29391363	0	/backend/config/default.yml
1	0	0	0	4	0	0	29391360	0	0	29325286	0	/laravel/.env
1	0	0	0	13	0	0	29433677	0	0	29339104	0	/shop/wp-includes/wlwmanifest.xml
1	0	0	0	1	0	0	29421260	0	0	29421260	0	/test.php.save
1	0	0	0	2	0	0	29414581	0	0	29391363	0	/configs/routes.js
1	0	0	0	1	0	0	29414582	0	0	29414582	0	/stripe.bak
1	0	0	0	3	0	0	29427778	0	0	29423112	0	/config/database.yml
1	0	0	0	13	0	0	29433677	0	0	29339104	0	/wp2/wp-includes/wlwmanifest.xml
1	0	0	0	3	0	0	29427778	0	0	29423112	0	/dashboard/info.php
1	0	0	0	1	0	0	29421261	0	0	29421261	0	/info.php.orig
1	0	0	0	2	0	0	29421260	0	0	29421260	0	/plugins/.env
1	0	0	0	1	0	0	29414582	0	0	29414582	0	/admin/payment
1	0	0	0	1	0	0	29414581	0	0	29414581	0	/stripe.config.js
1	0	0	0	1	0	0	29414581	0	0	29414581	0	/config/settings.yml
1	0	0	0	1	0	0	29414581	0	0	29414581	0	/constants.json
1	0	0	0	1	0	0	29414582	0	0	29414582	0	/user/config/config.js
1	0	0	0	2	0	0	29341245	0	0	29341245	0	/.env.debug
1	0	0	0	1	0	0	29414581	0	0	29414581	0	/static/js/vendor.js
1	0	0	0	1	0	0	29341245	0	0	29341245	0	/upload/.env
1	0	0	0	1	0	0	29341245	0	0	29341245	0	/.env.db
1	0	0	0	1	0	0	29414581	0	0	29414581	0	/stripe.js
1	0	0	0	1	0	0	29414581	0	0	29414581	0	/swagger.yml
1	0	0	0	2	0	0	29414581	0	0	29391363	0	/gatsby-config.js
1	0	0	0	2	0	0	29421260	0	0	29421260	0	/config/.env.bak
1	0	0	0	2	0	0	29341245	0	0	29325286	0	/lab/.env
1	0	0	0	1	0	0	29414581	0	0	29414581	0	/client/.env
1	0	0	0	11	0	0	29427778	0	0	29341245	0	/.env.production
1	0	0	0	2	0	0	29421260	0	0	29421260	0	/admin/.env.save
1	0	0	2	2	0	29409114	29406808	0	29409114	29406808	0	/api/graphql
1	0	0	0	2	0	0	29414581	0	0	29391363	0	/admin/controllers/partner.js
1	0	0	0	1	0	0	29414581	0	0	29414581	0	/payments.js
1	0	0	2	4	0	29409114	29406808	0	29409114	29337131	0	/actuator/env
1	0	0	0	1	0	0	29414581	0	0	29414581	0	/public/js/config.js
1	0	0	0	1	0	0	29325286	0	0	29325286	0	/.local
1	0	0	0	7	0	0	29427778	0	0	29341245	0	/.env.development
1	0	0	0	1	0	0	29414581	0	0	29414581	0	/.travis.yml
1	0	0	0	2	0	0	29341245	0	0	29325286	0	/tools/.env
1	0	0	0	1	0	0	29414582	0	0	29414582	0	/billing/config
1	0	0	0	4	0	0	29414581	0	0	29335996	0	/docker/.env
1	0	0	0	3	0	0	29414581	0	0	29335996	0	/js/.env
1	0	0	0	1	0	0	29414581	0	0	29414581	0	/assets/js/app.js
1	0	0	0	2	0	0	29421260	0	0	29421260	0	/config/.env.save
1	0	0	0	1	0	0	29421261	0	0	29421261	0	/php_info.php.orig
1	0	0	0	1	0	0	29414582	0	0	29414582	0	/src/lib/stripe.js
1	0	0	0	1	0	0	29414581	0	0	29414581	0	/config.yaml
1	0	0	0	4	0	0	29427778	0	0	29414581	0	/logs/error.log
1	0	0	0	2	0	0	29341245	0	0	29325286	0	/blog/vendor/phpunit/phpunit/src/Util/PHP/eval-stdin.php
1	0	0	0	1	0	0	29414581	0	0	29414581	0	/payment.json
1	0	0	0	1	0	0	29341245	0	0	29341245	0	/.env.elastic
1	0	0	0	2	0	0	29341245	0	0	29325286	0	/panel/vendor/phpunit/phpunit/src/Util/PHP/eval-stdin.php
1	0	0	0	1	0	0	29341245	0	0	29341245	0	/apps/.gitignore
1	0	0	0	1	0	0	29391363	0	0	29391363	0	/admin/server_info.php
1	0	0	0	1	0	0	29341245	0	0	29341245	0	/.env.example.1
1	0	0	0	1	0	0	29414581	0	0	29414581	0	/billing.py
1	0	0	0	1	0	0	29421261	0	0	29421261	0	/dev/phpinfo.php
1	0	0	0	1	0	0	29421260	0	0	29421260	0	/info.php.old
1	0	0	2	4	0	29409114	29406808	0	29409114	29337131	0	/.vscode/sftp.json
1	0	0	0	1	0	0	29414581	0	0	29414581	0	/credentials.json
1	0	0	0	1	0	0	29414581	0	0	29414581	0	/modules/stripe.js
1	0	0	0	2	0	0	29341245	0	0	29341245	0	/.env.sqlite
1	0	0	2	3	0	29409114	29414582	0	29409114	29406808	0	/graphql
1	0	0	0	1	0	0	29414582	0	0	29414582	0	/admin/settings.js
1	0	0	0	1	0	0	29414581	0	0	29414581	0	/assets/js/config.js
1	0	0	0	1	0	0	29421261	0	0	29421261	0	/scripts/info.php.save
1	0	0	0	2	0	0	29414582	0	0	29391363	0	/config/storage.yml
1	0	0	0	1	0	0	29414581	0	0	29414581	0	/config/parameters.yml
1	0	0	0	2	0	0	29421260	0	0	29421260	0	/vendor/.env.save
1	0	0	2	2	0	29409114	29406808	0	29409114	29406808	0	/v3/api-docs
1	0	0	0	1	0	0	29421261	0	0	29421261	0	/www/phpinfo.php
1	0	0	0	1	0	0	29414581	0	0	29414581	0	/package-lock.json
1	0	0	0	1	0	0	29421261	0	0	29421261	0	/scripts/phpinfo.php
1	0	0	0	2	0	0	29341245	0	0	29325286	0	/phpunit/Util/PHP/eval-stdin.php
1	0	0	0	1	0	0	29414581	0	0	29414581	0	/stripe.yml
1	0	0	0	5	0	0	29421260	0	0	29342867	0	/i.php
1	0	0	0	1	0	0	29414582	0	0	29414582	0	/api/payment
1	0	0	0	2	0	0	29421260	0	0	29421260	0	/api/.env.bak
1	0	0	0	2	0	0	29341245	0	0	29325286	0	/protected/vendor/phpunit/phpunit/src/Util/PHP/eval-stdin.php
1	0	0	0	1	0	0	29414581	0	0	29414581	0	/package.json
1	0	0	0	1	0	0	29414581	0	0	29414581	0	/payments.json
1	0	0	0	1	0	0	29414581	0	0	29414581	0	/build/static/js/bundle.js
1	0	0	0	13	0	0	29433677	0	0	29339104	0	/web/wp-includes/wlwmanifest.xml
1	0	0	0	1	0	0	29421261	0	0	29421261	0	/public/info.php.save
1	0	0	0	1	0	0	29414581	0	0	29414581	0	/config/local.js
1	0	0	0	3	0	0	29391359	0	0	29335995	0	/new/.env.staging
1	0	0	0	1	0	0	29414581	0	0	29414581	0	/payment.config.json
1	0	0	0	1	0	0	29414581	0	0	29414581	0	/settings.json
1	0	0	0	6	0	0	29414581	0	0	29341245	0	/.env_sample
1	0	0	0	1	0	0	29414581	0	0	29414581	0	/stripe.log
1	0	0	0	5	0	0	29421260	0	0	29341245	0	/.env.prod
1	0	0	0	1	0	0	29414581	0	0	29414581	0	/config/production.js
1	0	0	0	8	0	0	29421260	0	0	29325286	0	/admin/.env
1	0	0	0	2	0	0	29421260	0	0	29421260	0	/includes/.env
1	0	0	0	2	0	0	29341245	0	0	29325286	0	/v1/.env
1	0	0	0	1	0	0	29414581	0	0	29414581	0	/billing.js
1	0	0	0	9	0	0	29421260	0	0	29341245	0	/.env.backup
1	0	0	0	1	0	0	29414581	0	0	29414581	0	/routes/checkout.js
1	0	0	2	2	0	29409114	29406808	0	29409114	29406808	0	/swagger-ui.html
1	0	0	0	1	0	0	29421261	0	0	29421261	0	/dev/phpinfo.php.save
1	4	4	2	0	29406808	29409114	0	29337131	29409114	0	0	/?rest_route=/wp/v2/users/
1	0	0	0	1	0	0	29421261	0	0	29421261	0	/test/phpinfo.php
1	0	0	2	4	0	29409114	29406808	0	29409114	29337131	0	/_all_dbs
1	0	0	0	1	0	0	29414581	0	0	29414581	0	/backend/config/settings.yml
1	0	0	0	1	0	0	29414581	0	0	29414581	0	/server/.env
1	0	0	0	2	0	0	29414581	0	0	29391363	0	/config.env
1	0	0	0	2	0	0	29341245	0	0	29325286	0	/wp-content/plugins/dzs-videogallery/class_parts/vendor/phpunit/phpunit/src/Util/PHP/eval-stdin.php
1	0	0	0	1	0	0	29414581	0	0	29414581	0	/openapi.json
1	0	0	0	1	0	0	29341245	0	0	29341245	0	/.environment
1	0	0	0	2	0	0	29414581	0	0	29391363	0	/api/config.js
1	0	0	0	1	0	0	29414581	0	0	29414581	0	/yarn.lock
1	0	0	1	74	0	29409150	29448704	0	29409150	29318988	0	/favicon.ico
1	0	0	0	1	0	0	29414582	0	0	29414582	0	/user/controllers/index.js
1	0	0	0	1	0	0	29414581	0	0	29414581	0	/config/stripe.json
1	0	0	0	13	0	0	29433677	0	0	29339104	0	/xmlrpc.php?rsd
1	0	0	0	1	0	0	29341245	0	0	29341245	0	/.env.postgres
1	0	0	0	4	0	0	29352315	0	0	29342867	0	/info
1	0	0	0	1	0	0	29414581	0	0	29414581	0	/config/credentials.json
1	0	0	0	17	0	0	29427778	0	0	29320787	0	/api/.env
1	0	0	0	1	0	0	29421261	0	0	29421261	0	/test.php.swp
1	0	0	0	10	0	0	29427778	0	0	29341245	0	/backend/.env
1	0	0	0	4	0	0	29421260	0	0	29325286	0	/lib/.env
1	0	0	0	1	0	0	29421261	0	0	29421261	0	/test.php.tmp
1	0	0	0	1	0	0	29341245	0	0	29341245	0	/.env.project
1	0	0	0	1	0	0	29421261	0	0	29421261	0	/site/info.php.save
1	0	0	2	2	0	29409114	29406808	0	29409114	29406808	0	/graphql/api
1	0	0	0	2	0	0	29421260	0	0	29421260	0	/includes/.env.old
1	0	0	0	1	0	0	29325286	0	0	29325286	0	/.remote
1	0	0	0	1	0	0	29391363	0	0	29391363	0	/helper/EmailHelper.js
1	0	0	0	1	0	0	29414581	0	0	29414581	0	/secrets.json
1	0	0	0	1	0	0	29414581	0	0	29414581	0	/controllers/stripe.js
1	0	0	0	1	0	0	29341245	0	0	29341245	0	/test/.env
1	0	0	0	5	0	0	29421260	0	0	29342867	0	/php.php
1	0	0	0	1	0	0	29391363	0	0	29391363	0	/my_env/palash.py
1	0	0	0	2	0	0	29414581	0	0	29391363	0	/server/config/database.js
1	0	0	0	1	0	0	29414581	0	0	29414581	0	/payments.config.js
1	0	0	0	1	0	0	29414581	0	0	29414581	0	/public/js/bundle.js
1	0	0	0	1	0	0	29421260	0	0	29421260	0	/info.php.bak
1	0	0	0	8	0	0	29421260	0	0	29341245	0	/.env.dev
1	0	0	0	4	0	0	29414581	0	0	29335997	0	/main/.env
1	0	0	0	1	0	0	29414581	0	0	29414581	0	/services/.env
1	0	0	0	2	0	0	29414582	0	0	29391363	0	/config/settings.prod
1	0	0	0	4	0	0	29421260	0	0	29325286	0	/assets/.env
1	0	0	0	1	0	0	29391363	0	0	29391363	0	/config/aws.yml
1	0	0	0	1	0	0	29414581	0	0	29414581	0	/controllers/checkout.js
1	0	0	0	6	0	0	29445699	0	0	29420369	0	/robots.txt?46.101.1.225
1	0	0	0	1	0	0	29414581	0	0	29414581	0	/api/.env.production
1	0	0	0	1	0	0	29414581	0	0	29414581	0	/config/production.json
1	0	0	0	1	0	0	29414581	0	0	29414581	0	/services/checkout.js
1	0	0	0	1	0	0	29414581	0	0	29414581	0	/config/payments.js
1	0	0	0	1	0	0	29421261	0	0	29421261	0	/includes/info.php
1	0	0	0	2	0	0	29414582	0	0	29414582	0	/admin/config
1	0	0	0	2	0	0	29421260	0	0	29421260	0	/lib/.env.old
1	0	0	0	1	0	0	29414581	0	0	29414581	0	/api/checkout.js
1	0	0	0	2	0	0	29341245	0	0	29325286	0	/dev/vendor/phpunit/phpunit/src/Util/PHP/eval-stdin.php
1	0	0	0	2	0	0	29421260	0	0	29421260	0	/application/.env.save
1	8	8	0	0	29448704	0	0	29411001	0	0	0	/?46.101.1.225
1	0	0	0	1	0	0	29414581	0	0	29414581	0	/payment.py
1	0	0	0	1	0	0	29391363	0	0	29391363	0	/my_env/newsletter.py
1	0	0	0	1	0	0	29414581	0	0	29414581	0	/api-keys.js
1	0	0	0	1	0	0	29414582	0	0	29414582	0	/.htaccess
1	0	0	0	2	0	0	29341245	0	0	29325286	0	/new/vendor/phpunit/phpunit/src/Util/PHP/eval-stdin.php
1	0	0	0	1	0	0	29414581	0	0	29414581	0	/services/payment.js
1	0	0	0	2	0	0	29414581	0	0	29391363	0	/index.js
1	0	0	0	1	0	0	29414581	0	0	29414581	0	/assets/js/bundle.js
1	0	0	0	5	0	0	29421260	0	0	29341245	0	/application/.env
1	0	0	0	1	0	0	29414581	0	0	29414581	0	/api/config/stripe.js
1	0	0	0	1	0	0	29414581	0	0	29414581	0	/backend/.env.local
1	0	0	0	1	0	0	29414581	0	0	29414581	0	/appsettings.Production.json
1	0	0	0	2	0	0	29414581	0	0	29391363	0	/.circleci/configs/development.yml
1	0	0	0	1	0	0	29414581	0	0	29414581	0	/js/payment.js
1	0	0	0	1	0	0	29414581	0	0	29414581	0	/config/stripe.yml
1	0	0	0	1	0	0	29414842	0	0	29414842	0	/wp-login.php
1	0	0	0	1	0	0	29414582	0	0	29414582	0	/vendor/stripe/
1	0	0	0	2	0	0	29421260	0	0	29421260	0	/themes/.env.save
1	0	0	0	1	0	0	29421261	0	0	29421261	0	/php_info.php~
1	0	0	0	1	0	0	29414582	0	0	29414582	0	/payment.log
1	0	0	0	1	0	0	29414581	0	0	29414581	0	/live/.env
1	0	0	0	1	0	0	29414582	0	0	29414582	0	/static/config.json
1	0	0	0	2	0	0	29341245	0	0	29341245	0	/.env.docker
1	0	0	0	5	0	0	29421260	0	0	29342867	0	/phpversion.php
1	0	0	0	2	0	0	29414581	0	0	29391363	0	/apis/config/config.js
1	1	1	0	0	29391363	0	0	29391363	0	0	0	/?phpinfo=1
1	0	0	0	1	0	0	29414581	0	0	29414581	0	/config/live.js
1	0	0	0	1	0	0	29421260	0	0	29421260	0	/phpinfo.php.save
1	0	0	0	1	0	0	29414581	0	0	29414581	0	/backend/.env.production
1	0	0	0	1	0	0	29421260	0	0	29421260	0	/serverinfo.php
1	0	0	0	1	0	0	29414580	0	0	29414580	0	/.env.private
1	0	0	0	1	0	0	29414581	0	0	29414581	0	/config/local.json
1	0	0	0	1	0	0	29421261	0	0	29421261	0	/test/info.php.save
1	0	0	0	3	0	0	29414581	0	0	29335995	0	/new/.env.production
1	0	0	0	2	0	0	29341245	0	0	29325286	0	/cms/vendor/phpunit/phpunit/src/Util/PHP/eval-stdin.php
1	0	0	0	4	0	0	29421260	0	0	29341245	0	/.env.test
1	0	0	0	1	0	0	29414581	0	0	29414581	0	/stripe-secret.js
1	0	0	0	1	0	0	29414581	0	0	29414581	0	/api/.env.local
1	0	0	0	1	0	0	29414581	0	0	29414581	0	/config/billing.js
1	0	0	0	1	0	0	29414582	0	0	29414582	0	/api/stripe/config
1	0	0	0	1	0	0	29414581	0	0	29414581	0	/payment.config.js
1	0	0	0	1	0	0	29414581	0	0	29414581	0	/js/checkout.js
1	0	0	0	1	0	0	29421260	0	0	29421260	0	/check.php
1	0	0	0	2	0	0	29341245	0	0	29325286	0	/wp-content/plugins/mm-plugin/inc/vendors/vendor/phpunit/phpunit/src/Util/PHP/eval-stdin.php
1	0	0	0	1	0	0	29414582	0	0	29414582	0	/out/
1	0	0	0	1	0	0	29421261	0	0	29421261	0	/includes/phpinfo.php.save
1	0	0	0	1	0	0	29421260	0	0	29421260	0	/server.php
1	0	0	0	1	0	0	29414582	0	0	29414582	0	/api/payment/config
1	0	0	0	4	0	0	29421260	0	0	29341245	0	/.env.save
1	0	0	0	1	0	0	29414581	0	0	29414581	0	/server/config/payment.js
1	0	0	0	2	0	0	29414581	0	0	29391363	0	/appsettings.json
1	0	0	0	2	0	0	29414582	0	0	29391363	0	/partner/config/config.js
1	0	0	0	1	0	0	29414581	0	0	29414581	0	/payment.js
1	0	0	0	3	0	0	29414581	0	0	29335993	0	/portal/.env
1	0	0	0	1	0	0	29421260	0	0	29421260	0	/phpinfo.php.old
1	0	0	0	1	0	0	29414581	0	0	29414581	0	/vite.config.js
1	0	0	0	2	0	0	29414581	0	0	29391363	0	/config/constants.js
1	0	0	0	6	0	0	29421260	0	0	29341245	0	/.env.old
1	0	0	0	2	0	0	29414581	0	0	29391363	0	/main.js
1	0	0	0	2	0	0	29341245	0	0	29325286	0	/www/vendor/phpunit/phpunit/src/Util/PHP/eval-stdin.php
1	0	0	0	1	0	0	29414581	0	0	29414581	0	/build/main.js
1	0	0	2	2	0	29409114	29406808	0	29409114	29406808	0	/swagger/v1/swagger.json
1	0	0	0	1	0	0	29414581	0	0	29414581	0	/api/config/config.yml
1	0	0	0	1	0	0	29414582	0	0	29414582	0	/wp-config.php
1	0	0	0	1	0	0	29414582	0	0	29414582	0	/settings/stripe
1	0	0	0	6	0	0	29421260	0	0	29325286	0	/core/.env
1	0	0	0	2	0	0	29341245	0	0	29325286	0	/phpunit/src/Util/PHP/eval-stdin.php
1	0	0	0	2	0	0	29414581	0	0	29391363	0	/application.properties
1	0	0	0	1	0	0	29414581	0	0	29414581	0	/stripe_config.js
1	0	0	0	2	0	0	29341245	0	0	29325286	0	/psnlink/.env
1	0	0	0	1	0	0	29414582	0	0	29414582	0	/checkout/config
1	0	0	0	2	0	0	29421260	0	0	29421260	0	/includes/.env.bak
1	0	0	0	1	0	0	29391363	0	0	29391363	0	/my_env/chakaash.py
1	0	0	2	6	0	29409114	29414581	0	29409114	29337131	0	/config.json
1	0	0	2	4	0	29409114	29406808	0	29409114	29337131	0	/about
1	0	0	0	1	0	0	29414581	0	0	29414581	0	/stripe-keys.js
1	0	0	0	2	0	0	29341245	0	0	29341245	0	/.env.bkp
1	0	0	2	18	0	29409114	29427778	0	29409114	29320787	0	/info.php
1	0	0	0	1	0	0	29421261	0	0	29421261	0	/web/phpinfo.php
1	5	0	0	0	29406807	0	0	29406807	0	0	435	/.well-known/acme-challenge/0hI8N5gVGBFwSHdVGxStZ7mXgkkQQ5ngn5oVCdybkPo
1	0	0	0	1	0	0	29414581	0	0	29414581	0	/js/config.js
1	0	0	0	2	0	0	29421260	0	0	29421260	0	/modules/.env.save
1	0	0	0	2	0	0	29341245	0	0	29325286	0	/en/.env
1	0	0	0	5	0	0	29414581	0	0	29335997	0	/api/shared/config/config.env
1	0	0	0	4	0	0	29421260	0	0	29341245	0	/.env.staging
1	0	0	0	2	0	0	29421260	0	0	29421260	0	/storage/.env.old
1	0	0	0	1	0	0	29391363	0	0	29391363	0	/server-info
1	0	0	0	1	0	0	29414581	0	0	29414581	0	/middleware/stripe.js
1	0	0	0	1	0	0	29341245	0	0	29341245	0	/laravel/.env.local
1	0	0	0	1	0	0	29421261	0	0	29421261	0	/cgi-bin/phpinfo.php
1	0	0	2	4	0	29409114	29406808	0	29409114	29337131	0	/ecp/Current/exporttool/microsoft.exchange.ediscovery.exporttool.application
1	5	0	0	0	29318987	0	0	29318987	0	0	435	/.well-known/acme-challenge/dHcuD66qNH8vssmZOPW7I1WBXTZJio4R1MZ8eqtxoU8
1	0	0	0	1	0	0	29414581	0	0	29414581	0	/routes/payment.js
1	0	0	0	2	0	0	29421260	0	0	29421260	0	/lib/.env.bak
1	0	0	0	2	0	0	29421260	0	0	29421260	0	/.env.dist
1	0	0	0	1	0	0	29414581	0	0	29414581	0	/composer.json
1	0	0	0	1	0	0	29414581	0	0	29414581	0	/composer.lock
1	0	0	0	1	0	0	29414581	0	0	29414581	0	/logs/app.log
1	0	0	0	1	0	0	29414581	0	0	29414581	0	/public/js/stripe.js
1	0	0	0	1	0	0	29414581	0	0	29414581	0	/dist/bundle.js
1	0	0	2	4	0	29409114	29406808	0	29409114	29337131	0	/server
1	0	0	0	1	0	0	29421261	0	0	29421261	0	/test.php~
1	0	0	0	1	0	0	29391363	0	0	29391363	0	/server-info.php
1	0	0	0	1	0	0	29341245	0	0	29341245	0	/web/.env.example
1	0	0	0	1	0	0	29391363	0	0	29391363	0	/configs/s3_config.json
1	0	0	0	1	0	0	29421261	0	0	29421261	0	/test/phpinfo.php.save
1	0	0	0	2	0	0	29414581	0	0	29391363	0	/api/shared/.env
1	0	0	0	1	0	0	29414581	0	0	29414581	0	/stripe-config.js
1	0	0	0	1	0	0	29414581	0	0	29414581	0	/.stripe
1	0	0	0	2	0	0	29341245	0	0	29325286	0	/api/vendor/phpunit/phpunit/src/Util/PHP/eval-stdin.php
1	0	0	0	14	0	0	29427778	0	0	29320787	0	/phpinfo
1	0	0	0	1	0	0	29421261	0	0	29421261	0	/cgi-bin/info.php.save
1	0	0	0	2	0	0	29421260	0	0	29421260	0	/admin/.env.old
1	0	0	0	1	0	0	29421260	0	0	29421260	0	/php_version.php
1	0	0	0	1	0	0	29414581	0	0	29414581	0	/assets/js/stripe.js
1	0	0	0	1	0	0	29414581	0	0	29414581	0	/config/payments.json
1	0	0	0	1	0	0	29414581	0	0	29414581	0	/public/js/app.js
1	0	0	0	1	0	0	29414581	0	0	29414581	0	/server/config/stripe.js
1	1	0	0	0	29318987	0	0	29318987	0	0	64	/.well-known/acme-challenge/UOJFPEN0AQLRU6ZNUHWW39LUTT7UITX8
1	0	0	0	2	0	0	29421260	0	0	29421260	0	/includes/.env.save
1	0	0	0	5	0	0	29427778	0	0	29391363	0	/settings.py
1	0	0	0	1	0	0	29421261	0	0	29421261	0	/cgi-bin/phpinfo.php.save
1	0	0	0	2	0	0	29414581	0	0	29391363	0	/config/settings.json
1	0	0	0	1	0	0	29414582	0	0	29414582	0	/test.js
1	0	0	0	1	0	0	29414581	0	0	29414581	0	/Jenkinsfile
1	0	0	0	1	0	0	29391363	0	0	29391363	0	/dashboard/phpinfo.php
1	0	0	0	1	0	0	29414582	0	0	29414582	0	/admin/stripe
1	0	0	0	2	0	0	29341245	0	0	29325286	0	/phpunit/phpunit/Util/PHP/eval-stdin.php
1	0	0	0	2	0	0	29391360	0	0	29335996	0	/env.backup
1	0	0	0	13	0	0	29433677	0	0	29339104	0	/cms/wp-includes/wlwmanifest.xml
1	0	0	0	1	0	0	29421261	0	0	29421261	0	/admin/info.php
1	0	0	0	1	0	0	29414582	0	0	29414582	0	/admin/settings
1	0	0	0	1	0	0	29421261	0	0	29421261	0	/includes/phpinfo.php
1	0	0	0	1	0	0	29391363	0	0	29391363	0	/getcpuutil.php-bakworking
1	0	0	0	2	0	0	29414582	0	0	29391363	0	/config/settings.local
1	0	0	0	1	0	0	29341245	0	0	29341245	0	/public/.env.example
1	0	0	0	1	0	0	29414581	0	0	29414581	0	/lambda/.env
1	0	0	0	1	0	0	29421260	0	0	29421260	0	/phpinfo.php.bak
1	0	0	0	2	0	0	29341245	0	0	29341245	0	/.env_old
1	0	0	0	9	0	0	29421260	0	0	29335997	0	/.env.bak
1	0	0	0	2	0	0	29414581	0	0	29391359	0	/new/.env
1	0	0	0	1	0	0	29414582	0	0	29414582	0	/build/
1	0	0	0	66	0	0	29449661	0	0	29321123	0	/robots.txt
1	0	0	0	3	0	0	29421260	0	0	29341245	0	/.env.sample
1	0	0	0	1	0	0	29414581	0	0	29414581	0	/frontend/.env
1	0	0	0	1	0	0	29414581	0	0	29414581	0	/config/payment.js
1	0	0	0	3	0	0	29414581	0	0	29335996	0	/nginx/.env
1	0	0	0	3	0	0	29427778	0	0	29423112	0	/laravel.log
1	0	0	0	1	0	0	29414582	0	0	29414582	0	/api/billing/config
1	0	0	0	2	0	0	29391360	0	0	29335995	0	/aws-secret.yaml
1	0	0	0	1	0	0	29421260	0	0	29421260	0	/php_info.php.old
1	0	0	0	7	0	0	29421260	0	0	29325286	0	/public/.env
1	0	0	0	1	0	0	29421261	0	0	29421261	0	/web/phpinfo.php.save
1	0	0	0	2	0	0	29341245	0	0	29325286	0	/vendor/phpunit/phpunit/src/Util/PHP/eval-stdin.php
1	0	0	0	1	0	0	29414581	0	0	29414581	0	/controllers/billing.js
1	0	0	0	1	0	0	29421260	0	0	29421260	0	/info.php.save
1	0	0	2	2	0	29409114	29406808	0	29409114	29406808	0	/v2/api-docs
1	0	0	0	1	0	0	29414582	0	0	29414582	0	/public/stripe.json
1	0	0	2	2	0	29409114	29406808	0	29409114	29406808	0	/api/gql
1	0	0	0	2	0	0	29341245	0	0	29325286	0	/exapi/.env
1	0	0	0	1	0	0	29414581	0	0	29414581	0	/stripe/.env
1	0	0	0	1	0	0	29421260	0	0	29421260	0	/info2.php
1	0	0	0	2	0	0	29421260	0	0	29421260	0	/app/.env.save
1	0	0	0	2	0	0	29341245	0	0	29325286	0	/sitemaps/.env
1	0	0	0	1	0	0	29391363	0	0	29391363	0	/secured/phpinfo.php
1	0	0	0	6	0	0	29427778	0	0	29423112	0	/logs/debug.log
1	0	0	0	1	0	0	29421261	0	0	29421261	0	/public/phpinfo.php
1	0	0	0	1	0	0	29341245	0	0	29341245	0	/.env.zip
1	0	0	0	1	0	0	29414581	0	0	29414581	0	/lib/stripe.js
1	0	0	1	0	0	29409160	0	0	29409160	0	0	/cgi-sys/
1	0	0	0	1	0	0	29421261	0	0	29421261	0	/www/phpinfo.php.save
1	0	0	0	1	0	0	29414581	0	0	29414581	0	/config/payment.json
1	0	0	0	1	0	0	29414581	0	0	29414581	0	/api/stripe.js
1	0	0	0	3	0	0	29427778	0	0	29423112	0	/symfony/_profiler/phpinfo
1	0	0	0	13	0	0	29433677	0	0	29339104	0	/sito/wp-includes/wlwmanifest.xml
1	0	0	2	4	0	29409114	29414581	0	29409114	29391363	0	/swagger.json
1	0	0	0	2	0	0	29330805	0	0	29328413	0	/robots.txt?34.136.227.129
1	0	0	0	1	0	0	29341245	0	0	29341245	0	/api/v2/.env
1	0	0	2	2	0	29409114	29406808	0	29409114	29406808	0	/api-docs/swagger.json
1	0	0	0	1	0	0	29414581	0	0	29414581	0	/settings.js
1	0	0	0	1	0	0	29414581	0	0	29414581	0	/jenkins.yml
1	0	0	0	1	0	0	29414581	0	0	29414581	0	/billing.json
1	0	0	0	1	0	0	29414581	0	0	29414581	0	/stripe-keys.json
1	0	0	0	1	0	0	29414581	0	0	29414581	0	/secrets.py
1	0	0	2	4	0	29409114	29406808	0	29409114	29337131	0	/s/1333e26373e2231313e24373/_/
1	0	0	0	2	0	0	29421260	0	0	29421260	0	/storage/.env.bak
1	0	0	0	1	0	0	29414581	0	0	29414581	0	/checkout.json
1	0	0	0	1	0	0	29414581	0	0	29414581	0	/static/js/runtime-main.js
1	0	0	0	1	0	0	29414581	0	0	29414581	0	/js/bundle.js
1	0	0	0	1	0	0	29341245	0	0	29341245	0	/.env.remote
1	0	0	0	1	0	0	29414581	0	0	29414581	0	/static/js/2.chunk.js
1	0	0	0	1	0	0	29421260	0	0	29421260	0	/php_info.php.save
1	0	0	0	1	0	0	29421261	0	0	29421261	0	/site/phpinfo.php
1	0	0	0	1	0	0	29414582	0	0	29414582	0	/api/checkout/config
1	0	0	0	1	0	0	29414581	0	0	29414581	0	/config/config.json
1	0	0	0	13	0	0	29433677	0	0	29339104	0	/wordpress/wp-includes/wlwmanifest.xml
1	0	0	0	2	0	0	29391360	0	0	29335996	0	/lara/info.php
1	0	0	0	2	0	0	29414581	0	0	29391363	0	/.env.stage
1	0	0	0	3	0	0	29427778	0	0	29423112	0	/wp-content/debug.log
1	0	0	0	1	0	0	29414581	0	0	29414581	0	/keys.py
1	0	0	0	1	0	0	29414581	0	0	29414581	0	/docker-compose.yml
1	0	0	0	1	0	0	29414582	0	0	29414582	0	/api/stripe/keys
1	0	0	0	5	0	0	29414582	0	0	29321802	0	/sitemap.xml
1	0	0	0	1	0	0	29414581	0	0	29414581	0	/.dockerignore
1	0	0	0	2	0	0	29421260	0	0	29421260	0	/public/.env.old
1	0	0	0	2	0	0	29341245	0	0	29325286	0	/v2/.env
1	1	0	0	0	29406798	0	0	29406798	0	0	64	/.well-known/acme-challenge/QZWM1B5AEBL4_L6TZZP_EU0XT24SATR7
1	3	0	0	0	29409158	0	0	29408999	0	0	22914	/cgi-sys/suspendedpage.cgi
1	0	0	0	1	0	0	29414582	0	0	29414582	0	/.next/static/
1	0	0	0	1	0	0	29414581	0	0	29414581	0	/backend/config.js
1	0	0	0	1	0	0	29414581	0	0	29414581	0	/payment/.env
1	0	0	0	1	0	0	29414581	0	0	29414581	0	/build/js/main.js
1	0	0	0	2	0	0	29421260	0	0	29421260	0	/admin/.env.bak
1	0	0	0	1	0	0	29414581	0	0	29414581	0	/stripe-secret.json
1	0	0	0	2	0	0	29414581	0	0	29391363	0	/public/js/main.js
1	0	0	2	3	0	29409114	29414581	0	29409114	29406808	0	/api/swagger.json
1	0	0	0	1	0	0	29421260	0	0	29421260	0	/php_info.php
1	0	0	0	1	0	0	29421261	0	0	29421261	0	/public/info.php
1	0	0	0	2	0	0	29414582	0	0	29391363	0	/wp-config.php.bak
1	0	0	0	1	0	0	29414581	0	0	29414581	0	/config/private.js
1	0	0	0	2	0	0	29414581	0	0	29391363	0	/helper.js
1	0	0	0	2	0	0	29414581	0	0	29391363	0	/app/config/parameters.yml
1	0	0	0	1	0	0	29414581	0	0	29414581	0	/src/config.js
1	0	0	0	2	0	0	29421260	0	0	29421260	0	/application/.env.old
1	0	0	0	1	0	0	29414581	0	0	29414581	0	/secrets.js
1	0	0	0	4	0	0	29421260	0	0	29325286	0	/vendor/.env
1	0	0	0	2	0	0	29341245	0	0	29325286	0	/database/.env
1	0	0	0	1	0	0	29421261	0	0	29421261	0	/scripts/info.php
1	0	0	0	1	0	0	29414581	0	0	29414581	0	/server/config.js
1	0	0	0	1	0	0	29341245	0	0	29341245	0	/.env.angular
1	0	0	0	6	0	0	29421260	0	0	29325286	0	/app/.env
1	0	0	0	1	0	0	29414581	0	0	29414581	0	/next.config.js
1	0	0	0	2	0	0	29421260	0	0	29421260	0	/modules/.env.old
1	0	0	0	1	0	0	29341245	0	0	29341245	0	/.database.env
1	0	0	0	1	0	0	29414582	0	0	29414582	0	/var/log/app.log
1	0	0	0	1	0	0	29414582	0	0	29414582	0	/config.bak
1	0	0	0	1	0	0	29391363	0	0	29391363	0	/cloud/Scraper.js
1	0	0	0	4	0	0	29391360	0	0	29335995	0	/_phpinfo.php
1	0	0	0	6	0	0	29414581	0	0	29325286	0	/site/.env
1	0	0	0	1	0	0	29414581	0	0	29414581	0	/logs/stripe.log
1	0	0	0	1	0	0	29414581	0	0	29414581	0	/keys.js
1	0	0	0	2	0	0	29391360	0	0	29335996	0	/xampp/phpinfo.php
1	0	0	0	2	0	0	29391360	0	0	29335996	0	/mail/.env
1	0	0	0	2	0	0	29341245	0	0	29325286	0	/uploads/.env
1	0	0	2	2	0	29409114	29406808	0	29409114	29406808	0	/swagger/swagger-ui.html
1	0	0	0	1	0	0	29421260	0	0	29421260	0	/php_info.php.bak
1	0	0	0	1	0	0	29421261	0	0	29421261	0	/php_info.php.backup
1	0	0	2	2	0	29409114	29406808	0	29409114	29406808	0	/api
1	0	0	0	1	0	0	29341245	0	0	29341245	0	/.env.www
1	0	0	0	1	0	0	29414582	0	0	29414582	0	/admin/config.js
1	0	0	0	1	0	0	29414582	0	0	29414582	0	/src/utils/stripe.js
1	0	0	0	1	0	0	29421261	0	0	29421261	0	/web/info.php
1	0	0	0	21	0	0	29408166	0	0	29340599	0	/robots.txt?45.148.10.160
1	0	0	0	6	0	0	29447016	0	0	29424471	0	/robots.txt?87.236.176.51
1	0	0	0	2	0	0	29421260	0	0	29421260	0	/plugins/.env.save
1	0	0	0	2	0	0	29414581	0	0	29391363	0	/local/.env
1	0	0	0	1	0	0	29414581	0	0	29414581	0	/config/secrets.json
1	1	0	0	0	29406798	0	0	29406798	0	0	64	/.well-known/acme-challenge/YIEARLZIZ62XB4O_N8RRTP40I5-0MC1A?45.148.10.160
1	0	0	0	1	0	0	29414581	0	0	29414581	0	/config/config.js
1	0	0	0	3	0	0	29421260	0	0	29414581	0	/src/.env
1	0	0	0	1	0	0	29419058	0	0	29419058	0	/robots.txt?34.38.4.196
1	0	0	0	1	0	0	29421261	0	0	29421261	0	/public/phpinfo.php.save
1	0	0	0	4	0	0	29414581	0	0	29325286	0	/web/.env
1	0	0	0	4	0	0	29389279	0	0	29339104	0	/media/wp-includes/wlwmanifest.xml
1	5	0	0	0	29318987	0	0	29318987	0	0	435	/.well-known/acme-challenge/-i36jRll74vVmTyryoaj9Nx4hhMuahxZhwAgkRSmj2g
1	0	0	0	1	0	0	29414582	0	0	29414582	0	/app/api/payment/route.js
1	0	0	0	1	0	0	29414581	0	0	29414581	0	/controllers/payment.js
1	0	0	0	1	0	0	29414581	0	0	29414581	0	/utils/stripe.js
1	0	0	0	1	0	0	29421260	0	0	29421260	0	/pi.php
1	0	0	0	5	0	0	29414581	0	0	29335995	0	/conf/.env
1	0	0	0	13	0	0	29433677	0	0	29339104	0	/website/wp-includes/wlwmanifest.xml
1	0	0	0	1	0	0	29421261	0	0	29421261	0	/dev/info.php
1	0	0	0	1	0	0	29414581	0	0	29414581	0	/application.yaml
1	0	0	0	2	0	0	29414581	0	0	29391363	0	/static/js/main.141b0494.js
1	0	0	0	1	0	0	29414581	0	0	29414581	0	/error.log
1	0	0	0	1	0	0	29414582	0	0	29414582	0	/config.backup
1	0	0	0	3	0	0	29427778	0	0	29423112	0	/index.php/phpinfo
1	0	0	0	2	0	0	29421260	0	0	29421260	0	/public/.env.bak
1	0	0	0	3	0	0	29414581	0	0	29335996	0	/.vscode/.env
1	0	0	0	2	0	0	29421260	0	0	29421260	0	/system/.env.old
1	0	0	0	1	0	0	29414581	0	0	29414581	0	/config.yml
1	0	0	0	2	0	0	29341245	0	0	29325286	0	/lib/phpunit/Util/PHP/eval-stdin.php
1	0	0	0	1	0	0	29421261	0	0	29421261	0	/includes/info.php.save
1	0	0	0	1	0	0	29414581	0	0	29414581	0	/payment-config.js
1	0	0	0	1	0	0	29414581	0	0	29414581	0	/helpers/payment.js
1	0	0	0	1	0	0	29414581	0	0	29414581	0	/dist/main.js
1	0	0	0	1	0	0	29421260	0	0	29421260	0	/test.php.old
1	0	0	0	1	0	0	29414581	0	0	29414581	0	/config/settings.js
1	0	0	0	1	0	0	29341245	0	0	29341245	0	/.env.copy
1	0	0	0	1	0	0	29414581	0	0	29414581	0	/docs/swagger.json
1	0	0	0	1	0	0	29414581	0	0	29414581	0	/js/stripe.js
1	0	0	0	1	0	0	29414581	0	0	29414581	0	/checkout.py
1	0	0	0	1	0	0	29391363	0	0	29391363	0	/karma.conf.json
1	0	0	0	2	0	0	29391360	0	0	29335996	0	/laravel/info.php
1	0	0	0	2	0	0	29421260	0	0	29421260	0	/assets/.env.save
1	0	0	0	2	0	0	29391360	0	0	29335997	0	/kyc/.env
1	0	0	0	1	0	0	29414581	0	0	29414581	0	/routes/stripe.js
1	0	0	0	1	0	0	29414582	0	0	29414582	0	/web.config
1	0	0	0	1	0	0	29421261	0	0	29421261	0	/test/info.php
1	0	0	0	1	0	0	29414581	0	0	29414581	0	/dist/app.js
1	0	0	2	2	0	29409114	29406808	0	29409114	29406808	0	/swagger/
1	0	0	0	1	0	0	29414582	0	0	29414582	0	/admin/keys
1	0	0	0	2	0	0	29341245	0	0	29325286	0	/laravel/vendor/phpunit/phpunit/src/Util/PHP/eval-stdin.php
1	0	0	0	1	0	0	29421261	0	0	29421261	0	/info.php~
1	0	0	0	4	0	0	29427778	0	0	29391363	0	/.aws/credentials
1	0	0	0	2	0	0	29421260	0	0	29421260	0	/application/.env.bak
1	1	1	0	0	29333536	0	0	29333536	0	0	0	/?34.136.227.129
1	0	0	2	17	0	29409114	29427778	0	29409114	29320787	0	/.git/config
1	0	0	0	1	0	0	29414581	0	0	29414581	0	/azure-pipelines.yml
1	0	0	0	3	0	0	29414580	0	0	29341245	0	/.env.live
1	0	0	0	1	0	0	29414581	0	0	29414581	0	/appsettings.Development.json
1	0	0	0	2	0	0	29421260	0	0	29421260	0	/modules/.env.bak
1	0	0	0	5	0	0	29414581	0	0	29335994	0	/new/.env.local
1	0	0	0	1	0	0	29414581	0	0	29414581	0	/config/secrets.js
1	0	0	0	1	0	0	29414581	0	0	29414581	0	/modules/payment.js
1	0	0	0	1	0	0	29341245	0	0	29341245	0	/.svn/text-base/.env
1	0	0	0	13	0	0	29433677	0	0	29339104	0	/blog/wp-includes/wlwmanifest.xml
1	0	0	0	2	0	0	29341245	0	0	29325286	0	/vendor/phpunit/Util/PHP/eval-stdin.php
1	0	0	0	1	0	0	29414582	0	0	29414582	0	/src/services/stripe.js
1	0	0	0	1	0	0	29414581	0	0	29414581	0	/config/keys.json
1	0	0	0	1	0	0	29323593	0	0	29323593	0	/robots.txt?52.91.86.224
1	0	0	0	1	0	0	29340633	0	0	29340633	0	/security.txt
1	0	0	0	1	0	0	29414582	0	0	29414582	0	/api/keys
1	0	0	0	1	0	0	29414581	0	0	29414581	0	/checkout.config.js
1	0	0	0	1	0	0	29414581	0	0	29414581	0	/api/billing.js
1	0	0	0	1	0	0	29421261	0	0	29421261	0	/test.php.orig
1	0	0	0	1	0	0	29421261	0	0	29421261	0	/dev/info.php.save
1	0	0	0	1	0	0	29414581	0	0	29414581	0	/application.yml
1	0	0	0	2	0	0	29414581	0	0	29391363	0	/server.js
1	0	0	0	1	0	0	29414581	0	0	29414581	0	/billing.config.js
1	0	0	0	1	0	0	29421260	0	0	29421260	0	/phptest.php
1	0	0	0	2	0	0	29341245	0	0	29325286	0	/lib/phpunit/phpunit/src/Util/PHP/eval-stdin.php
1	0	0	0	1	0	0	29414581	0	0	29414581	0	/api/config/config.json
1	0	0	0	2	0	0	29414581	0	0	29391363	0	/api/shared/config/.env
1	0	0	0	1	0	0	29421261	0	0	29421261	0	/info.php.swp
1	0	0	2	4	0	29409114	29406808	0	29409114	29337131	0	/v2/_catalog
1	0	0	0	12	0	0	29427778	0	0	29341245	0	/.env.example
1	0	0	0	1	0	0	29414581	0	0	29414581	0	/checkout.js
1	3	3	0	0	29324745	0	0	29320321	0	0	0	/?52.91.86.224
1	0	0	0	2	0	0	29414581	0	0	29391363	0	/api/config.env
1	0	0	0	1	0	0	29421261	0	0	29421261	0	/site/info.php
1	0	0	0	1	0	0	29391363	0	0	29391363	0	/mytest/astech_robot.js
1	0	0	0	1	0	0	29414581	0	0	29414581	0	/config/env/.env
1	0	0	0	1	0	0	29391363	0	0	29391363	0	/api/objects/codes.php.save
1	0	0	0	1	0	0	29414581	0	0	29414581	0	/.gitlab-ci.yml
1	0	0	0	1	0	0	29414581	0	0	29414581	0	/build/static/js/main.js
1	0	0	0	2	0	0	29421260	0	0	29421260	0	/lib/.env.save
1	0	0	0	4	0	0	29427778	0	0	29421261	0	/admin/phpinfo.php
1	0	0	0	1	0	0	29414582	0	0	29414582	0	/app/api/stripe/route.js
1	0	0	0	1	0	0	29414581	0	0	29414581	0	/credentials.js
1	0	0	0	1	0	0	29421261	0	0	29421261	0	/info.php.tmp
1	0	0	0	3	0	0	29391360	0	0	29325286	0	/cron/.env
1	0	0	0	2	0	0	29332034	0	0	29327224	0	/robots.txt?34.26.117.224
1	0	0	0	2	0	0	29421260	0	0	29421260	0	/storage/.env.save
1	0	0	0	1	0	0	29414582	0	0	29414582	0	/api/config
1	0	0	0	2	0	0	29421260	0	0	29421260	0	/api/.env.save
1	0	0	0	1	0	0	29338445	0	0	29338445	0	/.well-known/security.txt
1	0	0	0	3	0	0	29354029	0	0	29354029	0	/app/
1	24	24	0	1	29401248	0	29376821	29335404	0	29376821	0	/?45.148.10.160
1	3	3	0	0	29441569	0	0	29433145	0	0	0	/?87.236.176.51
1	0	0	0	1	0	0	29414581	0	0	29414581	0	/backend/config/stripe.js
1	0	0	0	1	0	0	29421260	0	0	29421260	0	/debug.php
1	0	0	0	1	0	0	29421260	0	0	29421260	0	/diagnostic.php
1	0	0	0	4	0	0	29427778	0	0	29391363	0	/app_dev.php/_profiler/phpinfo
1	0	0	0	1	0	0	29414581	0	0	29414581	0	/settings.yml
1	0	0	0	1	0	0	29391363	0	0	29391363	0	/server_info.php
1	0	0	0	1	0	0	29375339	0	0	29375339	0	/.env?45.148.10.160
1	0	0	0	3	0	0	29414581	0	0	29335996	0	/docker/app/.env
1	0	0	0	1	0	0	29414581	0	0	29414581	0	/src/keys.js
1	0	0	0	2	0	0	29414581	0	0	29391363	0	/admin/controllers/merchant.js
1	0	0	0	2	0	0	29414581	0	0	29391363	0	/static/js/main.e85f7a37.js
1	0	0	0	1	0	0	29414581	0	0	29414581	0	/stripe.config.json
1	0	0	0	1	0	0	29414582	0	0	29414582	0	/.next/server/pages/api/
1	0	0	0	2	0	0	29391360	0	0	29335995	0	/awstats/.env
1	0	0	2	4	0	29409114	29406808	0	29409114	29337131	0	/login.action
1	0	0	0	4	0	0	29391363	0	0	29335997	0	/api/shared/config.env
1	0	0	0	2	0	0	29421260	0	0	29421260	0	/src/.env.old
1	0	0	0	1	0	0	29421261	0	0	29421261	0	/www/info.php.save
1	0	0	0	13	0	0	29433677	0	0	29339104	0	/test/wp-includes/wlwmanifest.xml
1	0	0	0	2	0	0	29421260	0	0	29421260	0	/system/.env.bak
1	0	0	0	1	0	0	29414581	0	0	29414581	0	/.stripe.json
1	0	0	0	1	0	0	29414581	0	0	29414581	0	/services/stripe.js
1	0	0	0	1	0	0	29414581	0	0	29414581	0	/config.py
1	0	0	0	1	0	0	29414581	0	0	29414581	0	/config/keys.js
1	0	0	0	1	0	0	29421261	0	0	29421261	0	/web/info.php.save
1	0	0	0	1	0	0	29341245	0	0	29341245	0	/api/.env.example
1	0	0	0	1	0	0	29421260	0	0	29421260	0	/test.php.bak
1	0	0	0	1	0	0	29341245	0	0	29341245	0	/.remote.env
1	0	0	0	2	0	0	29414581	0	0	29391363	0	/development/.env
1	0	0	0	2	0	0	29421260	0	0	29421260	0	/vendor/.env.old
1	204	204	7	2	29448792	29409143	29449582	29318988	29408999	29433936	3115	/
1	0	0	0	1	0	0	29414581	0	0	29414581	0	/assets/js/main.js
1	0	0	0	2	0	0	29414581	0	0	29410863	0	/.git/HEAD
1	0	0	0	1	0	0	29414581	0	0	29414581	0	/config/config.yml
1	0	0	0	4	0	0	29414581	0	0	29325286	0	/apps/.env
1	0	0	0	1	0	0	29414581	0	0	29414581	0	/stripe-config.json
1	0	0	0	1	0	0	29414582	0	0	29414582	0	/public/config.json
1	0	0	0	13	0	0	29421260	0	0	29320787	0	/config/.env
1	0	0	0	2	0	0	29341245	0	0	29325286	0	/wp-content/plugins/jekyll-exporter/vendor/phpunit/phpunit/src/Util/PHP/eval-stdin.php
1	0	0	0	1	0	0	29414582	0	0	29414582	0	/.well-known/payment
1	0	0	0	2	0	0	29421260	0	0	29421260	0	/themes/.env.old
1	0	0	0	1	0	0	29414582	0	0	29414582	0	/assets/config.json
1	0	0	0	2	0	0	29341245	0	0	29341245	0	/.env.testing
1	0	0	0	2	0	0	29414581	0	0	29391363	0	/controller/api/post.js
1	0	0	0	4	0	0	29389279	0	0	29339104	0	/2018/wp-includes/wlwmanifest.xml
1	0	0	0	3	0	0	29414581	0	0	29335997	0	/prod/.env
1	0	0	0	1	0	0	29414581	0	0	29414581	0	/helpers/utility.js
1	0	0	0	1	0	0	29414581	0	0	29414581	0	/js/app.js
1	0	0	0	1	0	0	29414581	0	0	29414581	0	/lib/payment.js
1	0	0	0	1	0	0	29421261	0	0	29421261	0	/www/info.php
1	0	0	0	1	0	0	29414581	0	0	29414581	0	/helpers/stripe.js
1	0	0	0	2	0	0	29421260	0	0	29421260	0	/app/.env.old
1	2	2	0	0	29412517	0	0	29409660	0	0	0	/?54.255.179.178
1	0	0	0	2	0	0	29341245	0	0	29325286	0	/cronlab/.env
1	0	0	0	2	0	0	29414581	0	0	29391359	0	/dev/.env
1	0	0	0	1	0	0	29414581	0	0	29414581	0	/webpack.config.js
3	7	7	0	461	29421261	0	29421261	29325286	0	29325286	0	https://www.google.com/
3	0	0	0	14	0	0	29442442	0	0	29321648	0	http://mc-mods.magentaweb.org/
3	1	0	0	14	29408999	0	29443664	29408999	0	29321989	7638	http://www.mc-mods.magentaweb.org/
4	0	0	0	8	0	0	29339227	0	0	29339227	0	python-requests/2.32.5
4	2	2	0	0	29320774	0	0	29320474	0	0	0	Mozilla/5.0 (Windows NT 10.0; Win64; x64) AppleWebKit/537.36 (KHTML, like Gecko) Chrome/58.0.3029.110 Safari/537.3
4	0	0	0	2	0	0	29382608	0	0	29382608	0	python-requests/2.32.3
4	1	1	0	0	29318990	0	0	29318990	0	0	623	Mozilla/5.0 (Windows NT 10.0; Win64; x64) AppleWebKit/537.36 (KHTML, like Gecko) Chrome/103.0.5060.66 Safari/537.36 Edg/103.0.1264.44
4	1	1	0	0	29321021	0	0	29321021	0	0	0	Mozilla/5.0 (Macintosh; Intel Mac OS X 10_15_7) AppleWebKit/537.36 (KHTML, like Gecko) Chrome/121.0.0.0 Safari/537.36
4	3	3	0	0	29432140	0	0	29412517	0	0	0	cypex.ai/scanning Mozilla/5.0 (Macintosh; Intel Mac OS X 10_15_7) Chrome/126.0.0.0 Safari/537.36
4	0	0	0	1	0	0	29348295	0	0	29348295	0	Mozilla/5.0 (Windows NT 10.0; Win64; x64) AppleWebKit/537.36 (KHTML, like Gecko) Chrome/67.0.3396.79 Safari/537.36
4	1	1	0	0	29318990	0	0	29318990	0	0	623	Mozilla/5.0 (iPhone; CPU iPhone OS 12_2 like Mac OS X) AppleWebKit/605.1.15 (KHTML, like Gecko) Mobile/15E148
4	5	5	0	0	29319069	0	0	29319059	0	0	0	Mozilla/5.0 (Linux; Android 8.0.0; SM-G965U Build/R16NW) AppleWebKit/537.36 (KHTML, like Gecko) Chrome/63.0.3239.111 Mobile Safari/537.36
4	1	1	0	0	29422901	0	0	29422901	0	0	0	Mozilla/5.0 (Macintosh; Intel Mac OS X 10_10) AppleWebKit/537.16 (KHTML, like Gecko) Version/8.0 Safari/537.16
4	1	1	0	0	29321021	0	0	29321021	0	0	0	Mozilla/5.0 (Macintosh; Intel Mac OS X 10_15_7) AppleWebKit/605.1.15 (KHTML, like Gecko) Version/17.1 Safari/605.1.15
4	1	1	0	0	29319911	0	0	29319911	0	0	0	Mozilla/5.0 (Windows NT 10.0; Win64; x64) AppleWebKit/537.36 (KHTML, like Gecko) Chrome/58.0.3029.110 Safari/537.36
4	25	25	0	35	29448704	0	29448704	29319032	0	29319032	0	Mozilla/5.0 (compatible; CensysInspect/1.1; +https://about.censys.io/)
4	1	1	0	0	29336980	0	0	29336980	0	0	0	Mozilla/5.0 (Windows NT 10.0; Win64; x64) AppleWebKit/537.36 (KHTML, like Gecko) Chrome/107.0.0.0 Safari/537.36
4	2	2	0	45	29337131	0	29396528	29337131	0	29321802	0	Go-http-client/1.1
4	1	1	0	0	29319041	0	0	29319041	0	0	0	Mozilla/5.0 (Windows NT 6.1; WOW64) AppleWebKit/537.36 (KHTML, like Gecko) Chrome/36.0.1985.67 Safari/537.36
4	0	0	0	4	0	0	29438683	0	0	29388317	0	Mozilla/5.0 (Macintosh; Intel Mac OS X 10_15_7) AppleWebKit/537.36 (KHTML, like Gecko) Chrome/131.0.0.0 Safari/537.36; compatible; OAI-SearchBot/1.3; robots.txt; +https://openai.com/searchbot
4	2	2	0	0	29382608	0	0	29382608	0	0	0	Mozilla/5.0 (Windows NT 10.0; Win64; x64) AppleWebKit/537.36 (KHTML, like Gecko) Chrome/91.0.4472.124 Safari/537.36
4	0	0	0	1	0	0	29449582	0	0	29449582	0	Mozilla/5.0 (iPhone; CPU iPhone OS 17_1_2 like Mac OS X) AppleWebKit/605.1.15 (KHTML, like Gecko) Version/17.1.2 Mobile/15E148 Safari/604
4	1	1	0	0	29439302	0	0	29439302	0	0	0	Mozilla/5.0 (Windows NT 10.0; Win64; x64) AppleWebKit/537.36 (KHTML, like Gecko) Chrome/117.0.5938.132 Safari/537.36
4	0	0	0	1	0	0	29433936	0	0	29433936	0	Mozilla/5.0 (Windows NT 10.0; Win64; x64) AppleWebKit/537.36 (KHTML, like Gecko) Chrome/122.0.0.0 Safari/537.3
4	4	4	70	68	29406808	29409114	29406808	29406808	29409114	29337131	0	Mozilla/5.0 (l9scan/2.0.1333e26373e2231313e24373; +https://leakix.net)
4	1	1	0	1	29330391	0	29330391	29330391	0	29330391	0	Mozilla/5.0 (Macintosh; Intel Mac OS X 10_15_7) AppleWebKit/537.36 (KHTML, like Gecko) Chrome/96.0.4664.110 Safari/537.36
4	30	29	1	0	29415431	29408999	0	29320321	29408999	0	7638	Mozilla/5.0 (compatible; CMS-Checker/1.0; +https://example.com)
4	4	4	0	12	29350078	0	29350078	29349997	0	29349997	0	Mozilla/5.0 (Windows NT 10.0; Win64; x64) AppleWebKit/537.36 (KHTML, like Gecko) Chrome/120.0.0.0 Safari/537.36
4	1	1	0	0	29381501	0	0	29381501	0	0	0	Mozilla/5.0 (Macintosh; Intel Mac OS X 10_15_7) AppleWebKit/537.36 (KHTML, like Gecko) Chrome/120.0.0.0 Safari/537.36
4	0	0	0	1	0	0	29334236	0	0	29334236	0	Mozilla/5.0 (Windows NT 10.0; rv:91.0) Gecko/20100101 Firefox/91.0
4	4	4	0	1	29421609	0	29338445	29335404	0	29338445	0	Hello from Palo Alto Networks, find out more about our scans in https://docs-cortex.paloaltonetworks.com/r/1/Cortex-Xpanse/Scanning-activity
4	2	2	0	0	29340970	0	0	29340970	0	0	0	Mozilla/5.0 (Windows NT 10.0; Win64; x64) AppleWebKit/537.36 (KHTML, like Gecko) Chrome/92.0.4515.107 Safari/537.36
4	3	3	0	269	29421261	0	29421261	29421260	0	29421260	0	Mozilla/5.0 (Linux i386; X11) AppleWebKit/535.21 (KHTML, like Gecko) Chrome/12.0.1282.77 Safari/537.36
4	11	11	0	11	29423382	0	29423382	29322560	0	29322560	0	Mozilla/5.0 (X11; Linux x86_64; rv:139.0) Gecko/20100101 Firefox/139.0
4	0	0	0	3	0	0	29336271	0	0	29336271	0	fasthttp
4	3	3	0	0	29358198	0	0	29328839	0	0	0	Mozilla/5.0 zgrab/0.x
4	4	4	0	0	29418095	0	0	29318988	0	0	623	Mozilla/5.0 (X11; Linux x86_64) AppleWebKit/537.36 (KHTML, like Gecko) Chrome/137.0.0.0 Safari/537.36
4	1	1	0	0	29428381	0	0	29428381	0	0	0	Mozilla/5.0 (Windows NT 10.0; Win64; x64) AppleWebKit/537.36 (KHTML, like Gecko) Chrome/138.0.0.0 Safari/537.36 clst-pab
4	0	0	0	1	0	0	29414842	0	0	29414842	0	Mozilla/5.0
4	12	12	0	72	29389279	0	29389279	29339104	0	29339104	0	Mozilla/5.0 (Windows NT 10.0; Win64; x64) AppleWebKit/537.36 (KHTML, like Gecko) Chrome/78.0.3904.108 Safari/537.36
4	27	27	0	153	29433677	0	29433677	29340021	0	29340021	0	Mozilla/5.0 (Windows NT 10.0; Win64; x64) AppleWebKit/537.36 (KHTML, like Gecko) Chrome/88.0.4240.193 Safari/537.36
4	1	1	0	0	29321802	0	0	29321802	0	0	0	Mozilla/5.0 (Macintosh; Intel Mac OS X 8_2_2) AppleWebKit/602.44 (KHTML, like Gecko) Chrome/98.0.2259 Safari/537.36
4	6	6	0	0	29435974	0	0	29320121	0	0	0	Mozilla/5.0 (compatible; InternetMeasurement/1.0; +https://internet-measurement.com/)
4	20	0	0	0	29406807	0	0	29318987	0	0	1740	Mozilla/5.0 (compatible; Let's Encrypt validation server; +https://www.letsencrypt.org)
4	1	1	0	0	29384960	0	0	29384960	0	0	0	Mozilla/5.0 (Macintosh; Intel Mac OS X 10_15_7) AppleWebKit/537.36 (KHTML, like Gecko) Chrome/127.0.0.0 Safari/537.36
4	4	4	0	6	29375339	0	29375339	29322486	0	29322486	0	Mozilla/5.0 (X11; Linux x86_64) AppleWebKit/537.36 (KHTML, like Gecko) Chrome/81.0.4044.129 Safari/537.36
4	1	1	0	0	29448792	0	0	29448792	0	0	0	Mozilla/5.0 (Macintosh; Intel Mac OS X 10_10_3) AppleWebKit/537.36 (KHTML, like Gecko) Chrome/44.0.2403.125 Safari/537.36
4	1	1	0	0	29319041	0	0	29319041	0	0	0	Mozilla/5.0 (Windows NT 5.1) AppleWebKit/537.36 (KHTML, like Gecko) Chrome/41.0.2224.3 Safari/537.36
4	3	3	0	0	29342805	0	0	29337857	0	0	0	Mozilla/5.0 (Windows NT 10.0) AppleWebKit/537.36 (KHTML, like Gecko) Chrome/106.0.0.0 Safari/537.36
4	1	1	0	0	29325834	0	0	29325834	0	0	0	Mozilla/5.0 (X11; Linux x86_64) AppleWebKit/586.41 (KHTML, like Gecko) Chrome/69.0.963 Safari/537.36
4	0	0	0	2	0	0	29343957	0	0	29343957	0	Mozilla/5.0 (Macintosh; U; Intel Mac OS X 10_6_8; en-us) AppleWebKit/534.50 (KHTML, like Gecko) Version/5.1 Safari/534.50
4	1	1	0	0	29433145	0	0	29433145	0	0	0	Mozilla/5.0 (Windows NT 10.0; Win64; x64) AppleWebKit/537.36 (KHTML, like Gecko) HeadlessChrome/134.0.0.0 Safari/537.36 Edg/134.0.0.0
4	1	1	0	0	29322326	0	0	29322326	0	0	0	Mozilla/5.0 (Windows NT 6.1; WOW64) AppleWebKit/537.36 (KHTML, like Gecko) Chrome/42.0.2311.154 Safari/537.36 LBBROWSER
4	1	1	0	0	29319059	0	0	29319059	0	0	0	Mozilla/5.0 (Windows NT 10.0; Win64; x64) AppleWebKit/537.36 (KHTML, like Gecko) Chrome/70.0.3538.102 Safari/537.36 Edge/18.19582
4	0	0	0	1	0	0	29410863	0	0	29410863	0	Python-urllib/3.10
4	2	2	0	63	29325286	0	29325286	29325286	0	29325286	0	Mozilla/5.0 (compatible; MSIE 8.0; Windows NT 5.1; .NET CLR 1.1.22618; Win64; x64)
4	8	8	0	0	29319191	0	0	29319191	0	0	0	Mozilla/5.0 (Windows NT 10.0; Win64; x64) AppleWebKit/537.36 (KHTML, like Gecko) Chrome/140.0.0.0 Safari/537.36
4	1	1	0	0	29336271	0	0	29336271	0	0	0	Mozilla/5.0 (Macintosh; Intel Mac OS X 10_14_6) AppleWebKit/537.36 (KHTML, like Gecko) Chrome/76.0.3809.132 Safari/537.36
4	1	1	0	0	29325937	0	0	29325937	0	0	0	Mozilla/5.0 (X11; Linux x86_64) AppleWebKit/577.36 (KHTML, like Gecko) Chrome/56.0.2385 Safari/537.36
4	0	0	0	4	0	0	29418095	0	0	29318988	0	Mozilla/5.0 (X11; Linux x86_64) AppleWebKit/537.36 (KHTML, like Gecko) Chrome/136.0.0.0 Safari/537.36
4	6	6	0	587	29414582	0	29414582	29335993	0	29335993	0	Mozilla/5.0 (Windows NT 6.1; Win64; x64; rv:47.0) Gecko/20100101 Firefox/47.0
4	1	1	0	0	29380633	0	0	29380633	0	0	0	Mozilla/5.0 (Linux; U; Android 13; sk-sk; Xiaomi 11T Pro Build/TKQ1.220829.002) AppleWebKit/537.36 (KHTML, like Gecko) Version/4.0 Chrome/112.0.5615.136 Mobile Safari/537.36 XiaoMi/MiuiBrowser/14.4.0-g
4	3	3	0	6	29354029	0	29354029	29354029	0	29354029	0	Mozilla/5.0 (Macintosh; Intel Mac OS X 10_15_7) AppleWebKit/537.36 (KHTML, like Gecko) Chrome/135.0.0.0 Safari/537.36
4	0	0	0	2	0	0	29352834	0	0	29349806	0	Mozilla/5.0 AppleWebKit/537.36 (KHTML, like Gecko; compatible; GPTBot/1.0; +https://openai.com/gptbot)
4	0	0	0	92	0	0	29449661	0	0	29321123	0	Mozilla/5.0 (Macintosh; Intel Mac OS X 10_15_7) AppleWebKit/537.36 (KHTML, like Gecko) Chrome/131.0.0.0 Safari/537.36; compatible; OAI-SearchBot/1.0; +https://openai.com/searchbot
4	0	0	0	2	0	0	29370509	0	0	29369186	0	Mozilla/5.0 (Macintosh; Intel Mac OS X 10_15_7) AppleWebKit/537.36 (KHTML, like Gecko) Chrome/131.0.0.0 Safari/537.36; compatible; OAI-SearchBot/1.0; robots.txt; +https://openai.com/searchbot
4	12	12	0	177	29427778	0	29427778	29320787	0	29320787	0	python-httpx/0.28.1
4	6	4	4	1	29409158	29409160	29321339	29321331	29409134	29321339	15276	Mozilla/5.0 (X11; Ubuntu; Linux x86_64; rv:134.0) Gecko/20100101 Firefox/134.0
4	2	2	0	129	29341245	0	29341245	29341245	0	29341245	0	Mozilla/5.0 (Macintosh; Intel Mac OS X 11_9_0) AppleWebKit/537.23 (KHTML, like Gecko) Version/5.1.2 Safari/536.1
4	0	0	0	1	0	0	29376821	0	0	29376821	0	Mozilla/5.0 (Windows NT 10.0; Win64; x64) AppleWebKit/537.36 (KHTML, like Gecko) Chrome/122.0.0.0 Safari/537.36 Agency/93.8.2357.5
4	0	0	0	2	0	0	29318990	0	0	29318990	0	Mozilla/5.0 (Windows NT 6.3; WOW64; rv:38.0) Gecko/20100101 Firefox/38.0
4	4	4	0	0	29319069	0	0	29319059	0	0	0	Mozilla/5.0 (Macintosh; Intel Mac OS X 10_15_7) AppleWebKit/537.36 (KHTML, like Gecko) Chrome/113.0.0.0 Safari/537.36
4	2	2	0	2	29407235	0	29407235	29319824	0	29319824	0	Mozilla/5.0 (Linux; Android 5.1.1; SM-J111F)
4	2	2	0	0	29337131	0	0	29337131	0	0	0	Mozilla/5.0 (Linux; Android 6.0; HTC One M9 Build/MRA876937) AppleWebKit/537.36 (KHTML, like Gecko) Chrome/52.0.1248.98 Mobile Safari/537.3
4	17	17	0	17	29443664	0	29443664	29321648	0	29321648	0	Mozilla/5.0 (X11; Linux x86_64) AppleWebKit/537.36 (KHTML, like Gecko) Chrome/139.0.0.0 Safari/537.36
4	1	1	0	0	29433934	0	0	29433934	0	0	0	Mozilla/5.0 (Windows NT 10.0; Win64; x64) AppleWebKit/537.36 (KHTML, like Gecko) Chrome/104.0.0.0 Safari/537.36
4	4	0	0	0	29406798	0	0	29318987	0	0	256	Cpanel-HTTP-Client/1.0
5	0	0	0	1	0	0	29321339	0	0	29321339	0	91.196.152.146
5	1	1	0	0	29349211	0	0	29349211	0	0	0	34.187.206.41
5	1	1	0	0	29328996	0	0	29328996	0	0	0	198.235.24.136
5	0	0	0	1	0	0	29352834	0	0	29352834	0	172.182.204.77
5	1	1	0	1	29323669	0	29323669	29323669	0	29323669	0	178.62.65.33
5	1	1	0	1	29435677	0	29435677	29435677	0	29435677	0	199.45.155.95
5	4	4	0	143	29391363	0	29391363	29391359	0	29391359	0	195.178.110.156
5	3	3	0	391	29414582	0	29414582	29414579	0	29414579	0	195.178.110.155
5	1	1	0	1	29341008	0	29341008	29341008	0	29341008	0	139.59.25.127
5	1	1	0	2	29333536	0	29333537	29333536	0	29333537	0	199.45.155.93
5	1	1	0	1	29338960	0	29338960	29338960	0	29338960	0	95.181.239.140
5	1	0	0	0	29406807	0	0	29406807	0	0	87	13.48.149.220
5	1	0	1	0	29408999	29408999	0	29408999	29408999	0	7638	136.114.118.241
5	1	1	0	0	29336180	0	0	29336180	0	0	0	205.210.31.245
5	1	1	0	0	29339163	0	0	29339163	0	0	0	34.73.230.200
5	3	3	0	18	29337131	0	29337131	29337131	0	29337131	0	167.172.232.142
5	0	0	0	1	0	0	29318990	0	0	29318990	0	34.235.134.219
5	1	1	0	2	29365082	0	29365082	29365082	0	29365082	0	199.45.155.86
5	1	1	0	1	29403693	0	29403693	29403693	0	29403693	0	138.197.174.152
5	2	2	0	4	29322751	0	29322751	29322486	0	29322486	0	68.183.49.19
5	1	1	0	0	29409660	0	0	29409660	0	0	0	34.38.174.54
5	1	1	0	0	29415394	0	0	29415394	0	0	0	35.194.92.122
5	0	0	0	1	0	0	29349806	0	0	29349806	0	172.182.204.56
5	1	1	0	1	29441569	0	29441569	29441569	0	29441569	0	199.45.155.74
5	1	0	0	0	29409158	0	0	29409158	0	0	7638	91.231.89.126
5	1	1	0	0	29320677	0	0	29320677	0	0	0	34.61.133.21
5	1	1	0	2	29321969	0	29321969	29321969	0	29321969	0	162.142.125.116
5	4	0	0	0	29406798	0	0	29318987	0	0	256	74.112.76.31
5	1	1	0	0	29422901	0	0	29422901	0	0	0	45.153.34.212
5	1	1	1	0	29321331	29409160	0	29321331	29409160	0	0	91.231.89.122
5	2	0	0	0	29406807	0	0	29318987	0	0	174	23.178.112.212
5	1	0	0	0	29406807	0	0	29406807	0	0	87	23.178.112.211
5	1	1	0	0	29318988	0	0	29318988	0	0	623	46.101.111.185
5	1	1	0	3	29336271	0	29336271	29336271	0	29336271	0	47.236.21.29
5	1	0	0	0	29318987	0	0	29318987	0	0	87	23.178.112.210
5	3	3	0	17	29355120	0	29355120	29355120	0	29355120	0	35.243.136.90
5	6	6	0	66	29406808	0	29406808	29406808	0	29406808	0	142.93.129.190
5	0	0	0	8	0	0	29339227	0	0	29339227	0	74.208.193.230
5	2	2	0	4	29340632	0	29340633	29319040	0	29319040	0	167.94.145.101
5	1	1	0	1	29415716	0	29415716	29415716	0	29415716	0	165.227.230.28
5	1	1	1	0	29406852	29409143	0	29406852	29409143	0	0	91.231.89.38
5	1	1	0	0	29319911	0	0	29319911	0	0	0	185.177.72.48
5	2	2	0	0	29320774	0	0	29320474	0	0	0	185.177.72.47
5	0	0	1	0	0	29409134	0	0	29409134	0	0	91.231.89.34
5	1	1	0	1	29409913	0	29409913	29409913	0	29409913	0	161.35.39.227
5	1	1	0	0	29321332	0	0	29321332	0	0	0	91.231.89.32
5	2	2	0	28	29427778	0	29427778	29427778	0	29427778	0	194.180.49.172
5	2	2	0	0	29319069	0	0	29319069	0	0	0	54.70.170.13
5	2	2	0	28	29423579	0	29423579	29423579	0	29423579	0	194.180.49.167
5	1	1	0	1	29318988	0	29318988	29318988	0	29318988	623	146.70.65.5
5	0	0	0	1	0	0	29318990	0	0	29318990	0	3.86.32.173
5	1	1	0	9	29320787	0	29320787	29320787	0	29320787	0	185.177.72.38
5	0	0	0	1	0	0	29414842	0	0	29414842	0	134.209.251.203
5	1	1	0	0	29409803	0	0	29409803	0	0	0	35.222.185.246
5	1	1	0	1	29442442	0	29442442	29442442	0	29442442	0	164.92.220.175
5	1	1	0	0	29448271	0	0	29448271	0	0	0	205.210.31.186
5	1	1	0	1	29321989	0	29321989	29321989	0	29321989	0	64.227.143.60
5	1	1	0	9	29321367	0	29321367	29321367	0	29321367	0	185.177.72.31
5	1	1	0	0	29439302	0	0	29439302	0	0	0	205.169.39.51
5	1	1	0	0	29432140	0	0	29432140	0	0	0	3.138.185.30
5	1	1	0	1	29423382	0	29423382	29423382	0	29423382	0	68.183.200.147
5	1	1	0	0	29351728	0	0	29351728	0	0	0	198.235.24.76
5	2	2	0	2	29382608	0	29382608	29382608	0	29382608	0	181.215.209.28
5	1	1	0	2	29319072	0	29319072	29319072	0	29319072	0	199.45.154.158
5	1	1	0	19	29342867	0	29342867	29342867	0	29342867	0	185.177.72.23
5	1	1	0	2	29319032	0	29319032	29319032	0	29319032	0	199.45.154.154
5	1	1	0	0	29349483	0	0	29349483	0	0	0	35.227.24.205
5	3	3	0	17	29433677	0	29433677	29433677	0	29433677	0	34.26.102.229
5	1	1	0	0	29386657	0	0	29386657	0	0	0	199.45.154.153
5	1	1	0	1	29418095	0	29418095	29418095	0	29418095	0	45.154.153.3
5	1	1	0	1	29341924	0	29341924	29341924	0	29341924	0	159.65.38.58
5	3	3	0	18	29337131	0	29337131	29337131	0	29337131	0	159.223.132.86
5	1	1	0	1	29412970	0	29412970	29412970	0	29412970	0	161.35.39.183
5	1	1	0	3	29325937	0	29325937	29325937	0	29325937	0	152.32.215.244
5	1	1	0	0	29339352	0	0	29339352	0	0	0	34.48.220.187
5	2	2	0	0	29319059	0	0	29319059	0	0	0	34.215.83.40
5	1	1	0	0	29339242	0	0	29339242	0	0	0	34.11.64.47
5	1	0	0	0	29406807	0	0	29406807	0	0	87	3.137.199.218
5	1	1	0	1	29369474	0	29369474	29369474	0	29369474	0	199.45.154.140
5	1	1	0	0	29337857	0	0	29337857	0	0	0	205.169.39.26
5	2	2	0	0	29433145	0	0	29428381	0	0	0	100.30.248.17
5	1	1	0	0	29318988	0	0	29318988	0	0	623	207.154.197.113
5	1	1	0	0	29336980	0	0	29336980	0	0	0	183.207.45.109
5	1	1	0	0	29339374	0	0	29339374	0	0	0	34.121.159.255
5	2	2	0	0	29422288	0	0	29412517	0	0	0	3.140.182.19
5	0	0	0	3	0	0	29429754	0	0	29339318	0	104.210.140.143
5	0	0	0	4	0	0	29417755	0	0	29354516	0	104.210.140.142
5	0	0	0	9	0	0	29447016	0	0	29344250	0	104.210.140.141
5	1	1	0	0	29421609	0	0	29421609	0	0	0	147.185.132.37
5	0	0	0	8	0	0	29382805	0	0	29323593	0	104.210.140.140
5	0	0	0	8	0	0	29443066	0	0	29336916	0	104.210.140.139
5	1	1	0	1	29330391	0	29330391	29330391	0	29330391	0	111.7.96.152
5	0	0	0	8	0	0	29448339	0	0	29324789	0	104.210.140.138
5	0	0	0	1	0	0	29433936	0	0	29433936	0	192.36.53.210
5	1	1	0	0	29433934	0	0	29433934	0	0	0	18.212.198.88
5	0	0	0	2	0	0	29343015	0	0	29330805	0	104.210.140.137
5	1	1	0	0	29412662	0	0	29412662	0	0	0	34.86.193.50
5	0	0	0	6	0	0	29421739	0	0	29347898	0	104.210.140.136
5	0	0	0	4	0	0	29445699	0	0	29327224	0	104.210.140.135
5	0	0	0	6	0	0	29444385	0	0	29353033	0	104.210.140.134
5	0	0	0	5	0	0	29386749	0	0	29321123	0	104.210.140.133
5	1	1	0	3	29321802	0	29321802	29321802	0	29321802	0	45.194.70.248
5	0	0	0	4	0	0	29436428	0	0	29332034	0	104.210.140.132
5	1	1	0	1	29408187	0	29408187	29408187	0	29408187	0	165.22.228.6
5	0	0	0	4	0	0	29435093	0	0	29346702	0	104.210.140.131
5	0	0	0	9	0	0	29449661	0	0	29357343	0	104.210.140.130
5	0	0	0	5	0	0	29427141	0	0	29329609	0	104.210.140.129
5	0	0	0	7	0	0	29440390	0	0	29322400	0	104.210.140.128
5	1	1	0	1	29319824	0	29319824	29319824	0	29319824	0	34.142.244.249
5	1	1	0	0	29384960	0	0	29384960	0	0	0	44.193.254.10
5	0	0	0	1	0	0	29338445	0	0	29338445	0	205.210.31.99
5	1	1	0	2	29349222	0	29349222	29349222	0	29349222	0	206.168.34.198
5	2	2	0	2	29375339	0	29375339	29374015	0	29374015	0	91.92.241.199
5	2	2	0	0	29337868	0	0	29337868	0	0	0	34.16.206.98
5	2	2	0	3	29392782	0	29392782	29336363	0	29336363	0	206.168.34.193
5	1	1	0	0	29411239	0	0	29411239	0	0	0	34.74.234.140
5	2	2	0	63	29325286	0	29325286	29325286	0	29325286	0	99.79.66.217
5	1	1	0	0	29378597	0	0	29378597	0	0	0	185.247.137.68
5	1	1	0	1	29411001	0	29411001	29411001	0	29411001	0	147.182.250.58
5	1	1	0	0	29342805	0	0	29342805	0	0	0	205.169.39.8
5	3	3	0	17	29355119	0	29355119	29355119	0	29355119	0	34.26.188.145
5	1	1	0	1	29437439	0	29437439	29437439	0	29437439	0	66.132.153.132
5	1	1	0	1	29401248	0	29401248	29401248	0	29401248	0	66.132.153.131
5	1	1	0	0	29320636	0	0	29320636	0	0	0	34.136.227.129
5	1	1	0	0	29320340	0	0	29320340	0	0	0	34.26.117.224
5	1	1	0	1	29443664	0	29443664	29443664	0	29443664	0	159.65.178.5
5	3	3	0	17	29432563	0	29432564	29432563	0	29432563	0	34.127.4.9
5	2	0	0	0	29318987	0	0	29318987	0	0	174	3.21.46.67
5	3	3	0	18	29359627	0	29359627	29359627	0	29359627	0	45.149.173.227
5	1	1	0	0	29342795	0	0	29342795	0	0	0	205.169.39.2
5	2	0	0	0	29318987	0	0	29318987	0	0	174	13.214.140.191
5	1	1	0	1	29339131	0	29339131	29339131	0	29339131	0	167.172.185.57
5	1	1	0	0	29415365	0	0	29415365	0	0	0	34.23.106.231
5	2	2	0	0	29381501	0	0	29328839	0	0	0	18.224.192.118
5	1	1	0	0	29319191	0	0	29319191	0	0	0	192.175.111.243
5	2	2	0	0	29319191	0	0	29319191	0	0	0	192.175.111.242
5	1	1	0	0	29376048	0	0	29376048	0	0	0	185.247.137.231
5	1	1	0	0	29320514	0	0	29320514	0	0	0	34.67.19.192
5	2	2	0	129	29341245	0	29341245	29341245	0	29341245	0	15.223.69.31
5	1	1	0	1	29445966	0	29445966	29445966	0	29445966	0	167.94.146.63
5	0	0	36	0	0	29409114	0	0	29409114	0	0	64.227.32.66
5	1	1	0	1	29381631	0	29381631	29381631	0	29381631	0	167.94.146.62
5	1	1	0	0	29389357	0	0	29389357	0	0	0	34.23.56.239
5	2	0	0	0	29406807	0	0	29406807	0	0	174	18.237.20.86
5	1	1	0	0	29340362	0	0	29340362	0	0	0	205.210.31.60
5	1	1	0	0	29319191	0	0	29319191	0	0	0	192.175.111.229
5	1	1	0	1	29448704	0	29448704	29448704	0	29448704	0	167.94.138.195
5	1	1	0	1	29381815	0	29381815	29381815	0	29381815	0	165.227.239.10
5	1	1	0	0	29389434	0	0	29389434	0	0	0	34.75.228.51
5	3	3	0	18	29357107	0	29357107	29357107	0	29357107	0	45.149.173.201
5	1	1	0	1	29321648	0	29321648	29321648	0	29321648	0	68.183.212.49
5	2	2	0	2	29441591	0	29441592	29411637	0	29411637	0	167.94.146.50
5	0	0	0	1	0	0	29370509	0	0	29370509	0	74.7.228.22
5	1	1	0	1	29338001	0	29338001	29338001	0	29338001	0	143.110.165.165
5	0	0	0	2	0	0	29343957	0	0	29343957	0	85.192.12.219
5	1	1	0	1	29421854	0	29421854	29421854	0	29421854	0	104.236.76.64
5	0	0	0	1	0	0	29369186	0	0	29369186	0	74.7.230.51
5	0	0	0	1	0	0	29402568	0	0	29402568	0	74.7.230.48
5	1	1	0	1	29401905	0	29401905	29401905	0	29401905	0	198.199.120.233
5	1	1	0	0	29407322	0	0	29407322	0	0	0	206.168.34.125
5	3	3	0	18	29389279	0	29389279	29389279	0	29389279	0	34.48.174.113
5	1	0	0	0	29318987	0	0	29318987	0	0	87	35.92.234.50
5	1	1	0	0	29335404	0	0	29335404	0	0	0	198.235.24.232
5	3	3	0	17	29417184	0	29417184	29417184	0	29417184	0	34.121.133.167
5	1	1	0	0	29409923	0	0	29409923	0	0	0	34.139.91.208
5	1	0	0	0	29406807	0	0	29406807	0	0	87	18.141.192.13
5	1	0	0	0	29406807	0	0	29406807	0	0	87	13.60.73.109
5	3	3	0	25	29352315	0	29352315	29349997	0	29349997	0	45.148.10.250
5	3	3	0	25	29351984	0	29351984	29350078	0	29350078	0	45.148.10.249
5	1	1	0	0	29412680	0	0	29412680	0	0	0	35.184.69.64
5	1	1	0	0	29448792	0	0	29448792	0	0	0	121.127.34.151
5	1	1	0	0	29319041	0	0	29319041	0	0	0	34.27.37.127
5	1	1	0	18	29348167	0	29348167	29348167	0	29348167	0	45.148.10.245
5	0	0	0	1	0	0	29438683	0	0	29438683	0	74.7.244.24
5	1	1	0	0	29318990	0	0	29318990	0	0	623	52.91.86.224
5	1	1	0	1	29343057	0	29343057	29343057	0	29343057	0	64.225.10.1
5	2	2	0	0	29340970	0	0	29340970	0	0	0	111.7.100.27
5	1	1	0	3	29325834	0	29325834	29325834	0	29325834	0	101.36.108.158
5	1	1	0	1	29413969	0	29413969	29413969	0	29413969	0	64.225.63.50
5	3	3	0	6	29354029	0	29354029	29354029	0	29354029	0	34.1.24.182
5	1	1	0	0	29389634	0	0	29389634	0	0	0	136.118.102.143
5	1	1	0	2	29342841	0	29342841	29342841	0	29342841	0	162.142.125.221
5	1	1	0	0	29320425	0	0	29320425	0	0	0	87.236.176.202
5	1	1	0	0	29322326	0	0	29322326	0	0	0	3.82.247.226
5	0	0	0	1	0	0	29406154	0	0	29406154	0	74.7.230.14
5	0	0	0	1	0	0	29396528	0	0	29396528	0	93.123.109.175
5	1	1	0	2	29343486	0	29343486	29343486	0	29343486	0	162.142.125.213
5	1	1	0	1	29409967	0	29409967	29409967	0	29409967	0	154.16.49.17
5	1	1	0	0	29319041	0	0	29319041	0	0	0	35.223.247.117
5	1	1	0	2	29339163	0	29339163	29339163	0	29339163	0	162.142.125.209
5	1	1	0	1	29343757	0	29343757	29343757	0	29343757	0	209.97.191.57
5	3	3	0	269	29421261	0	29421261	29421260	0	29421260	0	13.48.56.122
5	1	1	0	0	29318990	0	0	29318990	0	0	623	13.222.24.124
5	2	2	0	53	29335993	0	29335997	29335993	0	29335993	0	195.178.110.68
5	1	1	0	1	29322560	0	29322560	29322560	0	29322560	0	139.59.58.69
5	1	1	0	0	29319191	0	0	29319191	0	0	0	64.15.129.110
5	1	1	0	1	29324745	0	29324745	29324745	0	29324745	0	134.209.146.143
5	1	1	0	0	29319191	0	0	29319191	0	0	0	64.15.129.108
5	0	0	0	1	0	0	29348295	0	0	29348295	0	194.26.192.110
5	0	0	0	1	0	0	29376821	0	0	29376821	0	192.71.126.151
5	1	1	0	0	29319191	0	0	29319191	0	0	0	64.15.129.107
5	0	0	0	1	0	0	29388317	0	0	29388317	0	74.7.228.6
5	1	0	0	0	29406807	0	0	29406807	0	0	87	18.220.125.250
5	3	3	0	17	29340021	0	29340021	29340021	0	29340021	0	34.66.239.60
5	1	1	0	0	29320121	0	0	29320121	0	0	0	185.247.137.125
5	1	0	0	0	29318987	0	0	29318987	0	0	87	13.48.44.77
5	2	2	0	28	29423112	0	29423112	29423112	0	29423112	0	45.148.10.204
5	3	3	0	18	29339104	0	29339104	29339104	0	29339104	0	143.198.132.94
5	1	1	0	0	29319191	0	0	29319191	0	0	0	64.15.129.100
5	1	1	0	0	29435974	0	0	29435974	0	0	0	87.236.176.166
5	1	1	0	1	29407235	0	29407235	29407235	0	29407235	0	159.65.132.48
5	0	0	0	1	0	0	29449582	0	0	29449582	0	192.71.224.240
5	2	2	0	0	29358198	0	0	29328872	0	0	0	3.146.111.124
5	1	1	0	1	29383725	0	29383725	29383725	0	29383725	0	165.22.119.228
5	2	2	0	0	29319059	0	0	29319059	0	0	0	34.221.92.16
5	1	1	0	0	29320321	0	0	29320321	0	0	0	35.231.45.193
5	1	1	0	0	29411207	0	0	29411207	0	0	0	34.48.170.196
5	0	0	0	1	0	0	29342875	0	0	29342875	0	194.4.50.121
5	1	1	0	0	29415431	0	0	29415431	0	0	0	34.23.118.131
5	1	1	0	1	29362037	0	29362037	29362037	0	29362037	0	159.65.149.101
5	2	2	0	0	29319059	0	0	29319059	0	0	0	44.250.215.120
5	1	1	0	0	29389614	0	0	29389614	0	0	0	34.22.221.142
5	2	2	0	0	29319069	0	0	29319069	0	0	0	34.212.229.231
5	2	2	0	0	29321021	0	0	29321021	0	0	0	192.64.113.146
5	0	0	0	1	0	0	29410863	0	0	29410863	0	45.130.203.165
5	0	0	1	0	0	29409150	0	0	29409150	0	0	91.196.152.164
5	1	1	0	1	29363313	0	29363313	29363313	0	29363313	0	207.154.253.6
5	3	3	0	17	29351873	0	29351873	29351873	0	29351873	0	136.117.176.125
5	1	1	0	0	29406839	0	0	29406839	0	0	0	91.231.89.96
5	1	1	0	0	29320490	0	0	29320490	0	0	0	34.31.251.130
5	1	0	0	0	29318987	0	0	29318987	0	0	87	54.202.17.2
5	1	1	0	0	29380633	0	0	29380633	0	0	0	93.158.95.213
5	3	3	0	17	29415760	0	29415760	29415760	0	29415760	0	34.68.39.129
5	1	0	0	0	29318987	0	0	29318987	0	0	87	13.62.105.1
5	1	1	0	1	29341948	0	29341948	29341948	0	29341948	0	128.199.0.175
5	1	1	0	0	29349428	0	0	29349428	0	0	0	34.75.210.155
5	1	0	0	0	29409150	0	0	29409150	0	0	7638	91.196.152.148
5	0	0	36	0	0	29409114	0	0	29409114	0	0	46.101.1.225
5	0	0	0	1	0	0	29334236	0	0	29334236	0	45.148.10.160
5	1	0	0	0	29406807	0	0	29406807	0	0	87	54.255.179.178
5	3	3	0	17	29413695	0	29413695	29413695	0	29413695	0	34.38.4.196
5	1	1	0	0	29421232	0	0	29421232	0	0	0	87.236.176.51
z	0	248	248	29448792	0
z	2	24	0	29406807	1996
z	3	5	5	29318990	3115
z	4	3	0	29409158	22914
c	200	280	29448792
c	302	77	29409160
c	403	4	29449582
c	404	1779	29449661
