CACHE type 5 produced by analog 6.0/Unix. Do not modify or delete!
T	0	0	576	536	19	2373	708788
D	29317803	29449590
20359	168	6	6	5497
20359	169	2	2	3588
20359	170	2	2	3770
20359	171	5	5	14100
20359	172	1	1	0
20359	174	2	0	0
20359	175	3	3	15495
20359	176	1	1	0
20359	180	3	2	7061
20359	181	5	5	17626
20359	182	2	2	0
20359	193	2	2	7086
20359	203	6	6	21258
20359	217	4	4	14172
20359	238	4	4	14172
20359	247	1	1	3543
20359	259	1	1	3543
20359	261	1	1	3543
20359	271	1	1	3543
20359	272	1	1	3543
20360	9	3	3	10629
20360	19	1	1	3543
20360	23	2	2	7086
20360	25	1	1	3543
20360	26	1	1	3543
20360	27	1	1	3543
20360	28	1	1	3684
20360	34	3	3	10629
20360	36	1	1	3543
20360	38	1	1	3543
20360	40	1	1	3543
20360	61	2	2	7086
20360	83	2	2	7086
20360	95	1	1	3543
20360	101	1	1	3543
20360	112	2	2	10330
20360	132	1	1	3543
20360	151	1	1	3543
20360	162	1	1	3543
20360	168	1	1	3543
20360	260	1	1	3543
20361	49	1	1	3543
20361	50	1	1	3543
20361	69	2	1	3614
20361	101	1	1	3543
20361	171	1	1	3543
20361	178	1	1	3543
20361	180	1	1	3543
20361	184	1	1	3543
20362	55	2	2	7086
20362	104	1	1	3543
20362	169	1	1	5165
20362	175	2	1	2484
20362	176	2	1	2572
20362	177	1	1	0
20362	178	4	1	6438
20362	194	1	1	762
20362	220	2	1	2722
20363	61	2	2	1524
20363	126	1	1	762
20363	197	1	1	762
20364	46	1	1	762
20364	72	2	1	2717
20364	79	3	1	4475
20364	116	1	1	762
20365	46	1	1	762
20365	56	2	2	1524
20365	67	1	1	762
20365	132	2	1	2719
20365	189	1	1	762
20365	200	1	1	762
20365	242	1	1	0
20366	73	1	1	762
20366	104	1	1	762
20366	144	1	1	762
20366	179	1	1	762
20366	181	1	1	762
20367	43	1	1	762
20367	60	1	1	762
20367	141	1	1	762
20367	231	1	1	762
20368	64	2	2	1524
20368	187	1	1	762
20369	17	1	0	1928
20370	63	1	1	762
20370	98	1	1	0
20371	64	2	2	1524
20371	70	1	1	762
20371	132	1	1	762
20371	136	1	1	762
20371	192	1	1	762
20371	265	7	6	5741
20371	267	1	1	762
20372	14	1	1	762
20372	17	1	1	762
20372	63	1	1	762
20372	84	1	1	762
20372	134	1	1	762
20372	160	1	1	762
20372	180	2	2	762
20372	216	1	1	762
20372	284	1	1	762
20373	35	1	1	762
20373	41	1	1	762
20373	83	1	1	762
20373	85	1	1	762
20373	105	1	1	762
20373	117	1	1	762
20373	156	1	1	762
20373	176	2	2	1524
20374	46	1	1	762
20374	133	1	1	762
20375	75	1	1	762
20375	103	1	1	762
20375	202	1	1	762
20376	98	1	1	762
20378	136	1	1	762
20380	176	1	1	762
20381	225	1	1	762
20381	226	1	1	762
20381	271	1	1	762
20382	97	3	1	4674
20382	100	1	0	1956
20382	101	1	0	1956
20382	137	1	0	1956
20385	86	1	1	762
20385	147	1	1	762
20385	276	3	3	2286
20385	277	2	2	1524
20386	91	2	2	1524
20386	92	1	1	762
20387	116	1	1	762
20389	118	12	11	9552
20389	119	2	2	1524
20389	133	5	4	4217
20389	137	1	1	762
20389	138	1	1	762
20389	140	1	1	762
20389	142	1	1	762
20389	163	1	1	762
20389	182	2	2	1524
20390	36	1	1	762
20390	98	2	2	1524
20390	102	1	1	762
20390	115	1	1	762
20390	139	1	1	762
20390	161	1	1	762
20390	164	2	2	1524
20390	284	1	1	762
20391	75	1	1	762
20391	76	1	1	762
20391	131	1	1	762
20391	215	1	1	762
20391	246	1	0	7638
20392	96	1	1	762
20392	135	1	1	762
20392	227	1	1	762
20393	113	1	1	762
20393	114	1	1	762
20393	135	1	1	762
20393	228	1	1	762
20394	10	1	1	762
20395	156	1	1	762
20395	157	1	1	762
20396	86	1	1	762
20397	12	1	1	762
20398	160	1	1	762
20398	193	1	1	0
20399	25	1	1	762
20399	142	1	1	762
20400	181	1	1	762
20401	66	1	1	762
20401	75	1	1	762
20402	164	1	1	762
20402	247	1	1	762
20402	251	1	1	762
20404	5	1	1	762
20404	29	1	1	762
20404	50	1	1	0
20404	70	1	1	762
20404	153	1	1	762
20405	106	2	2	1524
20405	253	1	1	762
20407	98	1	1	762
20407	116	1	1	762
20407	121	1	1	0
20407	209	1	1	762
20407	236	1	1	762
20407	287	1	1	762
20408	189	1	1	762
20408	208	1	1	762
20410	177	1	1	762
20410	224	1	1	762
20410	225	1	1	762
20411	76	1	1	762
20411	156	1	1	762
20411	193	1	1	0
20412	121	1	1	762
20413	26	1	1	762
20413	86	1	1	762
20413	95	1	1	762
20414	154	1	1	762
20415	15	1	1	762
20415	58	1	1	762
20415	69	1	1	762
20415	121	1	1	0
20416	58	1	1	762
20416	163	1	1	762
20418	75	1	1	762
20418	87	1	1	762
20418	118	1	1	762
20420	58	1	1	620
20420	148	5	5	3810
20420	149	4	4	1524
20420	150	8	4	10884
20420	161	1	1	762
20420	162	1	1	762
20420	164	2	2	1524
20420	184	1	1	762
20420	218	1	1	762
20421	17	1	1	762
20421	83	1	1	762
20421	87	1	1	762
20421	164	1	1	762
20421	183	2	2	1524
20421	220	1	1	762
20421	226	1	1	762
20421	230	1	1	762
20421	231	1	1	762
20421	238	1	1	762
20421	249	1	1	762
20421	264	1	1	762
20421	267	1	1	762
20422	11	1	1	762
20422	18	1	1	762
20422	26	1	1	762
20422	40	1	1	762
20422	61	1	1	762
20422	106	1	1	762
20422	110	1	1	762
20422	119	3	3	2286
20422	126	3	3	2286
20422	129	1	1	762
20422	133	3	3	2286
20422	134	3	3	2286
20422	183	1	1	762
20422	196	1	1	762
20422	264	1	0	7638
20422	281	1	0	7638
20423	22	2	0	15276
20423	46	1	1	762
20423	76	1	1	762
20423	93	1	1	762
20423	122	1	1	762
20423	130	1	1	762
20423	154	1	1	762
20424	8	1	1	762
20424	86	1	1	762
20424	101	4	4	2286
20424	102	1	0	1933
20424	116	5	4	4215
20424	121	1	1	762
20424	202	5	4	4217
20424	272	1	1	762
20424	278	1	1	762
20425	23	1	1	762
20425	48	6	6	4572
20425	79	6	5	4978
20425	98	1	1	762
20425	109	1	1	762
20425	111	1	1	762
20425	183	5	4	4219
20425	188	1	1	762
20425	206	1	1	762
20425	221	2	2	1524
20425	235	1	1	762
20425	260	5	4	4219
20425	266	5	4	4217
20426	9	1	1	762
20426	23	1	1	762
20426	48	1	1	762
20426	62	1	1	762
20426	105	1	1	762
20426	116	1	1	762
20426	160	1	1	762
20426	193	1	1	762
20426	194	1	1	762
20426	222	1	1	762
20426	255	1	1	762
20426	269	1	1	762
20427	94	1	1	762
20427	206	1	1	762
20427	240	1	1	762
20428	1	2	2	1524
20428	85	1	1	762
20428	87	1	1	762
20428	102	1	1	762
20428	258	2	2	1524
20428	273	12	12	9144
20429	32	1	1	762
20429	34	6	5	4978
20429	57	1	1	762
20429	103	1	1	762
20429	140	1	1	762
20430	49	1	1	762
20430	53	1	1	762
20430	257	1	1	762
20431	76	1	1	762
20431	114	1	1	762
20431	147	1	1	762
20431	181	1	1	762
20431	198	1	1	762
20431	217	1	1	762
20432	22	1	1	762
20432	90	1	1	762
20432	113	1	1	762
20432	158	1	1	0
20432	162	1	1	762
20432	191	2	2	1524
20432	192	2	2	1524
20432	222	2	2	1524
20432	223	2	2	1524
20432	227	1	1	762
20432	239	1	1	762
20432	254	1	1	762
20433	18	1	1	762
20433	55	1	1	762
20433	99	1	1	762
20433	165	1	1	762
20433	186	1	1	762
20433	249	1	1	762
20434	41	1	1	762
20434	164	1	1	762
20434	222	1	1	762
20434	238	2	2	1524
20435	111	1	1	762
20435	204	1	1	762
20436	148	1	1	762
20437	63	1	1	762
20437	85	1	1	762
20437	176	1	1	762
20437	212	1	1	762
20439	19	1	1	762
20439	22	1	1	762
20439	116	1	1	762
20439	165	2	2	1524
20439	174	2	2	1524
20439	252	1	1	762
20439	264	1	1	762
20440	1	1	1	762
20440	48	1	1	762
20440	76	1	1	762
20440	77	1	1	762
20440	231	2	2	1524
20440	283	2	2	1524
20441	96	1	1	762
20441	208	4	4	2286
20441	228	1	1	762
20442	42	4	4	2286
20442	43	1	1	762
20442	124	1	1	762
20442	145	4	4	2286
20442	155	1	1	762
20442	251	1	1	762
20442	274	2	2	1524
20443	162	1	1	762
20443	184	1	1	762
20444	76	1	1	762
20444	258	1	1	762
20445	83	1	1	762
20445	128	1	1	762
20446	15	1	1	762
20446	83	1	1	762
20446	141	1	1	762
20446	143	1	1	762
20446	173	1	1	762
20447	103	1	1	762
20447	138	2	2	1524
20448	160	1	1	762
20450	21	1	1	762
20450	76	2	2	1524
20450	92	2	2	1524
20450	139	2	2	1524
20450	231	1	1	762
20450	245	1	1	762
1	0	0	0	14	0	0	29414020	0	0	29318707	0	/.env.local
1	0	0	0	1	0	0	29414020	0	0	29414020	0	/config/local_env.yml
1	0	0	0	5	0	0	29413486	0	0	29355787	0	/storage/logs/laravel.log
1	0	0	0	6	0	0	29408351	0	0	29375405	0	/sendgrid.env
1	0	0	0	5	0	0	29413486	0	0	29407560	0	/_debug
1	0	0	0	2	0	0	29413486	0	0	29412115	0	/api/v1/config
1	0	0	0	22	0	0	29317867	0	0	29317867	0	/forgotpassword/mail.php
1	0	0	0	2	0	0	29413485	0	0	29412115	0	/.env.prod.local
1	0	0	0	14	0	0	29414020	0	0	29337539	0	/config.js
1	0	0	0	3	0	0	29414020	0	0	29355787	0	/config/application.yml
1	0	0	0	5	0	0	29413486	0	0	29407560	0	/Dockerfile
1	0	0	0	4	0	0	29413485	0	0	29407988	0	/core/Datavase/.env
1	0	0	0	1	0	0	29414020	0	0	29414020	0	/rails.env
1	0	0	0	4	0	0	29408351	0	0	29408278	0	/sendgrid.json
1	0	0	0	2	0	0	29413486	0	0	29412115	0	/modules/.env
1	0	0	0	1	0	0	29415937	0	0	29415937	0	/_fragment?_path=what%3D-1%26_controller%3Dphpinfo&_hash=eizEB3rr6L3LrD4tjdX2SV/vQwVvrQIC1oqxH/+lYlI%3D
1	0	0	0	2	0	0	29356299	0	0	29355787	0	/js/main.js
1	0	0	0	3	0	0	29413486	0	0	29409773	0	/app/logs/prod.log
1	0	0	0	1	0	0	29414020	0	0	29414020	0	/config/stripe.rb
1	0	0	0	1	0	0	29414020	0	0	29414020	0	/stripe/config
1	0	0	0	1	0	0	29414020	0	0	29414020	0	/config/puma.rb
1	0	0	0	2	0	0	29356298	0	0	29355786	0	/mailer/.env
1	2	0	1	0	29317834	29317866	0	29317834	29317866	0	0	/forgotpassword
1	0	0	0	1	0	0	29414020	0	0	29414020	0	/aws-keys.json
1	0	0	0	2	0	0	29356299	0	0	29355786	0	/crm/.env
1	0	0	0	71	0	0	29446258	0	0	29317803	0	/.env
1	0	0	0	1	0	0	29414020	0	0	29414020	0	/config/cable.yml
1	0	0	0	2	0	0	29356300	0	0	29355788	0	/config/local.yml
1	0	0	0	14	0	0	29348082	0	0	29318199	0	/js/lkk_ch.js
1	0	0	0	5	0	0	29413486	0	0	29407560	0	/.api_keys
1	0	0	0	5	0	0	29413486	0	0	29407560	0	/s3.yml
1	0	0	0	5	0	0	29413486	0	0	29407560	0	/api_keys.json
1	0	0	0	1	0	0	29409773	0	0	29409773	0	/src/.env.bak
1	0	0	0	1	0	0	29414020	0	0	29414020	0	/api_keys.js
1	0	0	0	3	0	0	29409773	0	0	29407560	0	/configuration.json
1	0	0	0	2	0	0	29356299	0	0	29355786	0	/service/email_service.py
1	1	0	0	0	29322159	0	0	29322159	0	0	1724	/error/404.shtml
1	0	0	0	4	0	0	29408351	0	0	29408279	0	/brevo/config
1	0	0	0	2	0	0	29413485	0	0	29412115	0	/info1.php
1	0	0	0	2	0	0	29356298	0	0	29355786	0	/wp-config
1	0	0	0	2	0	0	29356298	0	0	29355786	0	/_profiler/phpinfo/phpinfo.php
1	0	0	0	4	0	0	29408350	0	0	29408278	0	/env.yml
1	0	0	0	1	0	0	29414020	0	0	29414020	0	/stripe_keys.py
1	0	0	0	4	0	0	29408351	0	0	29408278	0	/aws-keys.js
1	0	0	0	5	0	0	29413486	0	0	29407560	0	/keys.json
1	0	0	0	5	0	0	29414020	0	0	29408278	0	/config.ini
1	0	0	0	2	0	0	29356299	0	0	29355786	0	/website/.env
1	0	0	0	2	0	0	29356299	0	0	29355787	0	/app.py
1	0	0	0	2	0	0	29356298	0	0	29355786	0	/_profiler/phpinfo/info.php
1	0	0	0	2	0	0	29356298	0	0	29355786	0	/www/.env
1	0	0	0	1	0	0	29414020	0	0	29414020	0	/django_settings.json
1	0	0	0	2	0	0	29356299	0	0	29355786	0	/scripts/nodemailer.js
1	0	0	0	7	0	0	29414020	0	0	29355788	0	/aws/credentials
1	0	0	0	1	0	0	29409773	0	0	29409773	0	/.env.swp
1	0	0	0	2	0	0	29356300	0	0	29355788	0	/server/s3.js
1	0	0	0	1	0	0	29409773	0	0	29409773	0	/app/.env.bak
1	0	0	0	5	0	0	29413486	0	0	29407560	0	/oauth.json
1	0	0	0	1	0	0	29414020	0	0	29414020	0	/.pythonenv
1	0	0	0	3	0	0	29413486	0	0	29409773	0	/Thumbs.db
1	0	0	0	2	0	0	29424349	0	0	29424349	0	/api/config.json
1	0	0	0	1	0	0	29409773	0	0	29409773	0	/.env.tmp
1	0	0	0	1	0	0	29414020	0	0	29414020	0	/aws-keys.env
1	0	0	0	5	0	0	29413486	0	0	29407560	0	/aws-config.json
1	0	0	0	5	0	0	29413485	0	0	29407560	0	/saas/.env
1	0	0	0	1	0	0	29415584	0	0	29415584	0	/app_dev.php/_profiler/open?file=app/config/config.yml
1	0	0	0	1	0	0	29409773	0	0	29409773	0	/assets/.env.old
1	0	0	0	1	0	0	29414020	0	0	29414020	0	/aws/secrets.json
1	0	0	0	9	0	0	29412241	0	0	29317803	0	/@vite/env
1	0	0	0	6	0	0	29413558	0	0	29337539	0	/.git/logs/HEAD
1	0	0	0	5	0	0	29413486	0	0	29407560	0	/.s3cfg
1	0	0	0	2	0	0	29318574	0	0	29318446	0	/https:/friends.magentaweb.org/https:/fonts.googleapis.com/css2%3Ffamily%3DNabla%26family%3DNova+Square%26display%3Dswap
1	0	0	0	1	0	0	29409773	0	0	29409773	0	/.env.orig
1	0	0	0	2	0	0	29413486	0	0	29412115	0	/api/v2/config
1	0	0	0	5	0	0	29413486	0	0	29407560	0	/administrator/.env
1	0	0	0	2	0	0	29356299	0	0	29355786	0	/node/.env_example
1	0	0	0	1	0	0	29414020	0	0	29414020	0	/python.config.json
1	0	0	0	3	0	0	29414020	0	0	29355787	0	/app.js
1	0	0	0	1	0	0	29409773	0	0	29409773	0	/public/.env.save
1	0	0	0	2	0	0	29413485	0	0	29412115	0	/1.php
1	0	0	0	9	0	0	29417931	0	0	29335566	0	/error/mailto:contact@magentaweb.org
1	0	0	0	2	0	0	29356298	0	0	29355786	0	/laravel/core/.env
1	0	0	0	2	0	0	29356299	0	0	29355787	0	/static/js/2.ca066a4b.chunk.js
1	0	0	0	1	0	0	29414020	0	0	29414020	0	/global.json
1	0	0	0	4	0	0	29408351	0	0	29408278	0	/sendgrid
1	0	0	0	2	0	0	29356299	0	0	29355787	0	/swagger.js
1	0	0	0	1	0	0	29409773	0	0	29409773	0	/config/.env.old
1	0	0	0	2	0	0	29356300	0	0	29355787	0	/backend/config/development.yml
1	0	0	0	2	0	0	29356300	0	0	29355787	0	/apis/controllers/users.js
1	0	0	0	2	0	0	29356300	0	0	29355788	0	/controller/admin/post.js
1	0	0	0	1	0	0	29414020	0	0	29414020	0	/stripe/config.php
1	0	0	0	2	0	0	29356298	0	0	29355786	0	/lara/phpinfo.php
1	0	0	0	5	0	0	29413486	0	0	29407560	0	/debug.log
1	0	0	0	6	0	0	29412241	0	0	29360751	0	/webjars/swagger-ui/
1	0	0	0	1	0	0	29414020	0	0	29414020	0	/secrets.yml.enc
1	0	0	0	1	0	0	29414020	0	0	29414020	0	/config.properties
1	0	0	0	13	0	0	29423038	0	0	29355787	0	/test.php
1	0	0	0	4	0	0	29408351	0	0	29408278	0	/sendgrid.php
1	0	0	0	11	0	0	29424348	0	0	29318707	0	/_profiler/phpinfo
1	0	0	0	2	0	0	29356299	0	0	29355786	0	/xampp/.env
1	0	0	0	8	0	0	29412241	0	0	29317803	0	/server-status
1	0	0	0	2	0	0	29356299	0	0	29355786	0	/.env.production.local
1	0	0	0	2	0	0	29413486	0	0	29412115	0	/storage/.env
1	0	0	0	2	0	0	29356300	0	0	29355788	0	/sms.py
1	0	0	0	2	0	0	29317835	0	0	29317835	0	/forgotpasswords
1	0	0	0	5	0	0	29413486	0	0	29407560	0	/docker-compose.yaml
1	0	0	0	1	0	0	29414020	0	0	29414020	0	/.env.js
1	0	0	0	11	0	0	29413486	0	0	29317803	0	/.DS_Store
1	0	0	0	1	0	0	29414020	0	0	29414020	0	/backend/secrets.js
1	0	0	0	3	0	0	29424348	0	0	29318707	0	/library/.env
1	0	0	0	8	0	0	29412241	0	0	29317803	0	/telescope/requests
1	0	0	0	1	0	0	29317834	0	0	29317834	0	/forgotpassworda
1	0	0	0	2	0	0	29356300	0	0	29355788	0	/controllers/settings.js
1	0	0	0	5	0	0	29413486	0	0	29407560	0	/azure.json
1	0	0	0	1	0	0	29414020	0	0	29414020	0	/secrets.php
1	0	0	0	1	0	0	29409773	0	0	29409773	0	/assets/.env.bak
1	0	0	0	1	0	0	29409773	0	0	29409773	0	/api/.env.old
1	0	0	0	2	0	0	29356299	0	0	29355787	0	/shared/config/config.js
1	0	0	0	1	0	0	29424348	0	0	29424348	0	/admin/config?cmd=cat+/root/.aws/credentials
1	0	0	0	5	0	0	29414020	0	0	29408278	0	/config
1	0	0	0	1	0	0	29409773	0	0	29409773	0	/.env~
1	0	0	0	8	0	0	29412241	0	0	29317803	0	/debug/default/view?panel=config
1	0	0	0	5	0	0	29413485	0	0	29407560	0	/core/app/.env
1	0	0	0	1	0	0	29414020	0	0	29414020	0	/stripe.json
1	0	0	0	1	0	0	29378096	0	0	29378096	0	/.gitignore?54.198.3.196
1	0	0	0	2	0	0	29356299	0	0	29355786	0	/node_modules/.env
1	0	0	0	1	0	0	29409773	0	0	29409773	0	/src/.env.save
1	0	0	0	14	0	0	29424348	0	0	29355784	0	/phpinfo.php
1	0	0	0	4	0	0	29408351	0	0	29408278	0	/mailgun/config
1	0	0	0	1	0	0	29355784	0	0	29355784	0	/env/.env
1	0	0	0	2	0	0	29413485	0	0	29412115	0	/info3.php
1	0	0	0	3	0	0	29437209	0	0	29436081	0	/public/vendor/laravel-filemanager/js/script.js
1	0	0	0	2	0	0	29413486	0	0	29412115	0	/themes/.env
1	0	0	0	3	0	0	29356300	0	0	29355787	0	/configs/routes-4aug.js
1	0	0	0	2	0	0	29356300	0	0	29355788	0	/aws.yml
1	0	0	0	2	0	0	29356299	0	0	29355787	0	/backend/config/default.yml
1	0	0	0	10	0	0	29424348	0	0	29318707	0	/laravel/.env
1	0	0	0	5	0	0	29413486	0	0	29407560	0	/kubernetes.yml
1	0	0	0	12	0	0	29414020	0	0	29355788	0	/.aws/config
1	0	0	0	2	0	0	29356300	0	0	29355788	0	/configs/routes.js
1	2	2	0	0	29318544	0	0	29317866	0	0	7368	/forgotpassword/
1	0	0	0	4	0	0	29414020	0	0	29407560	0	/config/database.yml
1	0	0	0	1	0	0	29423038	0	0	29423038	0	/dashboard/info.php
1	0	0	0	2	0	0	29413486	0	0	29412115	0	/plugins/.env
1	12	12	0	1	29405092	0	29405093	29317815	0	29405093	41940	/lucasamuelhaase/
1	0	0	0	2	0	0	29356300	0	0	29355788	0	/user/config/config.js
1	0	0	0	1	0	0	29414020	0	0	29414020	0	/stripe.js
1	0	0	0	2	0	0	29356299	0	0	29355787	0	/gatsby-config.js
1	0	0	0	1	0	0	29409773	0	0	29409773	0	/config/.env.bak
1	0	0	0	5	0	0	29413485	0	0	29407560	0	/lab/.env
1	0	0	0	2	0	0	29413486	0	0	29412115	0	/client/.env
1	0	0	0	1	0	0	29414020	0	0	29414020	0	/node_modules/.bin/env
1	0	0	0	13	0	0	29423038	0	0	29318707	0	/.env.production
1	0	0	0	1	0	0	29409773	0	0	29409773	0	/admin/.env.save
1	0	0	0	6	0	0	29412241	0	0	29360751	0	/api/graphql
1	0	0	0	2	0	0	29356299	0	0	29355787	0	/admin/controllers/partner.js
1	0	0	0	1	0	0	29414020	0	0	29414020	0	/aws/credentials.bak
1	0	0	0	7	0	0	29412241	0	0	29317803	0	/actuator/env
1	0	0	0	3	0	0	29413486	0	0	29409773	0	/backup.tar.gz
1	0	0	0	12	0	0	29424348	0	0	29407560	0	/.env.development
1	0	0	0	2	0	0	29356300	0	0	29355788	0	/.travis.yml
1	0	0	0	5	0	0	29413486	0	0	29407560	0	/tools/.env
1	0	0	0	1	0	0	29414020	0	0	29414020	0	/config/local.py
1	0	0	0	7	0	0	29413486	0	0	29355786	0	/docker/.env
1	0	0	0	2	0	0	29356298	0	0	29355786	0	/js/.env
1	0	0	0	4	0	0	29417941	0	0	29320889	0	/.git/
1	0	0	0	1	0	0	29409773	0	0	29409773	0	/config/.env.save
1	0	0	0	1	0	0	29414020	0	0	29414020	0	/django.ini
1	0	0	0	9	0	0	29424349	0	0	29407560	0	/config.yaml
1	0	0	0	2	0	0	29413486	0	0	29412115	0	/logs/error.log
1	0	0	0	2	0	0	29356299	0	0	29355787	0	/admin/server_info.php
1	0	0	0	6	0	0	29424349	0	0	29407560	0	/credentials.json
1	0	0	0	3	0	0	29409773	0	0	29407560	0	/config/app.yml
1	0	0	0	10	0	0	29412241	0	0	29317803	0	/.vscode/sftp.json
1	0	0	0	6	0	0	29412241	0	0	29360751	0	/graphql
1	0	0	0	1	0	0	29414020	0	0	29414020	0	/database.json
1	0	0	0	1	0	0	29414020	0	0	29414020	0	/app.json
1	1	0	0	3	29322162	0	29322169	29322162	0	29322167	1812	/error/424.shtml
1	0	0	0	5	0	0	29414020	0	0	29408278	0	/configuration
1	0	0	0	1	0	0	29414020	0	0	29414020	0	/config/environment.rb
1	0	0	0	2	0	0	29318709	0	0	29318707	0	/react-app/.env
1	0	0	0	2	0	0	29356300	0	0	29355787	0	/config/storage.yml
1	0	0	0	2	0	0	29356300	0	0	29355788	0	/config/parameters.yml
1	0	0	0	2	0	0	29413485	0	0	29412115	0	/3.php
1	0	0	0	6	0	0	29412241	0	0	29360751	0	/v3/api-docs
1	0	0	0	1	0	0	29414020	0	0	29414020	0	/config/master.key
1	0	0	0	2	0	0	29413485	0	0	29412115	0	/i.php
1	0	0	0	2	0	0	29413486	0	0	29412115	0	/var/log/apache2/error.log
1	0	0	0	1	0	0	29409773	0	0	29409773	0	/wp-config.php.save
1	0	0	0	4	0	0	29408351	0	0	29408278	0	/mailgun
1	0	0	0	1	0	0	29414020	0	0	29414020	0	/package.json
1	0	0	0	1	0	0	29409773	0	0	29409773	0	/api/.env.bak
1	0	0	0	3	0	0	29413486	0	0	29409773	0	/database.sql
1	0	0	0	1	0	0	29414020	0	0	29414020	0	/frontend/env.json
1	0	0	0	2	0	0	29356298	0	0	29355786	0	/new/.env.staging
1	0	0	0	1	0	0	29414020	0	0	29414020	0	/aws/config.properties
1	0	0	0	8	0	0	29414020	0	0	29407560	0	/settings.json
1	0	0	0	2	0	0	29356299	0	0	29355786	0	/.env_sample
1	0	0	9	0	0	29405092	0	0	29317815	0	0	/lucasamuelhaase
1	0	0	0	1	0	0	29414020	0	0	29414020	0	/local.json
1	0	0	0	3	0	0	29409773	0	0	29355786	0	/.env.prod
1	0	0	0	13	0	0	29413558	0	0	29337539	0	/admin/.env
1	0	0	0	13	0	0	29348082	0	0	29318199	0	/js/twint_ch.js
1	0	0	0	3	0	0	29413486	0	0	29409773	0	/includes/.env
1	0	0	0	4	0	0	29413486	0	0	29407560	0	/v1/.env
1	0	0	0	4	0	0	29408351	0	0	29408279	0	/brevo.php
1	0	0	0	6	0	0	29424349	0	0	29407560	0	/.env.backup
1	0	0	0	1	0	0	29414020	0	0	29414020	0	/stripe_api.json
1	0	0	0	6	0	0	29412241	0	0	29360751	0	/swagger-ui.html
1	8	8	0	0	29412241	0	0	29317803	0	0	6701	/?rest_route=/wp/v2/users/
1	0	0	0	2	0	0	29413486	0	0	29412115	0	/var/www/html/error_log
1	0	0	0	8	0	0	29412241	0	0	29317803	0	/_all_dbs
1	0	0	0	2	0	0	29356300	0	0	29355788	0	/backend/config/settings.yml
1	0	0	0	2	0	0	29356299	0	0	29355786	0	/config.env
1	0	0	0	2	0	0	29413486	0	0	29412115	0	/server/.env
1	0	0	0	3	0	0	29414020	0	0	29355787	0	/api/config.js
1	0	0	0	1	0	0	29414020	0	0	29414020	0	/yarn.lock
1	0	0	0	4	0	0	29408351	0	0	29408278	0	/admin
1	0	0	0	1	0	0	29414020	0	0	29414020	0	/.aws/secrets
1	0	0	0	1	0	0	29414020	0	0	29414020	0	/app.ini
1	0	0	0	2	0	0	29356300	0	0	29355788	0	/user/controllers/index.js
1	1	0	0	0	29350580	0	0	29350580	0	0	1956	/error/424-2.shtml?74.7.36.111
1	0	0	0	111	0	0	29448697	0	0	29317812	0	/favicon.ico
1	0	0	0	3	0	0	29408349	0	0	29408279	0	/info
1	0	0	0	2	0	0	29413486	0	0	29412115	0	/k8s-config.yml
1	0	0	0	11	0	0	29424348	0	0	29318707	0	/api/.env
1	0	0	0	2	0	0	29413485	0	0	29412115	0	/php-info.php
1	0	0	0	3	0	0	29437209	0	0	29436081	0	/vendor/laravel-filemanager/js/script.js
1	0	0	0	12	0	0	29413558	0	0	29318707	0	/backend/.env
1	0	0	0	5	0	0	29413485	0	0	29407560	0	/lib/.env
1	0	0	0	3	0	0	29413486	0	0	29409773	0	/site-backup.zip
1	0	0	0	1	0	0	29414020	0	0	29414020	0	/config/routes.rb
1	0	0	0	6	0	0	29412241	0	0	29360751	0	/graphql/api
1	0	0	0	2	0	0	29413486	0	0	29412115	0	/var/log/nginx/error.log
1	0	0	0	3	0	0	29409773	0	0	29407560	0	/.config
1	0	0	0	5	0	0	29413486	0	0	29407560	0	/.docker/config.json
1	0	0	0	2	0	0	29356300	0	0	29355788	0	/helper/EmailHelper.js
1	0	0	0	11	0	0	29424349	0	0	29407560	0	/secrets.json
1	0	0	0	2	0	0	29413485	0	0	29412115	0	/php.php
1	0	0	0	2	0	0	29356300	0	0	29355788	0	/my_env/palash.py
1	0	0	0	2	0	0	29356299	0	0	29355786	0	/server/config/database.js
1	0	0	0	1	0	0	29409773	0	0	29409773	0	/.env.dev
1	0	0	0	10	0	0	29414020	0	0	29407560	0	/aws.json
1	0	0	0	3	0	0	29356299	0	0	29355786	0	/main/.env
1	0	0	0	5	0	0	29413485	0	0	29407560	0	/assets/.env
1	0	0	0	2	0	0	29356300	0	0	29355788	0	/config/settings.prod
1	0	0	0	2	0	0	29356299	0	0	29355787	0	/config/aws.yml
1	0	0	0	1	0	0	29414020	0	0	29414020	0	/local.settings.json
1	0	0	0	5	0	0	29413486	0	0	29407560	0	/php_error.log
1	0	0	0	1	0	0	29414020	0	0	29414020	0	/database.properties
1	0	0	0	2	0	0	29356300	0	0	29355788	0	/admin/config
1	0	0	0	1	0	0	29414020	0	0	29414020	0	/local_settings.py
1	0	0	0	2	0	0	29318574	0	0	29318446	0	/https:/friends.magentaweb.org/forgotpassword
1	0	0	0	2	0	0	29356300	0	0	29355788	0	/my_env/newsletter.py
1	0	0	0	5	0	0	29414020	0	0	29408278	0	/env
1	0	0	0	3	0	0	29413486	0	0	29409773	0	/backup.zip
1	0	0	0	2	0	0	29356300	0	0	29355788	0	/debug/default/view
1	0	0	0	1	0	0	29414020	0	0	29414020	0	/.env.php
1	0	0	0	2	0	0	29356300	0	0	29355788	0	/index.js
1	0	0	0	5	0	0	29424348	0	0	29318707	0	/application/.env
1	0	0	0	5	0	0	29414020	0	0	29408278	0	/app.config.js
1	0	0	0	2	0	0	29356300	0	0	29355788	0	/.circleci/configs/development.yml
1	0	0	0	3	0	0	29437209	0	0	29436081	0	/public/_ignition/execute-solution
1	0	0	0	5	0	0	29413486	0	0	29407560	0	/secrets.yml
1	0	0	0	7	0	0	29414020	0	0	29408278	0	/phpversion.php
1	0	0	0	2	0	0	29356300	0	0	29355787	0	/apis/config/config.js
1	2	2	0	0	29356299	0	0	29355787	0	0	1524	/?phpinfo=1
1	0	0	0	2	0	0	29413485	0	0	29412115	0	/serverinfo.php
1	0	0	0	2	0	0	29413485	0	0	29412115	0	/p.php
1	0	0	0	2	0	0	29356298	0	0	29355785	0	/new/.env.production
1	0	0	0	6	0	0	29414020	0	0	29407560	0	/.env.test
1	0	0	0	2	0	0	29413485	0	0	29412115	0	/probe.php
1	0	0	0	2	0	0	29413485	0	0	29412115	0	/check.php
1	0	0	0	1	0	0	29414020	0	0	29414020	0	/local.ini
1	0	0	0	5	0	0	29414020	0	0	29408278	0	/admin.php
1	0	0	0	2	0	0	29413485	0	0	29412115	0	/server.php
1	0	0	0	3	0	0	29437209	0	0	29436081	0	/_ignition/execute-solution
1	0	0	0	6	0	0	29424349	0	0	29407560	0	/.env.save
1	0	0	0	4	0	0	29356300	0	0	29355787	0	/appsettings.json
1	0	0	0	2	0	0	29356300	0	0	29355788	0	/partner/config/config.js
1	0	0	0	4	0	0	29356297	0	0	29355784	0	/portal/.env
1	0	0	0	2	0	0	29356299	0	0	29355787	0	/config/constants.js
1	0	0	0	8	0	0	29424349	0	0	29355786	0	/.env.old
1	0	0	0	1	0	0	29414020	0	0	29414020	0	/config/application.rb
1	0	0	0	2	0	0	29356299	0	0	29355787	0	/main.js
1	0	0	0	5	0	0	29414020	0	0	29408278	0	/aws/config
1	0	0	0	1	0	0	29414020	0	0	29414020	0	/manage.py
1	0	0	0	5	0	0	29413486	0	0	29407560	0	/.dockerenv
1	0	0	0	6	0	0	29412241	0	0	29360751	0	/swagger/v1/swagger.json
1	0	0	0	2	0	0	29356300	0	0	29355788	0	/api/config/config.yml
1	0	0	0	2	0	0	29413486	0	0	29412115	0	/docker-compose.override.yml
1	0	0	0	14	0	0	29424349	0	0	29337539	0	/wp-config.php
1	0	0	0	13	0	0	29413558	0	0	29337539	0	/core/.env
1	0	0	0	6	0	0	29414020	0	0	29355787	0	/application.properties
1	0	0	0	4	0	0	29408351	0	0	29408278	0	/brevo
1	0	0	0	5	0	0	29413485	0	0	29407560	0	/psnlink/.env
1	0	0	1	0	0	29317870	0	0	29317870	0	0	/julianhesse
1	0	0	0	2	0	0	29360751	0	0	29317809	0	/actutor/env
1	0	0	0	1	0	0	29409773	0	0	29409773	0	/includes/.env.bak
1	0	0	0	2	0	0	29356300	0	0	29355788	0	/my_env/chakaash.py
1	0	0	0	6	0	0	29359826	0	0	29333043	0	/robots.txt?74.7.36.111
1	0	0	0	26	0	0	29414020	0	0	29317803	0	/config.json
1	0	0	0	2	0	0	29356300	0	0	29355788	0	/main.yml
1	0	0	0	5	0	0	29413486	0	0	29407560	0	/errors.log
1	0	0	0	8	0	0	29412241	0	0	29317803	0	/about
1	0	0	0	21	0	0	29423038	0	0	29317803	0	/info.php
1	0	0	0	5	0	0	29414020	0	0	29408278	0	/settings
1	0	0	0	9	0	0	29448461	0	0	29423042	0	/api/action
1	0	0	0	2	0	0	29356299	0	0	29355786	0	/api/shared/config/config.env
1	0	0	0	5	0	0	29413486	0	0	29407560	0	/en/.env
1	0	0	0	5	0	0	29413485	0	0	29407560	0	/.env.staging
1	0	0	0	2	0	0	29356299	0	0	29355787	0	/server-info
1	0	0	0	8	0	0	29412241	0	0	29317803	0	/ecp/Current/exporttool/microsoft.exchange.ediscovery.exporttool.application
1	0	0	0	5	0	0	29413486	0	0	29407560	0	/auth.json
1	0	0	0	1	0	0	29409773	0	0	29409773	0	/.env.dist
1	0	0	0	3	0	0	29413486	0	0	29409773	0	/logs/application.log
1	0	0	0	5	0	0	29414020	0	0	29408278	0	/composer.json
1	0	0	0	4	0	0	29408351	0	0	29408278	0	/credentials
1	0	0	0	1	0	0	29424348	0	0	29424348	0	/home/user/.aws/credentials
1	0	0	0	8	0	0	29414020	0	0	29407560	0	/config.php
1	0	0	0	1	0	0	29414020	0	0	29414020	0	/env.local
1	0	0	0	1	0	0	29414020	0	0	29414020	0	/client/config.js
1	0	0	0	7	0	0	29412241	0	0	29317803	0	/server
1	0	0	0	1	0	0	29414020	0	0	29414020	0	/config/database.json
1	0	0	0	5	0	0	29413486	0	0	29407560	0	/.azure/credentials
1	0	0	0	2	0	0	29356299	0	0	29355787	0	/server-info.php
1	0	0	0	2	0	0	29318709	0	0	29318707	0	/node-api/.env
1	0	0	0	2	0	0	29356300	0	0	29355788	0	/configs/s3_config.json
1	0	0	0	4	0	0	29408351	0	0	29408278	0	/mailgun.php
1	0	0	0	2	0	0	29356299	0	0	29355786	0	/api/shared/.env
1	0	0	0	11	0	0	29424349	0	0	29407560	0	/phpinfo
1	0	0	0	2	0	0	29413486	0	0	29412115	0	/log/error.log
1	0	0	0	4	0	0	29408350	0	0	29408278	0	/env.yaml
1	0	0	0	1	0	0	29414020	0	0	29414020	0	/stripe.ini
1	0	0	0	1	0	0	29409773	0	0	29409773	0	/admin/.env.old
1	0	0	0	2	0	0	29413485	0	0	29412115	0	/php_version.php
1	0	0	0	1	0	0	29414020	0	0	29414020	0	/config/initializers/secret_token.rb
1	0	0	0	1	0	0	29414020	0	0	29414020	0	/django.env
1	0	0	0	1	0	0	29409773	0	0	29409773	0	/wp-config.php.old
1	0	0	0	1	0	0	29414020	0	0	29414020	0	/aws_keys.py
1	0	0	0	3	0	0	29413486	0	0	29409773	0	/dump.sql
1	0	0	0	1	0	0	29409773	0	0	29409773	0	/includes/.env.save
1	0	0	0	3	0	0	29414020	0	0	29355787	0	/settings.py
1	0	0	0	1	0	0	29414020	0	0	29414020	0	/aws/access-keys.js
1	0	0	0	3	0	0	29424348	0	0	29355788	0	/config/settings.json
1	0	0	0	1	0	0	29414020	0	0	29414020	0	/settings.rb
1	0	0	0	6	0	0	29413558	0	0	29337539	0	/aws.config.js
1	0	0	0	2	0	0	29356299	0	0	29355787	0	/dashboard/phpinfo.php
1	0	0	0	4	0	0	29414020	0	0	29407560	0	/config/secrets.yml
1	0	0	0	2	0	0	29356298	0	0	29355786	0	/env.backup
1	0	0	0	1	0	0	29414020	0	0	29414020	0	/stripe-credentials.json
1	0	0	0	2	0	0	29356300	0	0	29355788	0	/getcpuutil.php-bakworking
1	0	0	0	1	0	0	29414020	0	0	29414020	0	/public/config.js
1	0	0	0	2	0	0	29356300	0	0	29355788	0	/config/settings.local
1	0	0	0	17	0	0	29424349	0	0	29337539	0	/.env.bak
1	0	0	0	1	0	0	29356298	0	0	29356298	0	/new/.env
1	0	0	2	202	0	29409232	29449590	0	29364274	29318324	0	/robots.txt
1	0	0	0	5	0	0	29413485	0	0	29407560	0	/.env.sample
1	0	0	0	2	0	0	29413486	0	0	29412115	0	/frontend/.env
1	0	0	0	2	0	0	29356298	0	0	29355786	0	/nginx/.env
1	0	0	0	1	0	0	29414020	0	0	29414020	0	/stripe.properties
1	0	0	0	4	0	0	29408351	0	0	29408279	0	/php
1	0	0	0	2	0	0	29356298	0	0	29355786	0	/aws-secret.yaml
1	0	0	0	7	0	0	29413486	0	0	29355786	0	/public/.env
1	0	0	0	1	0	0	29414020	0	0	29414020	0	/env.prod
1	0	0	0	3	0	0	29437209	0	0	29436081	0	/vendor/phpunit/phpunit/src/Util/PHP/eval-stdin.php
1	0	0	0	6	0	0	29412241	0	0	29360751	0	/v2/api-docs
1	0	0	0	3	0	0	29416748	0	0	29389769	0	/.git/config?54.198.3.196
1	0	0	0	6	0	0	29412241	0	0	29360751	0	/api/gql
1	0	0	0	5	0	0	29413485	0	0	29407560	0	/exapi/.env
1	0	0	0	5	0	0	29413486	0	0	29407560	0	/gcp-credentials.json
1	0	0	0	2	0	0	29356299	0	0	29355787	0	/secured/phpinfo.php
1	0	0	0	5	0	0	29413485	0	0	29407560	0	/sitemaps/.env
1	0	0	0	1	0	0	29409773	0	0	29409773	0	/app/.env.save
1	0	0	0	2	0	0	29413485	0	0	29412115	0	/info2.php
1	0	0	0	1	0	0	29414020	0	0	29414020	0	/config/credentials.yml.enc
1	0	0	0	1	0	0	29414020	0	0	29414020	0	/api/stripe.js
1	0	0	0	1	0	0	29423038	0	0	29423038	0	/symfony/_profiler/phpinfo
1	0	0	0	8	0	0	29412241	0	0	29355787	0	/swagger.json
1	0	0	0	6	0	0	29412241	0	0	29360751	0	/api-docs/swagger.json
1	0	0	0	1	0	0	29414020	0	0	29414020	0	/stripe/secrets.json
1	0	0	0	2	0	0	29334264	0	0	29330634	0	/robots.txt?79.217.216.128
1	0	0	0	2	0	0	29318709	0	0	29318707	0	/blog.env
1	0	0	0	1	0	0	29414020	0	0	29414020	0	/src/config/api.js
1	0	0	0	5	0	0	29413486	0	0	29407560	0	/.gcloud/credentials
1	0	0	0	1	0	0	29414020	0	0	29414020	0	/stripe-keys.json
1	0	0	0	1	0	0	29414020	0	0	29414020	0	/secrets.py
1	0	0	0	8	0	0	29412241	0	0	29317803	0	/s/1333e26373e2231313e24373/_/
1	0	0	0	1	0	0	29414020	0	0	29414020	0	/secrets.rb
1	0	0	0	5	0	0	29413485	0	0	29407560	0	/.env.remote
1	0	0	0	1	0	0	29414020	0	0	29414020	0	/.env.django
1	0	0	0	17	0	0	29445806	0	0	29344096	0	/robots.txt?54.198.3.196
1	0	0	0	4	0	0	29408351	0	0	29408278	0	/mailgun.json
1	0	0	0	2	0	0	29356300	0	0	29355788	0	/config/config.json
1	0	0	0	2	0	0	29356298	0	0	29355786	0	/lara/info.php
1	0	0	0	2	0	0	29356299	0	0	29355786	0	/.env.stage
1	0	0	0	1	0	0	29414020	0	0	29414020	0	/config/client.js
1	0	0	0	1	0	0	29414020	0	0	29414020	0	/aws-credentials.json
1	0	0	0	1	0	0	29423038	0	0	29423038	0	/wp-content/debug.log
1	0	0	0	7	0	0	29413486	0	0	29318707	0	/docker-compose.yml
1	0	0	0	3	0	0	29413486	0	0	29409773	0	/app/logs/dev.log
1	0	0	0	5	0	0	29336581	0	0	29321803	0	/sitemap.xml
1	0	0	0	1	0	0	29409773	0	0	29409773	0	/public/.env.old
1	0	0	0	2	0	0	29413486	0	0	29412115	0	/.dockerignore
1	17	17	0	0	29448461	0	0	29318877	0	0	18516	/?54.198.3.196
1	0	0	0	2	0	0	29419906	0	0	29381088	0	/.env?54.198.3.196
1	0	0	0	4	0	0	29413486	0	0	29407988	0	/v2/.env
1	5	0	0	0	29409232	0	0	29364274	0	0	38190	/cgi-sys/suspendedpage.cgi
1	0	0	0	4	0	0	29408351	0	0	29408278	0	/brevo.json
1	0	0	0	1	0	0	29414020	0	0	29414020	0	/stripe-config.yaml
1	0	0	0	1	0	0	29414020	0	0	29414020	0	/django/secrets.json
1	0	0	0	2	0	0	29413485	0	0	29412115	0	/info_php.php
1	0	0	0	1	0	0	29414020	0	0	29414020	0	/aws-env.json
1	0	0	0	1	0	0	29409773	0	0	29409773	0	/admin/.env.bak
1	0	0	0	2	0	0	29356299	0	0	29355787	0	/public/js/main.js
1	0	0	0	6	0	0	29412241	0	0	29360751	0	/api/swagger.json
1	0	0	0	5	0	0	29413485	0	0	29407560	0	/php_info.php
1	0	0	0	2	0	0	29318709	0	0	29318707	0	/nextjs-app/.env
1	0	0	0	1	0	0	29409773	0	0	29409773	0	/.wp-config.php.swp
1	0	0	0	1	0	0	29409773	0	0	29409773	0	/wp-config.php~
1	0	0	0	3	0	0	29409773	0	0	29355787	0	/wp-config.php.bak
1	0	0	0	1	0	0	29414020	0	0	29414020	0	/.ruby-version
1	0	0	0	2	0	0	29356300	0	0	29355788	0	/helper.js
1	0	0	0	2	0	0	29356300	0	0	29355788	0	/app/config/parameters.yml
1	0	0	0	1	0	0	29414020	0	0	29414020	0	/secrets.ini
1	0	0	0	1	0	0	29414020	0	0	29414020	0	/secrets.js
1	0	0	0	7	0	0	29413485	0	0	29318707	0	/vendor/.env
1	0	0	0	5	0	0	29413485	0	0	29407560	0	/database/.env
1	0	0	0	2	0	0	29413485	0	0	29412115	0	/2.php
1	0	0	0	9	0	0	29413485	0	0	29318707	0	/app/.env
1	0	0	0	5	0	0	29413486	0	0	29407560	0	/.secrets
1	0	0	0	2	0	0	29318709	0	0	29318707	0	/myproject/.env
1	0	0	0	2	0	0	29356300	0	0	29355787	0	/cloud/Scraper.js
1	0	0	0	2	0	0	29356298	0	0	29355786	0	/_phpinfo.php
1	0	0	0	7	0	0	29413485	0	0	29355786	0	/site/.env
1	0	0	0	3	0	0	29356298	0	0	29355786	0	/xampp/phpinfo.php
1	0	0	0	4	0	0	29408351	0	0	29408278	0	/keys.js
1	0	0	0	13	0	0	29348082	0	0	29318199	0	/css/support_parent.css
1	0	0	0	1	0	0	29414020	0	0	29414020	0	/node.config.json
1	0	0	0	2	0	0	29356298	0	0	29355786	0	/mail/.env
1	0	0	0	1	0	0	29414020	0	0	29414020	0	/Gemfile.lock
1	0	0	0	3	0	0	29424348	0	0	29318707	0	/.envs/.production/.django
1	0	0	0	5	0	0	29413485	0	0	29407560	0	/uploads/.env
1	0	0	0	6	0	0	29412241	0	0	29360751	0	/swagger/swagger-ui.html
1	0	0	0	11	0	0	29417931	0	0	29335566	0	/error/https:/fonts.googleapis.com/css2%3Ffamily%3DNabla%26family%3DNova+Square%26display%3Dswap
1	0	0	0	1	0	0	29414020	0	0	29414020	0	/env.properties
1	0	0	0	6	0	0	29412241	0	0	29360751	0	/api
1	0	0	0	3	0	0	29413486	0	0	29409773	0	/config.zip
1	0	0	0	1	0	0	29414020	0	0	29414020	0	/aws.properties
1	0	0	0	11	0	0	29448105	0	0	29368269	0	/robots.txt?45.148.10.160
1	0	0	0	2	0	0	29413485	0	0	29412115	0	/infophp.php
1	0	0	0	1	0	0	29414020	0	0	29414020	0	/.aws/config.bak
1	0	0	0	2	0	0	29356299	0	0	29355786	0	/local/.env
1	0	0	0	1	0	0	29414020	0	0	29414020	0	/config/secrets.json
1	0	0	0	5	0	0	29413486	0	0	29407560	0	/tokens.json
1	0	0	0	3	0	0	29413486	0	0	29409773	0	/src/.env
1	0	0	0	8	0	0	29413486	0	0	29355787	0	/web/.env
1	0	0	0	2	0	0	29318709	0	0	29318707	0	/react-app/.env.production
1	0	0	0	2	0	0	29413485	0	0	29412115	0	/pi.php
1	0	0	0	1	0	0	29414020	0	0	29414020	0	/aws/config.ini
1	0	0	0	3	0	0	29409773	0	0	29407560	0	/app.config
1	0	0	0	2	0	0	29356298	0	0	29355786	0	/conf/.env
1	0	0	0	1	0	0	29414020	0	0	29414020	0	/app/settings/production.py
1	0	0	0	1	0	0	29414020	0	0	29414020	0	/user.properties
1	0	0	0	5	0	0	29413486	0	0	29407560	0	/error.log
1	0	0	0	2	0	0	29356299	0	0	29355787	0	/static/js/main.141b0494.js
1	0	0	0	1	0	0	29423038	0	0	29423038	0	/index.php/phpinfo
1	0	0	0	1	0	0	29409773	0	0	29409773	0	/public/.env.bak
1	0	0	0	2	0	0	29356298	0	0	29355786	0	/.vscode/.env
1	0	0	0	9	0	0	29424348	0	0	29407560	0	/config.yml
1	0	0	0	2	0	0	29356300	0	0	29355788	0	/.AWS_/credentials
1	0	0	0	4	0	0	29408350	0	0	29408278	0	/env.json
1	0	0	0	2	0	0	29356298	0	0	29355786	0	/laravel/info.php
1	0	0	0	2	0	0	29356299	0	0	29355787	0	/karma.conf.json
1	0	0	0	1	0	0	29414020	0	0	29414020	0	/.stripe/keys
1	0	0	0	1	0	0	29414020	0	0	29414020	0	/stripe/secrets.yml
1	0	0	0	1	0	0	29414020	0	0	29414020	0	/.npmrc
1	0	0	0	1	0	0	29409773	0	0	29409773	0	/assets/.env.save
1	0	0	0	2	0	0	29356299	0	0	29355786	0	/kyc/.env
1	0	0	0	9	0	0	29448461	0	0	29423042	0	/apps
1	0	0	0	3	0	0	29409773	0	0	29407560	0	/web.config
1	0	0	0	3	0	0	29413486	0	0	29409773	0	/db_backup.sql
1	0	0	0	6	0	0	29412241	0	0	29360751	0	/swagger/
1	0	0	0	1	0	0	29414020	0	0	29414020	0	/.aws/credentials.json
1	0	0	0	3	0	0	29413486	0	0	29409773	0	/app/etc/env.php
1	20	20	0	0	29422871	0	0	29317870	0	0	0	/julianhesse/
1	0	0	0	3	0	0	29413486	0	0	29409773	0	/configuration.php
1	0	0	0	16	0	0	29424348	0	0	29318707	0	/.aws/credentials
1	2	0	0	0	29320187	0	0	29317863	0	0	71	/forgotpassword/passwordsandfreakingduckinglickingmickingstupidsignincodes.toml
1	3	3	0	0	29327564	0	0	29320348	0	0	5067	/?79.217.216.128
1	0	0	3	87	0	29409094	29439602	0	29409015	29317803	0	/.git/config
1	0	0	0	2	0	0	29413485	0	0	29412115	0	/.env.2
1	0	0	0	2	0	0	29413485	0	0	29412115	0	/.env.1
1	0	0	0	1	0	0	29414020	0	0	29414020	0	/.env.stripe
1	0	0	0	2	0	0	29413485	0	0	29412115	0	/t.php
1	0	0	0	3	0	0	29356298	0	0	29356298	0	/new/.env.local
1	0	0	0	2	0	0	29318574	0	0	29318446	0	/https:/fonts.googleapis.com/css2%3Ffamily%3DIceland%26display%3Dswap
1	6	6	0	0	29362092	0	0	29326260	0	0	4572	/?74.7.36.111
1	0	0	0	1	0	0	29414020	0	0	29414020	0	/config/settings/local.py
1	0	0	0	3	0	0	29413486	0	0	29355138	0	/security.txt
1	0	0	0	3	0	0	29409773	0	0	29407560	0	/application.yml
1	0	0	0	1	0	0	29414020	0	0	29414020	0	/aws/secrets.yaml
1	0	0	0	3	0	0	29414020	0	0	29355787	0	/server.js
1	0	0	0	2	0	0	29413485	0	0	29412115	0	/phptest.php
1	0	0	0	1	0	0	29414020	0	0	29414020	0	/system.ini
1	0	0	0	2	0	0	29356299	0	0	29355786	0	/api/shared/config/.env
1	0	0	0	9	0	0	29448461	0	0	29423042	0	/api/actions
1	0	0	0	11	0	0	29423038	0	0	29355786	0	/.env.example
1	0	0	0	8	0	0	29412241	0	0	29317803	0	/v2/_catalog
1	0	0	0	9	0	0	29448461	0	0	29423042	0	/_next/data
1	0	0	0	5	0	0	29413486	0	0	29407560	0	/apikeys.json
1	0	0	0	2	0	0	29356299	0	0	29355786	0	/api/config.env
1	0	0	0	2	0	0	29356300	0	0	29355788	0	/mytest/astech_robot.js
1	0	0	0	2	0	0	29356300	0	0	29355787	0	/api/objects/codes.php.save
1	0	0	0	6	0	0	29413558	0	0	29337539	0	/.gitlab-ci.yml
1	0	0	0	1	0	0	29423038	0	0	29423038	0	/admin/phpinfo.php
1	0	0	0	7	0	0	29413485	0	0	29355786	0	/cron/.env
1	0	0	0	2	0	0	29413486	0	0	29412115	0	/api/config
1	0	0	0	1	0	0	29409773	0	0	29409773	0	/api/.env.save
1	0	0	0	1	0	0	29414020	0	0	29414020	0	/.properties
1	1	1	0	0	29398206	0	0	29398206	0	0	0	/julianhesse/?54.198.3.196
1	0	0	0	6	0	0	29413486	0	0	29328448	0	/.well-known/security.txt
1	16	16	0	1	29438730	0	29441301	29364964	0	29441301	12192	/?45.148.10.160
1	0	0	0	1	0	0	29414020	0	0	29414020	0	/stripe.env
1	0	0	0	5	0	0	29413485	0	0	29407560	0	/debug.php
1	0	0	0	1	0	0	29414020	0	0	29414020	0	/database.yml
1	0	0	0	2	0	0	29413485	0	0	29412115	0	/diagnostic.php
1	0	0	0	3	0	0	29409773	0	0	29407560	0	/settings.yml
1	0	0	0	3	0	0	29423038	0	0	29355787	0	/app_dev.php/_profiler/phpinfo
1	0	0	0	2	0	0	29356300	0	0	29355788	0	/s3.js
1	0	0	0	2	0	0	29356299	0	0	29355787	0	/server_info.php
1	0	0	0	2	0	0	29356298	0	0	29355786	0	/docker/app/.env
1	0	0	0	3	0	0	29421080	0	0	29379700	0	/.env?45.148.10.160
1	0	0	0	2	0	0	29318709	0	0	29318707	0	/wp-content/.env
1	0	0	0	1	0	0	29424348	0	0	29424348	0	/pms?module=logging&file_name=../../../../../../~/.aws/credentials&number_of_lines=10000
1	0	0	0	2	0	0	29356299	0	0	29355787	0	/static/js/main.e85f7a37.js
1	0	0	0	2	0	0	29356299	0	0	29355787	0	/admin/controllers/merchant.js
1	0	0	0	3	0	0	29413486	0	0	29409773	0	/sites/default/settings.php
1	0	0	0	1	0	0	29414020	0	0	29414020	0	/php.ini
1	0	0	0	1	0	0	29318446	0	0	29318446	0	/https:/fonts.googleapis.com/https:/fonts.googleapis.com/css2%3Ffamily%3DNabla%26family%3DNova+Square%26display%3Dswap
1	0	0	0	2	0	0	29356298	0	0	29355786	0	/awstats/.env
1	0	0	0	8	0	0	29412241	0	0	29317803	0	/login.action
1	0	0	0	2	0	0	29356299	0	0	29355786	0	/api/shared/config.env
1	0	0	0	1	0	0	29414020	0	0	29414020	0	/stripe/credentials
1	0	0	0	1	0	0	29409773	0	0	29409773	0	/src/.env.old
1	0	0	0	1	0	0	29414020	0	0	29414020	0	/config/env.js
1	0	0	0	1	0	0	29317814	0	0	29317814	0	/lucasamuelhasse
1	0	0	0	1	0	0	29414020	0	0	29414020	0	/master.key.bak
1	0	0	0	1	0	0	29336265	0	0	29336265	0	/.env?79.217.216.128
1	0	0	0	1	0	0	29414020	0	0	29414020	0	/js/secrets.json
1	0	0	0	1	0	0	29414020	0	0	29414020	0	/config.py
1	0	0	0	2	0	0	29356299	0	0	29355786	0	/development/.env
1	0	0	0	7	0	0	29414020	0	0	29337539	0	/aws-config.js
1	449	449	3	5	29449227	29409232	29436844	29317803	29409000	29328325	513062	/
1	0	0	0	1	0	0	29414020	0	0	29414020	0	/config.rb
1	2	0	0	0	29324559	0	0	29322171	0	0	3571	/error/424-1.shtml
1	0	0	0	5	0	0	29413486	0	0	29407560	0	/kubernetes/.env
1	0	0	0	2	0	0	29413485	0	0	29412115	0	/testphp.php
1	0	0	0	3	0	0	29413486	0	0	29409773	0	/backup.sql
1	0	0	0	3	0	0	29409773	0	0	29407560	0	/config/config.yml
1	0	0	0	7	0	0	29413485	0	0	29355786	0	/apps/.env
1	0	0	0	1	0	0	29414020	0	0	29414020	0	/stripe/config.js
1	0	0	0	4	0	0	29408351	0	0	29408278	0	/sendgrid/config
1	0	0	0	7	0	0	29413485	0	0	29318707	0	/config/.env
1	26	0	0	0	29417931	0	0	29322170	0	0	50522	/error/424-2.shtml
1	0	0	0	2	0	0	29356300	0	0	29355788	0	/controller/api/post.js
1	0	0	0	2	0	0	29413485	0	0	29412115	0	/.env.dev.local
1	0	0	0	2	0	0	29356299	0	0	29355786	0	/prod/.env
1	0	0	0	2	0	0	29356300	0	0	29355788	0	/helpers/utility.js
1	0	0	0	1	0	0	29414020	0	0	29414020	0	/secrets.properties
1	0	0	0	1	0	0	29409773	0	0	29409773	0	/app/.env.old
1	0	0	0	5	0	0	29413485	0	0	29407560	0	/cronlab/.env
1	0	0	0	3	0	0	29413486	0	0	29409773	0	/app/etc/local.xml
1	0	0	0	2	0	0	29356298	0	0	29355784	0	/dev/.env
3	1	0	0	0	29409232	0	0	29409232	0	0	7638	https://www.friends.magentaweb.org/robots.txt
3	1	1	0	0	29317821	0	0	29317821	0	0	0	https://cpanel.magentaweb.org/
3	0	0	0	1	0	0	29317814	0	0	29317814	0	https://friends.magentaweb.org/lucasamuelhasse
3	14	2	0	26	29405552	0	29437737	29317866	0	29317812	29955	https://friends.magentaweb.org/
3	0	0	0	1	0	0	29322159	0	0	29322159	0	https://friends.magentaweb.org/error/404.shtml
3	0	0	0	5	0	0	29405092	0	0	29317837	0	https://friends.magentaweb.org/lucasamuelhaase/
3	0	0	0	2	0	0	29405553	0	0	29405552	0	https://www.friends.magentaweb.org/error/424-2.shtml
3	0	0	0	22	0	0	29317867	0	0	29317867	0	https://friends.magentaweb.org/forgotpassword/
3	3	0	0	22	29405553	0	29435523	29322380	0	29317812	5882	https://www.friends.magentaweb.org/
3	0	0	0	5	0	0	29405552	0	0	29324521	0	https://friends.magentaweb.org/error/424-2.shtml
3	0	0	0	1	0	0	29317834	0	0	29317834	0	https://www.friends.magentaweb.org/forgotpassword
4	1	1	0	0	29349998	0	0	29349998	0	0	762	Mozilla/5.0 (Windows NT 10.0; Win64; x64) AppleWebKit/537.36 (KHTML, like Gecko) Chrome/78.0.3880.4 Safari/537.36
4	0	0	0	1	0	0	29375405	0	0	29375405	0	Mozilla/5.0 (Windows; U; Windows NT 6.0 x64; en-US; rv:1.9pre) Gecko/2008072421 Minefield/3.0.2pre
4	1	1	0	0	29437104	0	0	29437104	0	0	762	Mozilla/5.0 (X11; Linux x86_64; rv:138.0) Gecko/20100101 Firefox/138.0
4	0	0	0	1	0	0	29324278	0	0	29324278	0	Mozilla/5.0 (MSIE 9.0; Windows NT 10.0; Win64; x64) AppleWebKit/537.36 (KHTML, like Gecko) Chrome/51.0.2704.79 Safari/537.36 Edge/14.14931
4	10	10	0	0	29380136	0	0	29335767	0	0	7620	Mozilla/5.0 AppleWebKit/537.36 (KHTML, like Gecko; compatible; GPTBot/1.2; +https://openai.com/gptbot)
4	9	8	0	2	29423613	0	29411140	29318445	0	29411140	10044	Mozilla/5.0 (Macintosh; Intel Mac OS X 10_15_7) AppleWebKit/537.36 (KHTML, like Gecko) Chrome/116.0.0.0 Safari/537.36
4	2	2	0	26	29407578	0	29407578	29406328	0	29406328	1524	Python/3.10 aiohttp/3.13.2
4	0	0	0	1	0	0	29420010	0	0	29420010	0	Mozilla/5.0 (Linux; Android 9; H3223) AppleWebKit/537.36 (KHTML, like Gecko) Chrome/76.0.3809.111 Mobile Safari/537.36
4	1	1	0	0	29325937	0	0	29325937	0	0	762	Mozilla/5.0 (Macintosh; Intel Mac OS X 9_2_2) AppleWebKit/573.51 (KHTML, like Gecko) Chrome/57.0.1051 Safari/537.36
4	8	8	0	8	29413754	0	29413754	29319211	0	29319211	11658	Mozilla/5.0 (Windows NT 10.0; Win64; x64) AppleWebKit/537.36 (KHTML, like Gecko) Chrome/137.0.0.0 Safari/537.36
4	0	0	0	1	0	0	29416748	0	0	29416748	0	Mozilla/5.0 (Macintosh, Intel Mac OS X 10_15_7) AppleWebKit/605.1.15 (KHTML, like Gecko) Version/18.3.1 Safari/605.1.15
4	8	8	0	163	29412241	0	29412241	29405544	0	29317803	6096	Mozilla/5.0 (l9scan/2.0.1333e26373e2231313e24373; +https://leakix.net)
4	0	0	0	1	0	0	29409672	0	0	29409672	0	Mozilla/5.0 (Windows; U; Windows NT 5.1; en-US) AppleWebKit/534.7 (KHTML, like Gecko) Chrome/7.0.514.0 Safari/534.7
4	2	2	0	0	29444374	0	0	29444372	0	0	1524	Scrapy/2.13.4 (+https://scrapy.org)
4	31	19	3	35	29350769	29317870	29350568	29317815	29317815	29317814	54572	Mozilla/5.0 (Windows NT 10.0; Win64; x64) AppleWebKit/537.36 (KHTML, like Gecko) Chrome/138.0.0.0 Safari/537.36 OPR/122.0.0.0
4	1	1	0	0	29336104	0	0	29336104	0	0	762	Mozilla/5.0 (iPhone; CPU iPhone OS 12_4 like Mac OS X) AppleWebKit/605.1.15 (KHTML, like Gecko) OPT/1.10.1 Mobile/15E148
4	0	0	0	1	0	0	29408521	0	0	29408521	0	Mozilla/4.0 (compatible; MSIE 8.0; Windows NT 5.1; Trident/4.0; .NET CLR 2.0.50727; .NET CLR 3.0.04506.648; .NET CLR 3.5.21022; .NET CLR 3.0.4506.2152; .NET CLR 3.5.30729)
4	12	12	0	0	29417687	0	0	29417686	0	0	9144	Mozilla/5.0 (compatible; VertexWP/1.0; +https://vertexwp.com/bot)
4	1	1	0	1	29409586	0	29366380	29409586	0	29366380	762	Mozilla/5.0 (Linux; Android 9; Redmi Note 6 Pro) AppleWebKit/537.36 (KHTML, like Gecko) Chrome/75.0.3770.143 Mobile Safari/537.36
4	0	0	0	1	0	0	29420363	0	0	29420363	0	Mozilla/5.0 (X11; Linux i686; rv:8.0) Gecko/20100101 Firefox/8.0
4	2	2	0	0	29407158	0	0	29360852	0	0	1524	Mozilla/5.0 (Windows NT 10.0; Win64; x64) AppleWebKit/537.36 (KHTML, like Gecko) Chrome/126.0.0.0 Safari/537.36 EdgA/126.0.0.0
4	1	1	0	0	29337328	0	0	29337328	0	0	762	Mozilla/5.0 (X11; Fedora; Linux x86_64; rv:49.0) Gecko/20100101 Firefox/49.0
4	3	2	0	0	29411920	0	0	29322380	0	0	3484	Mozilla/5.0 (Windows NT 10.0; Win64; x64) AppleWebKit/537.36 (KHTML, like Gecko) Chrome/119.0.0.0 Safari/537.36
4	1	1	0	1	29409503	0	29405608	29409503	0	29405608	762	Mozilla/5.0 (Windows NT 10.0; Win64; x64) AppleWebKit/537.36
4	11	10	1	39	29442657	29409089	29413558	29407485	29409089	29411951	15258	Mozilla/5.0 (Windows NT 10.0; Win64; x64) AppleWebKit/537.36 (KHTML, like Gecko) Chrome/120.0.0.0 Safari/537.36
4	1	1	0	0	29433480	0	0	29433480	0	0	762	Mozilla/5.0 (X11; Ubuntu; Linux x86_64; rv:92.0) Gecko/20100101 Firefox/92.0
4	0	0	0	1	0	0	29362955	0	0	29362955	0	Mozilla/5.0 (SS; Linux i686; rv:126.0) Gecko/20100101 Firefox/126.0
4	0	0	0	1	0	0	29344564	0	0	29344564	0	Konqueror/3.0-rc4; (Konqueror/3.0-rc4; i686 Linux;;datecode)
4	0	0	0	1	0	0	29419906	0	0	29419906	0	Mozilla/5.0 (Macintosh; Intel Mac OS X 10_11_6) AppleWebKit/537.36 (KHTML, like Gecko) Chrome/75.0.3770.142 Safari/537.36
4	1	1	0	0	29414785	0	0	29414785	0	0	762	Mozilla/5.0 (Macintosh; Intel Mac OS X 10_15_7) AppleWebKit/605.1.15 (KHTML, like Gecko) Version/14.1.3 Safari/605.1.15
4	1	1	0	0	29337298	0	0	29337298	0	0	762	BlackBerry8330/4.3.0 Profile/MIDP-2.0 Configuration/CLDC-1.1 VendorID/105
4	0	0	0	2	0	0	29336265	0	0	29336265	0	single-machine-crawler/1.0 (+you@example.com)
4	1	1	0	0	29360864	0	0	29360864	0	0	762	Mozilla/5.0 (Windows NT 10.0; Win64; x64) AppleWebKit/537.36 (KHTML, like Gecko) Chrome/126.0.0.0 Safari/537.36 Vivaldi/6.1.3035.300
4	0	0	0	6	0	0	29336581	0	0	29336581	0	fasthttp
4	0	0	0	2	0	0	29370933	0	0	29370933	0	Mozilla/5.0 (Windows NT 10.0; Win64; x64) Chrome/141 Safari/537.36
4	0	0	0	3	0	0	29409069	0	0	29328325	0	Mozilla/5.0 (X11; Linux x86_64) AppleWebKit/537.36 (KHTML, like Gecko) Chrome/137.0.0.0 Safari/537.36
4	1	1	0	0	29414551	0	0	29414551	0	0	762	Mozilla/5.0 (Linux; Android 7.0; PIC-AL00) AppleWebKit/537.36 (KHTML, like Gecko) Chrome/76.0.3809.111 Mobile Safari/537.36
4	1	1	0	13	29337539	0	29337539	29337539	0	29337539	762	Python/3.10 aiohttp/3.12.15
4	1	1	0	0	29423193	0	0	29423193	0	0	762	Mozilla/5.0 (Knoppix; Linux x86_64) AppleWebKit/537.36 (KHTML, like Gecko) Chrome/125.0.0.0 Safari/537.36
4	0	0	0	1	0	0	29407200	0	0	29407200	0	Mozilla/5.0 (X11; CrOS x86_64 14541.0.0) AppleWebKit/537.36 (KHTML, like Gecko) Chrome/131.0.0.0 Safari/537.36
4	4	4	0	4	29318047	0	29318047	29318047	0	29318047	14172	Mozilla/5.0 (iPhone; CPU iPhone OS 18_5 like Mac OS X) AppleWebKit/605.1.15 (KHTML, like Gecko) CriOS/138.0.7204.156 Mobile/15E148 Safari/604.1
4	1	1	0	0	29421214	0	0	29421214	0	0	762	Mozilla/5.0 (X11; U; OpenBSD arm; en-us) AppleWebKit/531.2  (KHTML, like Gecko) Safari/531.2  Epiphany/2.30.0
4	0	0	0	1	0	0	29409511	0	0	29409511	0	Mozilla/5.0 (X11; Linux i686) AppleWebKit/537.36 (KHTML, like Gecko) Chrome/39.0.2166.2 Safari/537.36
4	1	1	0	0	29327760	0	0	29327760	0	0	762	Mozilla/5.0 (Macintosh; Intel Mac OS X 10_15_7) AppleWebKit/537.36 (KHTML, like Gecko) Chrome/131.0.0.0 Safari/537.36 Edg/131.0.0.0
4	6	6	0	0	29424452	0	0	29319156	0	0	10134	Mozilla/5.0 (compatible; InternetMeasurement/1.0; +https://internet-measurement.com/)
4	0	0	0	1	0	0	29415937	0	0	29415937	0	Mozilla/5.0 (X11; Linux i686; rv:1.9.5.20) Gecko/ Firefox/3.6.17
4	3	3	0	0	29442946	0	0	29414411	0	0	2286	Mozilla/5.0 (Windows NT 10.0; Win64; x64) AppleWebKit/537.36 (KHTML, like Gecko) Chrome/107.0.0.0 Safari/537.36 Edg/107.0.1418.62
4	0	0	0	6	0	0	29421080	0	0	29320889	0	Mozilla/5.0 (X11; Linux x86_64)
4	0	0	0	1	0	0	29415584	0	0	29415584	0	Mozilla/5.0 (Macintosh; Intel Mac OS X 10_15_7) AppleWebKit/537.36 (KHTML, like Gecko) Chrome/123.0.0.0 Safari/537.36
4	0	0	0	1	0	0	29363023	0	0	29363023	0	Mozilla/5.0 (Linux; Android 9; SAMSUNG SM-G973F Build/PPR1.180610.011) AppleWebKit/537.36 (KHTML, like Gecko) SamsungBrowser/9.4 Chrome/67.0.3396.87 Mobile Safari/537.36
4	1	1	0	0	29320186	0	0	29320186	0	0	3543	Mozilla/5.0 (X11; Linux x86_64) AppleWebKit/537.36 (KHTML, like Gecko) Chrome/119.0.0.0 Safari/537.36
4	0	0	0	1	0	0	29336888	0	0	29336888	0	Mozilla/5.0 (Macintosh; Intel Mac OS X 10_15_3) AppleWebKit/537.36 (KHTML, like Gecko) Chrome/100.0.4896.127 Safari/537.36
4	0	0	0	1	0	0	29341270	0	0	29341270	0	Mozilla/5.0 (Linux; Android 5.0; ASUS_Z00AD) AppleWebKit/537.36 (KHTML, like Gecko) Chrome/76.0.3809.89 Mobile Safari/537.36
4	6	6	0	10	29441442	0	29446258	29367410	0	29366819	4572	Mozilla/5.0 (Windows NT 10.0; Win64; x64) AppleWebKit/537.36 (KHTML, like Gecko) Chrome/134.0.0.0 Safari/537.3
4	1	1	0	0	29336484	0	0	29336484	0	0	762	Mozilla/5.0 (Linux; Android 7.0; KIICAA POWER) AppleWebKit/537.36 (KHTML, like Gecko) Chrome/75.0.3770.101 Mobile Safari/537.36
4	0	0	0	195	0	0	29407988	0	0	29407560	0	python-httpx/0.22.0
4	0	0	0	1	0	0	29404091	0	0	29404091	0	Mozilla/5.0 (iPhone; CPU iPhone OS 17_0 like Mac OS X) AppleWebKit/605.1.15 Version/17.0 Mobile Safari/604.1
4	0	0	0	1	0	0	29407159	0	0	29407159	0	Bingbot/2.0 (+http://www.bing.com/bingbot.htm)
4	0	0	0	1	0	0	29320116	0	0	29320116	0	Python-urllib/3.10
4	0	0	0	1	0	0	29319450	0	0	29319450	0	Mozilla/5.0 (X11; Linux x86_64) AppleWebKit/537.36 (KHTML, like Gecko) Chrome/68.0.3440.106 Safari/537.36
4	1	1	0	0	29448697	0	0	29448697	0	0	762	Mozilla/5.0 (Windows NT 10.0; Win64; x64) AppleWebKit/537.36 (KHTML, like Gecko) Chrome/120.0.0.0 Safari/537.36 Edg/120.0.0.0
4	0	0	0	1	0	0	29408399	0	0	29408399	0	Mozilla/5.0 (Knoppix; Linux x86_64) AppleWebKit/537.36 (KHTML, like Gecko) Chrome/133.0.0.0 Safari/537.36
4	0	0	0	1	0	0	29439602	0	0	29439602	0	Mozilla/5.0 (X11; Linux x86_64) AppleWebKit/537.36 (KHTML, like Gecko) Chrome/75.0.3770.100 Safari/537.36
4	2	2	0	0	29336581	0	0	29336581	0	0	762	Mozilla/5.0 (Macintosh; Intel Mac OS X 10_14_6) AppleWebKit/537.36 (KHTML, like Gecko) Chrome/76.0.3809.132 Safari/537.36
4	0	0	0	1	0	0	29417088	0	0	29417088	0	Mozilla/5.0 (X11; Linux i686 on x86_64; rv:2.0.1) Gecko/20100101 Firefox/4.0.1
4	3	3	0	3	29408598	0	29408598	29318324	0	29318324	7848	Mozilla/5.0 (Linux; Android 10; K) AppleWebKit/537.36 (KHTML, like Gecko) Chrome/137.0.0.0 Mobile Safari/537.36
4	0	0	0	1	0	0	29328325	0	0	29328325	0	Mozilla/5.0 (X11; Linux x86_64) AppleWebKit/537.36 (KHTML, like Gecko) Chrome/136.0.0.0 Safari/537.36
4	0	0	0	1	0	0	29408129	0	0	29408129	0	Mozilla/5.0 (Windows NT 10.0; Win64; x64) AppleWebKit/537.36 (KHTML, like Gecko) Chrome/75.0.3770.142 Safari/537.36 OPR/62.0.3331.117
4	13	12	1	0	29420487	29409000	0	29387127	29409000	0	16782	Mozilla/5.0 (Windows NT 10.0; Win64; x64) Chrome/91.0.4472.124
4	1	0	1	97	29364274	29364274	29449513	29364274	29364274	29322125	7638	Mozilla/5.0 (Macintosh; Intel Mac OS X 10_15_7) AppleWebKit/537.36 (KHTML, like Gecko) Chrome/131.0.0.0 Safari/537.36; compatible; OAI-SearchBot/1.0; +https://openai.com/searchbot
4	0	0	0	1	0	0	29344275	0	0	29344275	0	Mozilla/5.0 (Macintosh; Intel Mac OS X 10_7_2) AppleWebKit/535.1 (KHTML, like Gecko) Chrome/14.0.835.186 Safari/535.1
4	0	0	0	1	0	0	29318326	0	0	29318326	0	Mozilla/5.0 (Macintosh; Intel Mac OS X 10_14_1) AppleWebKit/537.36 (KHTML, like Gecko) Chrome/76.0.3809.100 Safari/537.36
4	0	0	0	1	0	0	29361811	0	0	29361811	0	Mozilla/5.0 (Linux; U; Android 1.5; en-us; T-Mobile G1 Build/CRB43) AppleWebKit/528.5  (KHTML, like Gecko) Version/3.1.2 Mobile Safari 525.20.1
4	1	1	0	0	29360845	0	0	29360845	0	0	762	Mozilla/5.0 (Windows NT 10.0; Win64; x64) AppleWebKit/537.36 (KHTML, like Gecko) Chrome/126.0.0.0 Safari/537.36
4	0	0	0	1	0	0	29341210	0	0	29341210	0	Mozilla/5.0 (Macintosh; Intel Mac OS X 10_13_0) AppleWebKit/537.36 (KHTML, like Gecko) Chrome/76.0.3809.100 Safari/537.36
4	0	0	0	1	0	0	29362468	0	0	29362468	0	Mozilla/5.0 (Windows; U; Windows NT 6.0; en-US; rv:1.9.1.6) Gecko/20091201 Firefox/3.5.6 GTB5
4	1	1	0	0	29321803	0	0	29321803	0	0	3543	Mozilla/5.0 (Macintosh; Intel Mac OS X 8_2_1) AppleWebKit/556.38 (KHTML, like Gecko) Chrome/55.0.2756 Safari/537.36
4	3	3	3	0	29318960	29318960	0	29317815	29317815	0	15495	Mozilla/5.0 (compatible; Discordbot/2.0; +https://discordapp.com)
4	0	0	1	0	0	29409015	0	0	29409015	0	0	Mozilla/5.0 (Macintosh; Intel Mac OS X 10_13_0) AppleWebKit/537.36 (KHTML, like Gecko) Chrome/76.0.3809.87 Safari/537.36
4	0	0	0	1	0	0	29375498	0	0	29375498	0	Mozilla/5.0 (compatible; Konqueror/4.5; FreeBSD) KHTML/4.5.4 (like Gecko)
4	0	0	0	1	0	0	29406661	0	0	29406661	0	Mozilla/5.0 (Macintosh; Intel Mac OS X 10_11_2) AppleWebKit/601.3.9 (KHTML, like Gecko) Version/9.0.2 Safari/601.3.9
4	6	6	0	0	29425166	0	0	29387261	0	0	4572	Mozilla/5.0 (compatible; NetcraftSurveyAgent/1.0; +info@netcraft.com)
4	0	0	0	1	0	0	29422184	0	0	29422184	0	Mozilla/5.0 (Linux; Android 8.0.0; XT1650) AppleWebKit/537.36 (KHTML, like Gecko) Chrome/74.0.3729.157 Mobile Safari/537.36
4	10	10	0	693	29423038	0	29423038	29408279	0	29387127	7620	python-httpx/0.28.1
4	0	0	0	1	0	0	29420271	0	0	29420271	0	Mozilla/5.0 (Linux; Android 9; SM-G973F) AppleWebKit/537.36 (KHTML, like Gecko) Chrome/76.0.3809.89 Mobile Safari/537.36
4	10	7	0	5	29413303	0	29413303	29335566	0	29335566	8844	Mozilla/5.0 (Windows NT 10.0; Win64; x64) AppleWebKit/537.36 (KHTML, like Gecko) Chrome/117.0.0.0 Safari/537.36
4	0	0	0	1	0	0	29411123	0	0	29411123	0	Mozilla/5.0  Macintosh  Intel Mac OS X 10_15_7  AppleWebKit/605.1.15  KHTML  like Gecko  Version/18.3.1 Safari/605.1.15
4	2	2	0	2	29318152	0	29318152	29318151	0	29318151	7086	Mozilla/5.0 (Macintosh; Intel Mac OS X 10_15_7) AppleWebKit/537.36 (KHTML, like Gecko) Chrome/113.0.0.0 Safari/537.36
4	1	1	1	1	29318963	29318963	29318963	29318963	29318963	29318963	5165	Mozilla/5.0 (Linux; Android 10; K) AppleWebKit/537.36 (KHTML, like Gecko) SamsungBrowser/28.0 Chrome/130.0.0.0 Mobile Safari/537.36
4	0	0	0	1	0	0	29439201	0	0	29439201	0	Nokia3230/2.0 (5.0614.0) SymbianOS/7.0s Series60/2.1 Profile/MIDP-2.0 Configuration/CLDC-1.0
4	1	1	0	0	29324393	0	0	29324393	0	0	762	Mozilla/5.0 (Windows NT 10.0; Win64; x64; rv:95.0) Gecko/20100101 Firefox/95.0
4	4	4	0	0	29360751	0	0	29317803	0	0	3298	Mozilla/5.0 (Linux; Android 6.0; HTC One M9 Build/MRA876937) AppleWebKit/537.36 (KHTML, like Gecko) Chrome/52.0.1248.98 Mobile Safari/537.3
4	18	18	0	36	29448461	0	29448461	29423042	0	29423042	13716	Mozilla/5.0 (Windows NT 10.0; Win64; x64) AppleWebKit/537.36 (KHTML, like Gecko) Chrome/60.0.3112.113 Safari/537.36 Assetnote/1.0.0
4	0	0	1	0	0	29409046	0	0	29409046	0	0	Mozilla/5.0 (Macintosh; Intel Mac OS X 10_14_2) AppleWebKit/605.1.15 (KHTML, like Gecko) Version/13.1 Safari/605.1.15
4	8	8	0	0	29433606	0	0	29421632	0	0	6096	Mozilla/5.0 (X11; Linux i686; rv:124.0) Gecko/20100101 Firefox/124.0
4	1	1	0	0	29325834	0	0	29325834	0	0	762	Mozilla/5.0 (X11; Linux x86_64) AppleWebKit/567.36 (KHTML, like Gecko) Chrome/71.0.2452 Safari/537.36
4	0	0	0	1	0	0	29414362	0	0	29414362	0	Mozilla/5.0 (Macintosh; Intel Mac OS X 10_10_2) AppleWebKit/537.36 (KHTML, like Gecko) Chrome/41.0.2272.118 Safari/537.36 OPR/28.0.1750.51
4	0	0	0	1	0	0	29413435	0	0	29413435	0	Mozilla/5.0 (Macintosh; Intel Mac OS X 10_15_6) AppleWebKit/605.1.15 (KHTML, like Gecko) Version/14.1.1 Safari/605.1.15
4	0	0	1	0	0	29409094	0	0	29409094	0	0	Mozilla/5.0 (Linux; Android 9; VOG-L09 Build/HUAWEIVOG-L09) AppleWebKit/537.36 (KHTML, like Gecko) Chrome/69.0.3497.128 Mobile Safari/537.36 (Ecosia android@69.0.3497.128)
4	1	1	0	0	29407814	0	0	29407814	0	0	762	Mozilla/5.0 (Linux; U; Android 1.5; en-us; htc_bahamas Build/CRB17) AppleWebKit/528.5  (KHTML, like Gecko) Version/3.1.2 Mobile Safari/525.20.1
4	2	2	0	0	29317976	0	0	29317976	0	0	7086	Mozilla/5.0 (X11; Linux x86_64; rv:83.0) Gecko/20100101 Firefox/83.0
4	0	0	0	1	0	0	29416748	0	0	29416748	0	Mozilla/5.0 (Knoppix; Linux i686; rv:121.0) Gecko/20100101 Firefox/121.0
4	0	0	0	1	0	0	29414151	0	0	29414151	0	Mozilla/5.0 (Macintosh; Intel Mac OS X 13_0) AppleWebKit/605.1.15 (KHTML, like Gecko) Version/16.1 Safari/605.1.15
4	0	0	0	1	0	0	29404215	0	0	29404215	0	Mozilla/5.0 (Windows NT 10.0; Win64; x64) AppleWebKit/537.36 Chrome/127.0 Safari/537.36
4	0	0	0	1	0	0	29418492	0	0	29418492	0	Mozilla/5.0 (X11; U; Linux x86_64; en-US) AppleWebKit/532.9 (KHTML, like Gecko) Chrome/5.0.309.0 Safari/532.9
4	12	12	0	21	29437209	0	29437209	29436081	0	29436081	6858	Mozilla/5.0 (Windows NT 10.0; Win64; x64) AppleWebKit/537.36 (KHTML, like Gecko) Chrome/125.0.0.0 Safari/537.36
4	1	1	0	0	29406656	0	0	29406656	0	0	762	Mozilla/5.0 (Windows NT 6.1; Win64; x64) AppleWebKit/537.36 (KHTML, like Gecko) Chrome/69.0.3497.92 Safari/537.36
4	4	4	0	0	29405549	0	0	29362176	0	0	1524	Mozilla/5.0 (Windows NT 10.0; Win64; x64) AppleWebKit/537.36 (KHTML, like Gecko) Chrome/58.0.3029.110 Safari/537.3
4	1	1	0	0	29318877	0	0	29318877	0	0	3543	Mozilla/5.0 (Fedora; Linux i686) AppleWebKit/537.36 (KHTML, like Gecko) Chrome/127.0.0.0 Safari/537.36
4	0	0	0	1	0	0	29414785	0	0	29414785	0	Mozilla/5.0 (Windows NT 10.0; Win64; x64; rv:93.0) Gecko/20100101 Firefox/93.0
4	0	0	0	1	0	0	29341340	0	0	29341340	0	Mozilla/5.0 (X11; U; Linux x86_64; en-US; rv:1.9.0.3) Gecko/2008092814 (Debian-3.0.1-1)
4	3	1	0	1	29331448	0	29324521	29324521	0	29324521	4645	Mozilla/5.0 (Macintosh; Intel Mac OS X 10_15_7) AppleWebKit/605.1.15 (KHTML, like Gecko) Version/26.0 Safari/605.1.15
4	3	3	0	0	29422890	0	0	29394854	0	0	2286	cypex.ai/scanning Mozilla/5.0 (Macintosh; Intel Mac OS X 10_15_7) Chrome/126.0.0.0 Safari/537.36
4	6	5	0	2	29417931	0	29417931	29360751	0	29417931	4978	Mozilla/5.0 (X11; Linux x86_64) AppleWebKit/537.36 (KHTML, like Gecko) Chrome/117.0.0.0 Safari/537.36
4	14	12	0	7	29417931	0	29412918	29318446	0	29318446	14267	Mozilla/5.0 (Windows NT 10.0; Win64; x64) AppleWebKit/537.36 (KHTML, like Gecko) Chrome/116.0.0.0 Safari/537.36
4	4	4	0	4	29443108	0	29443108	29381785	0	29381785	3048	Mozilla/5.0 (compatible; wpbot/1.3; +https://forms.gle/ajBaxygz9jSR8p8G9)
4	2	2	0	2	29318152	0	29318152	29318151	0	29318151	7086	Mozilla/5.0 (Linux; Android 8.0.0; SM-G965U Build/R16NW) AppleWebKit/537.36 (KHTML, like Gecko) Chrome/63.0.3239.111 Mobile Safari/537.36
4	6	6	0	0	29416327	0	0	29318815	0	0	10134	Scrapy/2.13.3 (+https://scrapy.org)
4	27	27	0	34	29449159	0	29438841	29318495	0	29318495	34479	Mozilla/5.0 (compatible; CensysInspect/1.1; +https://about.censys.io/)
4	0	0	0	1	0	0	29321520	0	0	29321520	0	Mozilla/5.0 (CentOS; Linux x86_64) AppleWebKit/537.36 (KHTML, like Gecko) Chrome/134.0.0.0 Safari/537.36
4	0	0	0	1	0	0	29407159	0	0	29407159	0	IFTTT/3.1.0 (+https://ifttt.com)
4	2	2	0	2	29417613	0	29417612	29417612	0	29417612	1524	Mozilla/5.0 AppleWebKit/537.36 (KHTML, like Gecko; compatible; ClaudeBot/1.0; +claudebot@anthropic.com)
4	4	4	0	82	29360751	0	29417686	29317803	0	29317803	3653	Go-http-client/1.1
4	1	0	1	116	29409232	29409232	29449590	29409232	29409232	29383730	7638	Mozilla/5.0 (Macintosh; Intel Mac OS X 10_15_7) AppleWebKit/537.36 (KHTML, like Gecko) Chrome/131.0.0.0 Safari/537.36; compatible; OAI-SearchBot/1.3; robots.txt; +https://openai.com/searchbot
4	1	1	1	2	29405092	29405092	29405093	29405092	29405092	29405092	620	Mozilla/5.0 (Macintosh; Intel Mac OS X 10_15_7) AppleWebKit/605.1.15 (KHTML, like Gecko) Version/26.0.1 Safari/605.1.15
4	1	1	1	1	29317837	29317837	29317837	29317837	29317837	29317837	5165	Mozilla/5.0 (Windows NT 10.0; Win64; x64; rv:143.0) Gecko/20100101 Firefox/143.0
4	0	0	0	1	0	0	29410282	0	0	29410282	0	Mozilla/5.0 (X11; Linux x86_64) AppleWebKit/537.36 (KHTML, like Gecko) Chrome/68.0.3440.75 Safari/537.36
4	0	0	0	1	0	0	29371587	0	0	29371587	0	Mozilla/5.0 (Linux; Android 12; motorola edge 20 pro) AppleWebKit/537.36 (KHTML, like Gecko) Chrome/101.0.4951.41 Mobile Safari/537.36
4	34	33	1	0	29449227	29409232	0	29383730	29409232	0	32784	Mozilla/5.0 AppleWebKit/537.36 (KHTML, like Gecko; compatible; GPTBot/1.3; +https://openai.com/gptbot)
4	0	0	0	1	0	0	29364082	0	0	29364082	0	Mozilla/5.0 (Windows NT 6.3; WOW64) AppleWebKit/537.36 (KHTML, like Gecko) Chrome/31.0.1650.57 Safari/537.36 OPR/18.0.1284.49
4	4	4	0	0	29448697	0	0	29327408	0	0	3048	Mozilla/5.0 (Macintosh; Intel Mac OS X 10_15_7) AppleWebKit/537.36 (KHTML, like Gecko) Chrome/120.0.0.0 Safari/537.36
4	0	0	0	1	0	0	29433355	0	0	29433355	0	SonyEricssonK310iv/R4DA Browser/NetFront/3.3 Profile/MIDP-2.0 Configuration/CLDC-1.1 UP.Link/6.3.1.13.0
4	1	0	0	0	29320187	0	0	29320187	0	0	71	Mozilla/5.0 (compatible)
4	13	11	0	4	29417931	0	29412396	29318445	0	29360828	16281	Mozilla/5.0 (X11; Linux x86_64) AppleWebKit/537.36 (KHTML, like Gecko) Chrome/116.0.0.0 Safari/537.36
4	1	1	0	0	29337904	0	0	29337904	0	0	762	Mozilla/5.0 (Windows NT 6.2; WOW64) AppleWebKit/537.36 (KHTML, like Gecko) Chrome/59.0.3068.0 Safari/537.36
4	17	17	0	4	29422871	0	29399337	29326603	0	29328448	6858	Hello from Palo Alto Networks, find out more about our scans in https://docs-cortex.paloaltonetworks.com/r/1/Cortex-Xpanse/Scanning-activity
4	0	0	0	1	0	0	29423588	0	0	29423588	0	Netlify-Bot/1.2.3
4	0	0	0	1	0	0	29361755	0	0	29361755	0	Mozilla/5.0 (Linux; Android 8.0.0; SM-A600FN) AppleWebKit/537.36 (KHTML, like Gecko) Chrome/76.0.3809.111 Mobile Safari/537.36
4	0	0	0	1	0	0	29418792	0	0	29418792	0	Mozilla/5.0 (compatible; Konqueror/3.5; NetBSD 4.0_RC3; X11) KHTML/3.5.7 (like Gecko)
4	0	0	0	1	0	0	29373241	0	0	29373241	0	Mozilla/5.0 (Macintosh; Intel Mac OS X 10_15_7) AppleWebKit/537.36 (KHTML, like Gecko) Chrome/99.0.4844.84 Safari/537.36
4	0	0	0	3	0	0	29441301	0	0	29388780	0	RecordedFuture Global Inventory Crawler
4	1	1	0	0	29409893	0	0	29409893	0	0	762	Mozilla/5.0 (Linux; Android 7.1.1; Moto G Play) AppleWebKit/537.36 (KHTML, like Gecko) Chrome/75.0.3770.143 Mobile Safari/537.36
4	1	1	0	0	29421021	0	0	29421021	0	0	762	Mozilla/5.0 (Macintosh; Intel Mac OS X 10_14_3) AppleWebKit/537.36 (KHTML, like Gecko) Chrome/72.0.3626.121 Safari/537.36
4	11	11	0	11	29437737	0	29437737	29318908	0	29318908	11163	Mozilla/5.0 (X11; Linux x86_64; rv:139.0) Gecko/20100101 Firefox/139.0
4	2	2	0	2	29418276	0	29418276	29416756	0	29416756	1524	Mozilla/5.0 (X11; Linux x86_64) AppleWebKit/537.36 (KHTML, like Gecko) Chrome/142.0.0.0 Safari/537.36
4	0	0	0	1	0	0	29420487	0	0	29420487	0	python-httpx/0.27.2
4	1	1	0	0	29338790	0	0	29338790	0	0	762	Mozilla/5.0 zgrab/0.x
4	1	1	0	0	29416833	0	0	29416833	0	0	762	Mozilla/5.0 (Windows NT 10.0; Win64; x64) AppleWebKit/537.36 (KHTML, like Gecko) Chrome/135.0.0.0 Safari/537.36 Edg/135.0.0.0
4	1	1	0	0	29327564	0	0	29327564	0	0	762	Mozilla/5.0 (Macintosh; Intel Mac OS X 10_15_7) AppleWebKit/537.36 (KHTML, like Gecko) Chrome/136.0.0.0 Safari/537.36
4	6	2	1	0	29324559	29322125	0	29322125	29322125	0	13359	Mozilla/5.0 AppleWebKit/537.36 (KHTML, like Gecko); compatible; ChatGPT-User/1.0; +https://openai.com/bot
4	0	0	0	151	0	0	29413486	0	0	29413485	0	python-httpx/0.27.0
4	12	12	0	76	29424348	0	29448697	29318707	0	29318707	14706	Mozilla/5.0
4	0	0	0	1	0	0	29364127	0	0	29364127	0	Mozilla/5.0 (Macintosh; Intel Mac OS X 10_13_6) AppleWebKit/537.36 (KHTML, like Gecko) Chrome/74.0.3729.169 Safari/537.36
4	1	1	0	0	29407064	0	0	29407064	0	0	762	Mozilla/5.0 (X11; U; Linux x86_64; en-US) AppleWebKit/534.15 (KHTML, like Gecko) Chrome/10.0.613.0 Safari/534.15
4	2	2	0	2	29382529	0	29382529	29379701	0	29379700	1524	Mozilla/5.0 (X11; Linux x86_64) AppleWebKit/537.36 (KHTML, like Gecko) Chrome/81.0.4044.129 Safari/537.36
4	0	0	0	1	0	0	29422805	0	0	29422805	0	Mozilla/5.0 (Linux; Android 8.1.0; SM-G390F) AppleWebKit/537.36 (KHTML, like Gecko) Chrome/76.0.3809.89 Mobile Safari/537.36
4	0	0	0	1	0	0	29414785	0	0	29414785	0	Mozilla/5.0 (Fedora; Linux i686) AppleWebKit/537.36 (KHTML, like Gecko) Chrome/125.0.0.0 Safari/537.36
4	1	1	0	0	29405545	0	0	29405545	0	0	762	Mozilla/5.0 (Windows NT 10.0; Win64; x64) AppleWebKit/537.36 (KHTML, like Gecko) Chrome/126.0.6478.182 Safari/537.36 Edg/126.0.2592.56
4	0	0	0	1	0	0	29319331	0	0	29319331	0	Mozilla/5.0 (Windows NT 10.0; WOW64) AppleWebKit/537.36 (KHTML, like Gecko) Chrome/71.0.3578.98 Safari/537.36
4	24	24	0	0	29364115	0	0	29320089	0	0	32193	Mozilla/5.0 (X11; Linux i686; rv:109.0) Gecko/20100101 Firefox/120.0
4	1	1	0	0	29421376	0	0	29421376	0	0	762	Mozilla/5.0 (Windows NT 6.0) AppleWebKit/537.36 (KHTML, like Gecko) Chrome/45.0.2454.93 Safari/537.36
4	0	0	0	1	0	0	29407072	0	0	29407072	0	Mozilla/5.0 (X11; U; Linux i686; en-US) AppleWebKit/532.4 (KHTML, like Gecko) Chrome/4.0.237.0 Safari/532.4 Debian
4	15	15	0	40	29348082	0	29348082	29318199	0	29318199	39240	Mozilla/5.0 (Linux; Android 6.0; Nexus 5 Build/MRA58N) AppleWebKit/537.36 (KHTML, like Gecko) Chrome/130.0.0.0 Mobile Safari/537.36
4	6	4	0	4	29405552	0	29405552	29317812	0	29317812	9212	Mozilla/5.0 (iPhone; CPU iPhone OS 16_6_1 like Mac OS X) AppleWebKit/605.1.15 (KHTML, like Gecko) Version/16.5 Mobile/15E148 Safari/604.1
4	0	0	0	2	0	0	29341602	0	0	29337908	0	Mozilla/5.0 (Windows; U; Windows NT 6.0; en-GB; rv:1.9.0.11) Gecko/2009060215 Firefox/3.0.11 (.NET CLR 3.5.30729)
4	0	0	0	1	0	0	29414456	0	0	29414456	0	Mozilla/5.0 (Macintosh; Intel Mac OS X 10.8; rv:16.0) Gecko/20120813 Firefox/16.0
4	1	1	0	0	29424017	0	0	29424017	0	0	762	Mozilla/5.0 (Windows NT 6.3; Win64; x64) AppleWebKit/537.36 (KHTML, like Gecko) Chrome/100.0.4896.60 Safari/537.36
4	1	1	0	0	29417924	0	0	29417924	0	0	762	Opera/9.30 (Nintendo Wii; U; ; 2047-7; en)
4	4	4	1	1	29317927	29317839	29317839	29317839	29317839	29317839	12251	Mozilla/5.0 (Windows NT 10.0; Win64; x64) AppleWebKit/537.36 (KHTML, like Gecko) Chrome/140.0.0.0 Safari/537.36
4	1	1	0	0	29396930	0	0	29396930	0	0	762	Mozilla/5.0 (Linux; Android 5.0.2; SAMSUNG SM-T530NU Build/LRX22G) AppleWebKit/537.36 (KHTML, like Gecko) SamsungBrowser/3.2 Chrome/38.0.2125.102 Safari/537.36
4	0	0	0	1	0	0	29344275	0	0	29344275	0	Mozilla/5.0 (Macintosh; Intel Mac OS X 10.9; rv:35.0) Gecko/20100101 Firefox/35.0
4	5	5	0	313	29356300	0	29356300	29355784	0	29355784	3810	Mozilla/5.0 (Windows NT 6.1; Win64; x64; rv:47.0) Gecko/20100101 Firefox/47.0
4	1	1	0	0	29423798	0	0	29423798	0	0	762	Mozilla/5.0 (Macintosh; Intel Mac OS X 10_15_7) AppleWebKit/537.36 (KHTML, like Gecko) Chrome/135.0.0.0 Safari/537.36
4	2	2	0	2	29317976	0	29317976	29317976	0	29317976	7086	Mozilla/5.0 (Macintosh; Intel Mac OS X 10_9_2) AppleWebKit/537.36 (KHTML, like Gecko) Chrome/33.0.1750.152 Safari/537.36
4	1	1	0	0	29408326	0	0	29408326	0	0	762	Mozilla/5.0 (Windows NT 10.0; Win64; x64) AppleWebKit/537.36 (KHTML, like Gecko) Chrome/74.0.3729.108 Safari/537.36
4	0	0	0	1	0	0	29349496	0	0	29349496	0	Mozilla/5.0 AppleWebKit/537.36 (KHTML, like Gecko; compatible; GPTBot/1.0; +https://openai.com/gptbot)
4	2	2	0	2	29317976	0	29317976	29317976	0	29317976	7086	Mozilla/5.0 (X11; Linux x86_64) AppleWebKit/537.36 (KHTML, like Gecko) Chrome/132.0.0.0 Safari/537.36
4	0	0	0	1	0	0	29429188	0	0	29429188	0	Mozilla/5.0 (Macintosh; Intel Mac OS X 10_6_8) AppleWebKit/534.59.10 (KHTML, like Gecko) Version/5.1.9 Safari/534.59.10
4	0	0	0	1	0	0	29433354	0	0	29433354	0	Mozilla/5.0 (Macintosh; Intel Mac OS X 10_12_6) AppleWebKit/537.36 (KHTML, like Gecko) Chrome/76.0.3809.87 Safari/537.36
4	2	2	0	10	29360751	0	29360751	29317809	0	29317809	2647	Mozilla/5.0 (Macintosh; Intel Mac OS X 10.15; rv:139.0) Gecko/20100101 Firefox/139.0
4	0	0	0	7	0	0	29380136	0	0	29358948	0	Mozilla/5.0 (Macintosh; Intel Mac OS X 10_15_7) AppleWebKit/537.36 (KHTML, like Gecko) Chrome/131.0.0.0 Safari/537.36; compatible; OAI-SearchBot/1.0; robots.txt; +https://openai.com/searchbot
4	1	1	0	0	29423193	0	0	29423193	0	0	762	Mozilla/5.0 (ZZ; Linux x86_64) AppleWebKit/537.36 (KHTML, like Gecko) Chrome/121.0.0.0 Safari/537.36
4	0	0	0	1	0	0	29414380	0	0	29414380	0	Mozilla/5.0 (Windows NT 10.0; WOW64) AppleWebKit/537.36 (KHTML, like Gecko) Chrome/73.0.3683.86 Safari/537.36
4	1	1	0	0	29363022	0	0	29363022	0	0	762	Mozilla/5.0 (Linux; Android 6.0.1; SM-G900F) AppleWebKit/537.36 (KHTML, like Gecko) Chrome/75.0.3770.143 Mobile Safari/537.36
4	0	0	0	1	0	0	29410400	0	0	29410400	0	Mozilla/5.0 (Knoppix; Linux i686; rv:126.0) Gecko/20100101 Firefox/126.0
4	1	1	0	0	29361781	0	0	29361781	0	0	762	Mozilla/5.0 (X11; Arch; Linux x86_64; rv:128.1.0) Gecko/20100101 Firefox/128.1.0
4	0	0	0	1	0	0	29362556	0	0	29362556	0	Mozilla/5.0 (X11; Linux x86_64) AppleWebKit/537.36 (KHTML, like Gecko) Chrome/76.0.3809.89 Safari/537.36
4	0	0	0	1	0	0	29321161	0	0	29321161	0	Mozilla/5.0 (X11; CrOS x86_64 14541.0.0) AppleWebKit/537.36 (KHTML, like Gecko) Chrome/116.0.0.0 Safari/537.36
4	10	8	0	7	29413331	0	29413331	29318574	0	29318574	13996	Mozilla/5.0 (Macintosh; Intel Mac OS X 10_15_7) AppleWebKit/537.36 (KHTML, like Gecko) Chrome/117.0.0.0 Safari/537.36
4	1	1	0	0	29436699	0	0	29436699	0	0	762	Mozilla/5.0 (Macintosh; Intel Mac OS X 10_13_6) AppleWebKit/537.36 (KHTML, like Gecko) Chrome/67.0.3396.99 Safari/537.36
4	1	1	0	0	29336764	0	0	29336764	0	0	762	Mozilla/5.0 (iPhone; CPU iPhone OS 10_0 like Mac OS X) AppleWebKit/602.1.50 (KHTML, like Gecko) Version/10.0 Mobile/14A346 Safari/602.1
4	1	1	0	0	29410601	0	0	29410601	0	0	762	Mozilla/5.0 (Windows NT 10.0; Win64; x64) AppleWebKit/537.37 (KHTML, like Gecko) Chrome/118.0.0.0 Safari/537.36
4	0	0	0	1	0	0	29344796	0	0	29344796	0	iTunes/9.0.2 (Windows; N)
4	0	0	0	1	0	0	29365272	0	0	29365272	0	osee2unifiedRelease/1466 osee2unifiedReleaseVersion/6.9.1 Mozilla/5.0 (iPhone; CPU iPhone OS 12_4 like Mac OS X) AppleWebKit/605.1.15 (KHTML, like Gecko) Mobile/15E148
4	0	0	0	1	0	0	29428981	0	0	29428981	0	Mozilla/5.0 (Macintosh; Intel Mac OS X 10_10_3) AppleWebKit/537.36 (KHTML, like Gecko) Chrome/43.0.2357.81 Safari/537.36
4	1	1	0	0	29362299	0	0	29362299	0	0	762	Mozilla/5.0 (Linux; Android 4.0.4; BNTV400 Build/IMM76L) AppleWebKit/537.36 (KHTML, like Gecko) Chrome/42.0.2311.111 Safari/537.36
4	1	1	0	0	29416748	0	0	29416748	0	0	762	Mozilla/5.0 (X11; Linux i686) AppleWebKit/537.36 (KHTML, like Gecko) Chrome/135.0.0.0 Safari/537.36
4	9	9	0	0	29407371	0	0	29317805	0	0	7799	Mozilla/5.0 (compatible; UGAResearchAgent/1.0; Please visit: NISLabUGA.github.io)
4	1	1	0	1	29407431	0	29407431	29407431	0	29407431	762	Mozilla/5.0 (Linux; Android 10; K) AppleWebKit/537.36 (KHTML, like Gecko) Chrome/142.0.0.0 Mobile Safari/537.36
4	2	2	0	0	29435016	0	0	29435016	0	0	1524	Mozilla/5.0 (Windows NT 10.0; Win64; x64) AppleWebKit/537.36 (KHTML, like Gecko) Chrome/104.0.0.0 Safari/537.36
4	0	0	0	1	0	0	29423588	0	0	29423588	0	Insomnia/2024.5.0
4	19	19	0	19	29435523	0	29435523	29320348	0	29320348	17259	Mozilla/5.0 (X11; Linux x86_64) AppleWebKit/537.36 (KHTML, like Gecko) Chrome/139.0.0.0 Safari/537.36
4	0	0	0	1	0	0	29406279	0	0	29406279	0	Mozilla/5.0 (X11; Linux x86_64) AppleWebKit/537.36 (KHTML, like Gecko) Chrome/140.0.0.0 Safari/537.36
4	1	1	0	0	29407158	0	0	29407158	0	0	762	Mozilla/5.0 (Windows NT 10.0; Win64; x64) AppleWebKit/537.36 (KHTML, like Gecko) Edge/126.0.0.0
4	0	0	0	1	0	0	29341340	0	0	29341340	0	Mozilla/5.0 (X11; U; Linux x86_64; en-us) AppleWebKit/537.36 (KHTML, like Gecko)  Chrome/30.0.1599.114 Safari/537.36 Puffin/4.8.0.2965AT
4	6	4	0	4	29405553	0	29405553	29317815	0	29317815	9212	Mozilla/5.0 (iPhone; CPU iPhone OS 17_3 like Mac OS X) AppleWebKit/605.1.15 (KHTML, like Gecko) CriOS/116.0.5845.177 Mobile/15E148 Safari/604.1
4	0	0	0	1	0	0	29418617	0	0	29418617	0	Mozilla/5.0 (X11; CrOS x86_64 12425.0.0) AppleWebKit/537.36 (KHTML, like Gecko) Chrome/78.0.3877.0 Safari/537.36
4	1	1	0	0	29441215	0	0	29441215	0	0	762	Mozilla/5.0 (Macintosh; Intel Mac OS X 10_15_7) AppleWebKit/537.36 (KHTML, like Gecko) Chrome/134.0.0.0 Safari/537.36
4	0	0	0	1	0	0	29335679	0	0	29335679	0	Mozilla/5.0 (Macintosh; Intel Mac OS X 10_14_5) AppleWebKit/537.36 (KHTML, like Gecko) Chrome/76.0.3809.100 Safari/537.36
5	0	0	0	1	0	0	29328325	0	0	29328325	0	37.46.115.55
5	4	3	0	2	29413331	0	29413331	29413331	0	29413331	3455	103.4.251.107
5	1	1	0	0	29422534	0	0	29422534	0	0	762	74.7.243.245
5	0	0	0	6	0	0	29414151	0	0	29407200	0	2.57.122.173
5	1	1	0	0	29441215	0	0	29441215	0	0	762	98.86.132.187
5	2	1	0	1	29405552	0	29405552	29405552	0	29405552	2719	172.111.15.145
5	3	3	0	18	29317803	0	29317803	29317803	0	29317803	2926	157.245.204.205
5	2	2	0	4	29448381	0	29448381	29448381	0	29448381	1524	99.79.74.224
5	2	2	0	0	29413109	0	0	29413109	0	0	1524	195.178.110.155
5	2	2	0	0	29423193	0	0	29423193	0	0	1524	179.43.191.98
5	1	1	0	1	29414717	0	29414717	29414717	0	29414717	762	209.97.133.234
5	1	1	0	1	29319241	0	29319241	29319241	0	29319241	3543	146.70.126.170
5	1	1	0	0	29449227	0	0	29449227	0	0	762	74.7.242.6
5	1	1	0	1	29318047	0	29318047	29318047	0	29318047	3543	119.13.192.229
5	3	3	0	0	29448105	0	0	29439743	0	0	2286	74.7.242.5
5	5	5	0	8	29441442	0	29446258	29374688	0	29374391	3810	204.76.203.25
5	1	1	0	1	29354830	0	29354830	29354830	0	29354830	762	134.199.238.223
5	1	1	0	1	29388560	0	29388560	29388560	0	29388560	762	199.45.155.85
5	0	0	0	2	0	0	29319450	0	0	29319331	0	196.251.88.64
5	0	0	0	2	0	0	29404215	0	0	29404091	0	2a06:98c0:3600::103
5	4	3	0	1	29411070	0	29411070	29411069	0	29411070	3457	104.164.126.124
5	6	6	0	4	29317976	0	29317976	29317976	0	29317976	21258	34.248.137.227
5	1	1	0	0	29424767	0	0	29424767	0	0	762	34.244.209.160
5	0	0	0	4	0	0	29423588	0	0	29407159	0	185.169.252.163
5	2	2	0	0	29324393	0	0	29318877	0	0	4305	57.129.46.185
5	1	1	0	0	29433980	0	0	29433980	0	0	762	74.7.243.221
5	2	2	0	0	29433606	0	0	29433424	0	0	1524	16.147.7.175
5	2	2	2	0	29318960	29318960	0	29317838	29317838	0	10330	35.196.132.85
5	0	0	0	1	0	0	29328325	0	0	29328325	0	196.245.54.42
5	1	1	0	1	29391529	0	29391530	29391529	0	29391530	762	199.45.155.65
5	1	1	0	1	29408234	0	29408234	29408234	0	29408234	762	207.154.252.118
5	1	1	0	0	29444374	0	0	29444374	0	0	762	34.141.178.234
5	1	1	0	1	29408662	0	29408662	29408662	0	29408662	762	185.65.134.192
5	1	1	0	0	29395150	0	0	29395150	0	0	762	74.7.227.5
5	0	0	0	1	0	0	29436844	0	0	29436844	0	54.86.115.253
5	0	0	0	2	0	0	29370933	0	0	29370933	0	160.179.150.180
5	1	1	0	0	29416080	0	0	29416080	0	0	762	74.7.243.201
5	2	2	0	4	29448461	0	29448461	29448461	0	29448461	1524	16.52.35.15
5	1	1	0	1	29418276	0	29418276	29418276	0	29418276	762	159.203.87.162
5	2	2	0	18	29423038	0	29423038	29423037	0	29423037	1524	194.180.49.168
5	1	1	0	0	29411920	0	0	29411920	0	0	762	194.180.49.167
5	1	1	0	0	29435016	0	0	29435016	0	0	762	98.92.46.190
5	1	1	0	0	29362092	0	0	29362092	0	0	762	34.34.17.27
5	1	1	0	1	29382114	0	29382114	29382114	0	29382114	762	44.246.242.37
5	1	1	0	1	29337101	0	29337101	29337101	0	29337101	762	45.134.140.133
5	1	1	0	0	29335750	0	0	29335750	0	0	762	80.211.129.177
5	4	3	0	2	29412396	0	29412396	29412395	0	29412396	3454	103.4.250.57
5	1	1	0	1	29413682	0	29413682	29413682	0	29413682	762	5.75.224.239
5	1	1	0	1	29381785	0	29381785	29381785	0	29381785	762	16.146.2.153
5	1	1	0	1	29412491	0	29412491	29412491	0	29412491	762	147.182.151.61
5	1	1	0	0	29423217	0	0	29423217	0	0	762	74.7.242.63
5	1	1	0	1	29319211	0	29319211	29319211	0	29319211	3543	23.234.90.237
5	1	1	0	1	29407391	0	29407391	29407391	0	29407391	762	185.209.199.122
5	2	2	0	6	29336581	0	29336581	29336581	0	29336581	762	47.237.6.121
5	5	4	1	0	29412555	29409232	0	29397894	29409232	0	10686	74.7.242.57
5	1	1	0	0	29435016	0	0	29435016	0	0	762	54.208.67.139
5	3	3	0	55	29408279	0	29408279	29408279	0	29408278	2286	13.214.151.163
5	1	1	0	0	29335767	0	0	29335767	0	0	762	20.171.207.143
5	1	1	0	0	29426074	0	0	29426074	0	0	762	74.7.242.54
5	2	2	0	0	29433986	0	0	29433480	0	0	1524	100.30.248.17
5	3	3	0	54	29408351	0	29408351	29408351	0	29408350	2286	35.88.235.167
5	0	0	0	1	0	0	29358948	0	0	29358948	0	4.227.36.95
5	1	1	0	0	29326603	0	0	29326603	0	0	762	147.185.132.42
5	1	1	0	1	29420487	0	29420487	29420487	0	29420487	762	15.237.181.135
5	0	0	0	5	0	0	29432253	0	0	29328234	0	104.210.140.143
5	0	0	0	1	0	0	29335773	0	0	29335773	0	4.227.36.94
5	1	1	0	0	29386686	0	0	29386686	0	0	0	147.185.132.39
5	0	0	0	6	0	0	29446864	0	0	29331834	0	104.210.140.142
5	0	0	0	7	0	0	29385322	0	0	29325786	0	104.210.140.141
5	0	0	0	10	0	0	29436269	0	0	29334264	0	104.210.140.140
5	0	0	0	5	0	0	29448190	0	0	29322185	0	104.210.140.139
5	1	1	0	0	29386664	0	0	29386664	0	0	762	199.45.154.129
5	0	0	0	11	0	0	29449513	0	0	29337952	0	104.210.140.138
5	0	0	0	4	0	0	29417632	0	0	29323410	0	104.210.140.137
5	1	0	1	5	29364274	29364274	29425669	29364274	29364274	29355782	7638	104.210.140.136
5	1	1	0	1	29337549	0	29337549	29337549	0	29337549	762	167.99.38.112
5	1	1	0	0	29419466	0	0	29419466	0	0	762	74.7.242.39
5	0	0	0	11	0	0	29444228	0	0	29322125	0	104.210.140.135
5	0	0	0	4	0	0	29445546	0	0	29393146	0	104.210.140.134
5	0	0	0	1	0	0	29424325	0	0	29424325	0	104.210.140.133
5	0	0	0	4	0	0	29440230	0	0	29346557	0	104.210.140.132
5	1	1	0	0	29411573	0	0	29411573	0	0	762	103.196.9.76
5	0	0	0	5	0	0	29412110	0	0	29329419	0	104.210.140.131
5	1	1	0	1	29388469	0	29388469	29388469	0	29388469	762	199.45.154.120
5	0	0	0	8	0	0	29438913	0	0	29330634	0	104.210.140.129
5	0	0	0	7	0	0	29434933	0	0	29324559	0	104.210.140.130
5	6	1	0	1	29350769	0	29350568	29350568	0	29350568	10542	80.134.135.17
5	5	5	0	0	29412545	0	0	29399332	0	0	3810	74.7.242.33
5	0	0	0	1	0	0	29328326	0	0	29328326	0	173.244.49.33
5	1	1	0	0	29409503	0	0	29409503	0	0	762	213.136.82.24
5	0	0	0	2	0	0	29410704	0	0	29362773	0	104.210.140.128
5	2	2	0	0	29432272	0	0	29432256	0	0	1524	54.202.103.84
5	4	3	0	2	29417931	0	29417931	29417931	0	29417931	3454	103.4.250.15
5	1	1	0	0	29425166	0	0	29425166	0	0	762	108.130.217.158
5	1	1	0	0	29433844	0	0	29433844	0	0	762	74.7.242.18
5	1	1	0	0	29448697	0	0	29448697	0	0	762	190.114.34.116
5	3	3	0	0	29444198	0	0	29437257	0	0	2286	74.7.242.14
5	1	1	0	1	29425781	0	29425781	29425781	0	29425781	762	66.132.153.138
5	1	1	0	0	29417924	0	0	29417924	0	0	762	45.148.10.80
5	1	1	0	1	29377772	0	29377772	29377772	0	29377772	762	147.182.165.211
5	1	1	0	2	29318529	0	29318530	29318529	0	29318529	3543	66.132.153.137
5	1	1	0	2	29337646	0	29337646	29337646	0	29337646	762	66.132.153.136
5	0	0	0	1	0	0	29383734	0	0	29383734	0	74.7.228.60
5	2	2	0	10	29360751	0	29360751	29317809	0	29317809	2647	96.41.38.202
5	4	4	0	7	29436081	0	29436081	29436081	0	29436081	2286	170.64.170.252
5	1	1	1	0	29317815	29317815	0	29317815	29317815	0	5165	35.237.4.214
5	2	2	0	4	29433034	0	29433034	29433034	0	29433034	1524	18.181.215.22
5	25	18	3	34	29326260	29317870	29326260	29317815	29317815	29317814	44030	79.217.216.128
5	0	0	0	1	0	0	29421514	0	0	29421514	0	74.7.228.49
5	1	1	0	1	29416756	0	29416756	29416756	0	29416756	762	159.203.34.123
5	1	1	0	1	29317815	0	29317815	29317815	0	29317815	1885	1.75.230.241
5	1	0	0	0	29331448	0	0	29331448	0	0	1928	89.0.12.31
5	2	2	0	0	29416833	0	0	29414411	0	0	1524	52.21.41.152
5	1	1	0	0	29338790	0	0	29338790	0	0	762	18.224.192.118
5	0	0	0	1	0	0	29421080	0	0	29421080	0	3.237.91.130
5	1	1	0	1	29436181	0	29436181	29436181	0	29436181	762	66.132.153.118
5	0	0	0	2	0	0	29448205	0	0	29448105	0	74.7.228.42
5	1	1	0	0	29330243	0	0	29330243	0	0	762	23.27.145.47
5	0	0	0	2	0	0	29321520	0	0	29321161	0	196.251.70.47
5	1	1	0	1	29402514	0	29402514	29402514	0	29402514	762	66.132.153.115
5	0	0	0	1	0	0	29335767	0	0	29335767	0	4.227.36.36
5	1	1	0	2	29318516	0	29318516	29318516	0	29318516	3543	66.132.153.114
5	0	0	0	1	0	0	29430163	0	0	29430163	0	74.7.228.37
5	5	5	0	0	29407881	0	0	29405894	0	0	3810	57.131.27.119
5	1	1	0	0	29317927	0	0	29317927	0	0	3543	192.175.111.233
5	0	0	0	1	0	0	29420868	0	0	29420868	0	35.92.100.185
5	0	0	0	1	0	0	29417931	0	0	29417931	0	74.7.228.28
5	0	0	0	1	0	0	29361074	0	0	29361074	0	4.227.36.25
5	0	0	0	1	0	0	29362955	0	0	29362955	0	194.87.252.108
5	1	1	0	1	29376907	0	29376907	29376907	0	29376907	762	167.94.138.206
5	1	1	0	1	29363695	0	29363695	29363695	0	29363695	762	64.227.97.54
5	1	1	0	2	29320698	0	29320699	29320698	0	29320698	3543	167.94.138.195
5	0	0	1	5	0	29409046	29409511	0	29409046	29341210	0	93.123.109.7
5	0	0	0	1	0	0	29366493	0	0	29366493	0	74.7.228.22
5	1	1	0	1	29357861	0	29357861	29357861	0	29357861	762	157.230.26.170
5	1	1	0	0	29365619	0	0	29365619	0	0	762	185.247.137.211
5	3	3	0	33	29360751	0	29360751	29360751	0	29360751	2286	139.59.132.8
5	1	1	0	1	29335579	0	29335579	29335579	0	29335579	762	146.70.187.124
5	0	0	0	2	0	0	29449584	0	0	29449440	0	74.7.244.57
5	1	1	0	1	29397679	0	29397679	29397679	0	29397679	762	164.92.199.34
5	1	1	0	151	29413486	0	29413486	29413486	0	29413485	762	18.175.167.38
5	0	0	0	1	0	0	29383730	0	0	29383730	0	74.7.228.15
5	1	1	0	0	29360852	0	0	29360852	0	0	762	147.93.155.10
5	1	1	0	0	29405720	0	0	29405720	0	0	762	51.89.23.223
5	1	1	0	1	29438841	0	29438841	29438841	0	29438841	762	167.94.138.182
5	0	0	0	3	0	0	29344564	0	0	29344275	0	213.209.157.93
5	1	1	0	1	29410992	0	29410992	29410992	0	29410992	762	159.203.32.18
5	0	0	0	1	0	0	29426957	0	0	29426957	0	74.7.244.50
5	0	0	0	1	0	0	29361071	0	0	29361071	0	4.227.36.10
5	1	1	0	0	29318815	0	0	29318815	0	0	3543	34.91.100.6
5	1	1	0	0	29319702	0	0	29319702	0	0	3543	87.236.176.241
5	1	1	1	1	29317837	29317837	29317837	29317837	29317837	29317837	5165	80.187.122.190
5	1	1	0	1	29362112	0	29362112	29362112	0	29362112	762	142.93.210.152
5	1	1	0	0	29445922	0	0	29445922	0	0	762	167.94.138.175
5	1	1	0	1	29409733	0	29409733	29409733	0	29409733	762	67.205.137.50
5	1	1	0	0	29448697	0	0	29448697	0	0	762	182.8.161.233
5	1	1	0	1	29317815	0	29317815	29317815	0	29317815	1885	37.61.226.125
5	1	1	0	1	29339227	0	29339227	29339227	0	29339227	762	159.65.153.214
5	2	2	0	4	29434755	0	29434755	29434755	0	29434755	1524	35.87.48.5
5	1	1	0	0	29424452	0	0	29424452	0	0	762	87.236.176.233
5	0	0	0	2	0	0	29408129	0	0	29407072	0	213.209.157.81
5	1	1	0	0	29396930	0	0	29396930	0	0	762	18.236.67.123
5	2	2	0	0	29362406	0	0	29362176	0	0	1524	18.141.225.240
5	1	1	0	1	29413968	0	29413968	29413968	0	29413968	762	162.243.162.90
5	0	0	0	1	0	0	29366380	0	0	29366380	0	216.81.245.142
5	2	2	0	0	29363022	0	0	29362299	0	0	1524	93.123.109.214
5	4	4	0	0	29337904	0	0	29336104	0	0	3048	44.243.8.71
5	0	0	0	2	0	0	29336265	0	0	29336265	0	160.179.155.76
5	1	1	0	1	29337706	0	29337706	29337706	0	29337706	762	159.65.34.51
5	3	3	0	3	29407431	0	29407431	29318324	0	29318324	7848	133.242.174.119
5	4	3	0	1	29360751	0	29360751	29360751	0	29360751	3456	154.28.229.237
5	0	0	0	7	0	0	29445806	0	0	29436701	0	74.7.244.24
5	1	1	0	0	29374087	0	0	29374087	0	0	0	198.235.24.223
5	1	0	1	0	29409000	29409000	0	29409000	29409000	0	7638	63.177.115.241
5	1	1	0	0	29327408	0	0	29327408	0	0	762	104.236.32.10
5	1	1	0	0	29412395	0	0	29412395	0	0	762	154.28.229.227
5	2	2	0	4	29426152	0	29426152	29426152	0	29426152	1524	34.242.130.95
5	0	0	0	1	0	0	29409069	0	0	29409069	0	45.133.193.27
5	1	1	0	0	29386573	0	0	29386573	0	0	762	198.235.24.209
5	3	3	0	55	29408310	0	29408310	29408310	0	29408310	2286	13.234.66.38
5	1	1	0	0	29422871	0	0	29422871	0	0	0	198.235.24.197
5	1	1	0	97	29407560	0	29407560	29407560	0	29407560	762	54.78.3.143
5	0	0	0	1	0	0	29448697	0	0	29448697	0	186.192.107.24
5	1	1	0	0	29326811	0	0	29326811	0	0	0	198.235.24.205
5	0	0	0	1	0	0	29349496	0	0	29349496	0	172.182.202.53
5	1	1	0	1	29437737	0	29437737	29437737	0	29437737	762	142.93.68.248
5	1	1	0	2	29318495	0	29318496	29318495	0	29318495	3543	199.45.155.107
5	1	1	0	0	29317927	0	0	29317927	0	0	3543	64.15.129.119
5	1	1	0	148	29414020	0	29414020	29414020	0	29414020	762	13.135.94.66
5	2	2	0	0	29407158	0	0	29360864	0	0	1524	31.97.153.61
5	1	1	0	0	29318445	0	0	29318445	0	0	3543	104.164.173.26
5	0	0	0	1	0	0	29388780	0	0	29388780	0	98.84.1.175
5	1	1	0	2	29345002	0	29345002	29345002	0	29345002	762	162.142.125.208
5	2	1	0	1	29405553	0	29405553	29405553	0	29405553	2723	45.148.106.119
5	1	1	0	0	29362093	0	0	29362093	0	0	762	34.90.199.112
5	1	1	0	1	29414242	0	29414242	29414242	0	29414242	762	162.142.125.192
5	0	0	0	2	0	0	29362556	0	0	29362468	0	194.26.192.110
5	5	4	1	0	29414409	29409089	0	29407485	29409089	0	10686	13.217.204.224
5	1	1	0	1	29417933	0	29417933	29417933	0	29417933	762	137.184.114.183
5	2	2	0	0	29442946	0	0	29442657	0	0	1524	50.17.164.180
5	1	1	0	1	29341933	0	29341933	29341933	0	29341933	762	104.248.51.43
5	1	1	0	2	29334922	0	29334922	29334922	0	29334922	762	167.94.138.114
5	0	0	0	1	0	0	29369004	0	0	29369004	0	198.235.24.173
5	2	2	0	2	29318152	0	29318152	29318152	0	29318152	7086	44.252.12.238
5	1	1	0	0	29319156	0	0	29319156	0	0	3543	185.247.137.120
5	0	0	0	1	0	0	29428187	0	0	29428187	0	74.7.175.187
5	1	1	0	1	29377818	0	29388938	29377818	0	29388938	762	198.235.24.165
5	10	10	0	25	29320744	0	29320732	29318199	0	29318199	35430	185.203.132.199
5	0	0	0	2	0	0	29435960	0	0	29433980	0	74.7.175.183
5	1	1	0	1	29334902	0	29334902	29334902	0	29334902	762	188.166.50.26
5	1	1	0	0	29364964	0	0	29364964	0	0	762	185.247.137.111
5	1	1	0	1	29318908	0	29318908	29318908	0	29318908	3543	134.209.183.200
5	0	0	0	3	0	0	29426918	0	0	29426074	0	74.7.175.180
5	0	0	0	2	0	0	29414014	0	0	29413933	0	74.7.175.176
5	0	0	0	2	0	0	29435985	0	0	29433844	0	74.7.175.175
5	1	1	0	0	29422191	0	0	29422191	0	0	762	185.247.137.105
5	1	1	0	0	29391521	0	0	29391521	0	0	762	74.7.227.214
5	1	1	0	0	29327564	0	0	29327564	0	0	762	68.183.57.77
5	1	1	0	1	29318047	0	29318047	29318047	0	29318047	3543	92.114.60.13
5	1	1	0	13	29413030	0	29413030	29413030	0	29413030	762	93.123.109.132
5	0	0	0	8	0	0	29445931	0	0	29436466	0	74.7.175.168
5	1	1	0	0	29422646	0	0	29422646	0	0	762	198.235.24.145
5	4	3	0	2	29360828	0	29360828	29360828	0	29360828	3455	103.196.9.240
5	1	1	0	0	29383730	0	0	29383730	0	0	762	74.7.227.203
5	0	0	0	1	0	0	29415332	0	0	29415332	0	74.7.175.163
5	2	1	0	1	29324521	0	29324521	29324521	0	29324521	2717	61.8.128.151
5	5	5	0	15	29348082	0	29348082	29327938	0	29327938	3810	157.143.122.60
5	1	1	0	1	29415350	0	29415350	29415350	0	29415350	762	164.90.235.153
5	1	1	0	0	29324559	0	0	29324559	0	0	762	74.7.36.111
5	1	1	0	0	29426957	0	0	29426957	0	0	762	74.7.227.184
5	3	3	0	33	29360751	0	29360751	29360751	0	29360751	2286	178.128.207.138
5	2	0	0	0	29324559	0	0	29324559	0	0	3713	74.7.36.104
5	1	1	0	1	29443108	0	29443108	29443108	0	29443108	762	44.242.173.39
5	0	0	0	1	0	0	29365272	0	0	29365272	0	2.57.122.48
5	1	1	0	0	29370673	0	0	29370673	0	0	762	198.235.24.131
5	0	0	0	22	0	0	29412868	0	0	29397619	0	74.7.175.151
5	1	1	1	1	29318963	29318963	29318963	29318963	29318963	29318963	5165	88.152.114.230
5	0	0	0	1	0	0	29320116	0	0	29320116	0	45.130.203.134
5	0	0	0	1	0	0	29413650	0	0	29413650	0	74.7.175.144
5	0	0	0	1	0	0	29405608	0	0	29405608	0	44.222.209.231
5	0	0	0	1	0	0	29340214	0	0	29340214	0	180.252.134.148
5	0	0	0	4	0	0	29433355	0	0	29422184	0	185.177.72.75
5	0	0	0	2	0	0	29418072	0	0	29417978	0	74.7.175.137
5	0	0	0	1	0	0	29421366	0	0	29421366	0	74.7.175.136
5	1	1	1	2	29405092	29405092	29405093	29405092	29405092	29405092	620	79.246.250.59
5	4	3	0	2	29411573	0	29411573	29411573	0	29411573	3455	103.196.9.199
5	1	1	0	0	29360828	0	0	29360828	0	0	762	103.196.9.210
5	1	1	0	0	29423276	0	0	29423276	0	0	762	54.229.211.121
5	1	1	0	0	29413331	0	0	29413331	0	0	762	107.172.195.74
5	1	1	0	0	29381907	0	0	29381907	0	0	762	205.210.31.231
5	0	0	0	2	0	0	29416080	0	0	29416066	0	74.7.175.130
5	2	2	0	4	29423195	0	29423195	29423195	0	29423195	1524	54.171.237.138
5	0	0	0	1	0	0	29417941	0	0	29417941	0	3.237.69.246
5	1	1	0	1	29406675	0	29406675	29406675	0	29406675	762	147.182.201.169
5	1	1	0	1	29395198	0	29395198	29395198	0	29395198	762	45.55.73.131
5	0	0	0	1	0	0	29418629	0	0	29418629	0	34.23.150.185
5	12	12	0	2	29417687	0	29417686	29417686	0	29417686	9144	135.181.4.161
5	3	3	0	33	29412241	0	29412241	29412241	0	29412241	2286	46.101.111.185
5	2	2	0	4	29432985	0	29432985	29432985	0	29432985	1524	103.4.15.68
5	1	1	0	0	29419448	0	0	29419448	0	0	762	74.7.227.145
5	0	0	0	4	0	0	29414380	0	0	29408521	0	45.144.212.58
5	4	3	0	2	29411140	0	29411140	29411140	0	29411140	3453	103.4.250.3
5	1	1	0	0	29333290	0	0	29333290	0	0	0	205.210.31.199
5	1	1	0	0	29380136	0	0	29380136	0	0	762	74.7.227.98
5	1	1	0	0	29318815	0	0	29318815	0	0	3543	35.204.69.78
5	3	3	0	30	29405545	0	29405545	29405544	0	29405544	2286	139.59.136.184
5	1	1	0	0	29413302	0	0	29413302	0	0	762	103.4.250.245
5	0	0	0	1	0	0	29335679	0	0	29335679	0	107.23.249.59
5	0	0	0	2	0	0	29439602	0	0	29439201	0	45.144.212.43
5	4	3	0	2	29335566	0	29335566	29335566	0	29335566	3455	103.196.9.160
5	1	1	0	0	29371742	0	0	29371742	0	0	762	3.138.185.30
5	1	1	0	0	29399857	0	0	29399857	0	0	762	205.210.31.174
5	1	1	0	0	29411140	0	0	29411140	0	0	762	154.28.229.9
5	1	1	0	0	29412918	0	0	29412918	0	0	762	107.172.195.25
5	1	1	0	0	29318574	0	0	29318574	0	0	3543	104.164.173.247
5	1	1	0	1	29318047	0	29318047	29318047	0	29318047	3543	103.196.9.143
5	0	0	0	1	0	0	29328448	0	0	29328448	0	205.210.31.166
5	1	1	0	13	29337539	0	29337539	29337539	0	29337539	762	93.123.109.60
5	2	2	0	0	29405549	0	0	29405548	0	0	0	156.57.64.42
5	1	1	0	0	29421547	0	0	29421547	0	0	762	198.235.24.58
5	1	1	0	0	29329188	0	0	29329188	0	0	762	128.192.12.122
5	2	2	0	0	29369584	0	0	29366488	0	0	1524	74.7.227.64
5	1	1	0	0	29335567	0	0	29335567	0	0	762	128.192.12.121
5	2	2	0	4	29318446	0	29318446	29318445	0	29318446	7086	103.4.250.214
5	1	1	0	0	29383734	0	0	29383734	0	0	762	74.7.227.63
5	1	1	0	0	29360759	0	0	29360759	0	0	762	128.192.12.120
5	1	1	0	0	29335566	0	0	29335566	0	0	762	154.28.229.57
5	1	1	0	0	29415914	0	0	29415914	0	0	762	74.7.241.12
5	1	1	0	0	29397945	0	0	29397945	0	0	762	205.210.31.155
5	1	1	0	0	29364115	0	0	29364115	0	0	762	149.57.180.6
5	1	1	0	0	29335998	0	0	29335998	0	0	762	20.171.207.93
5	1	1	0	0	29361074	0	0	29361074	0	0	762	20.171.207.91
5	1	1	0	0	29405621	0	0	29405621	0	0	762	128.192.12.112
5	1	1	0	1	29435523	0	29435523	29435523	0	29435523	762	146.190.131.121
5	1	1	0	1	29408598	0	29408598	29408598	0	29408598	762	14.232.208.159
5	1	1	0	0	29360759	0	0	29360759	0	0	762	128.192.12.109
5	2	2	0	0	29340377	0	0	29334564	0	0	1524	149.57.180.0
5	1	1	0	0	29405622	0	0	29405622	0	0	762	128.192.12.107
5	0	0	0	1	0	0	29389769	0	0	29389769	0	35.194.207.244
5	1	1	0	0	29335568	0	0	29335568	0	0	762	128.192.12.106
5	1	1	0	0	29320092	0	0	29320092	0	0	3543	149.57.180.166
5	1	1	0	0	29417931	0	0	29417931	0	0	762	103.196.9.118
5	1	1	0	0	29328696	0	0	29328696	0	0	762	198.235.24.40
5	2	2	0	0	29407371	0	0	29317805	0	0	2465	128.192.12.102
5	1	1	0	0	29360751	0	0	29360751	0	0	762	154.28.229.36
5	3	3	0	0	29380117	0	0	29366493	0	0	2286	74.7.227.40
5	1	1	0	1	29413754	0	29413754	29413754	0	29413754	762	195.201.235.93
5	1	1	0	151	29412115	0	29412115	29412115	0	29412115	762	54.83.154.109
5	1	1	0	0	29330242	0	0	29330242	0	0	762	23.27.145.251
5	4	4	0	7	29437209	0	29437209	29437209	0	29437209	2286	170.64.200.173
5	2	2	0	3	29318574	0	29318574	29318574	0	29318574	7086	103.4.251.59
5	1	1	0	98	29407988	0	29407988	29407988	0	29407988	762	13.37.249.26
5	1	1	0	0	29430342	0	0	29430342	0	0	762	74.7.227.35
5	1	1	0	0	29373923	0	0	29373923	0	0	762	198.235.24.28
5	1	1	0	0	29392223	0	0	29392223	0	0	762	74.7.227.33
5	1	1	0	0	29320089	0	0	29320089	0	0	3543	23.27.145.245
5	3	3	0	0	29424017	0	0	29423613	0	0	2286	34.231.195.239
5	1	1	0	0	29392624	0	0	29392624	0	0	762	147.185.132.249
5	2	2	0	2	29382529	0	29382529	29379701	0	29379700	1524	91.92.241.199
5	1	1	0	0	29367062	0	0	29367062	0	0	762	205.210.31.96
5	1	1	0	0	29430163	0	0	29430163	0	0	762	74.7.227.25
5	1	1	0	0	29392809	0	0	29392809	0	0	0	205.210.31.92
5	1	1	0	0	29360845	0	0	29360845	0	0	762	52.90.221.11
5	0	0	0	1	0	0	29419466	0	0	29419466	0	74.7.241.181
5	1	1	0	0	29334594	0	0	29334594	0	0	762	23.27.145.225
5	1	1	0	1	29323353	0	29323353	29323353	0	29323353	762	204.48.29.130
5	1	1	0	3	29325937	0	29325937	29325937	0	29325937	762	152.32.212.149
5	0	0	0	2	0	0	29425522	0	0	29425110	0	74.7.241.177
5	1	1	0	1	29442319	0	29442319	29442319	0	29442319	762	100.21.18.92
5	1	1	0	0	29326549	0	0	29326549	0	0	762	149.57.180.130
5	0	0	0	1	0	0	29399337	0	0	29399337	0	205.210.31.80
5	0	0	0	1	0	0	29405552	0	0	29405552	0	172.111.15.98
5	1	1	0	0	29325881	0	0	29325881	0	0	762	149.57.180.125
5	1	1	0	0	29363415	0	0	29363415	0	0	762	23.27.145.217
5	4	3	0	2	29412918	0	29412918	29412918	0	29412918	3457	104.164.173.167
5	2	2	0	48	29318709	0	29318709	29318707	0	29318707	7086	54.92.137.200
5	0	0	0	2	0	0	29432714	0	0	29431982	0	74.7.230.7
5	1	1	0	0	29416327	0	0	29416327	0	0	762	34.90.191.83
5	1	1	0	1	29375271	0	29375271	29375271	0	29375271	762	167.99.202.2
5	0	0	0	1	0	0	29423217	0	0	29423217	0	74.7.230.6
5	1	1	0	0	29323027	0	0	29323027	0	0	762	23.27.145.211
5	0	0	0	2	0	0	29395150	0	0	29394386	0	74.7.230.4
5	0	0	0	1	0	0	29428199	0	0	29428199	0	74.7.241.161
5	1	1	0	1	29317812	0	29317812	29317812	0	29317812	1885	161.123.156.158
5	0	0	0	2	0	0	29432644	0	0	29431803	0	74.7.241.158
5	1	1	0	0	29321558	0	0	29321558	0	0	3543	149.57.180.110
5	3	3	0	33	29412241	0	29412241	29412241	0	29412241	2286	209.38.248.17
5	1	1	0	1	29428581	0	29428581	29428581	0	29428581	762	167.94.146.58
5	1	1	0	0	29382011	0	0	29382011	0	0	0	205.210.31.58
5	1	1	0	0	29416325	0	0	29416325	0	0	762	34.34.64.191
5	0	0	0	1	0	0	29430342	0	0	29430342	0	74.7.241.154
5	1	1	0	0	29341010	0	0	29341010	0	0	762	23.27.145.190
5	4	4	0	7	29436692	0	29436692	29436692	0	29436692	2286	134.199.148.145
5	1	1	0	2	29355137	0	29355138	29355137	0	29355138	762	162.142.125.45
5	1	1	0	0	29387515	0	0	29387515	0	0	762	18.201.104.103
5	1	1	0	1	29438730	0	29438730	29438730	0	29438730	762	167.94.146.52
5	1	1	0	0	29449159	0	0	29449159	0	0	762	167.94.138.32
5	0	0	0	2	0	0	29406661	0	0	29406279	0	54.86.166.143
5	1	1	0	2	29336350	0	29336351	29336350	0	29336350	762	162.142.125.35
5	1	1	0	0	29361071	0	0	29361071	0	0	762	20.171.207.13
5	1	1	0	1	29387127	0	29387127	29387127	0	29387127	762	52.56.72.210
5	1	1	0	1	29318047	0	29318047	29318047	0	29318047	3543	104.253.252.130
5	1	1	0	1	29366596	0	29366596	29366596	0	29366596	762	137.184.167.22
5	0	0	0	4	0	0	29393350	0	0	29391521	0	74.7.230.54
5	2	2	0	0	29398206	0	0	29391289	0	0	762	205.210.31.37
5	0	0	0	1	0	0	29422534	0	0	29422534	0	74.7.241.132
5	1	1	1	0	29322125	29322125	0	29322125	29322125	0	5165	172.213.21.146
5	1	1	0	0	29329636	0	0	29329636	0	0	762	205.210.31.34
5	1	1	0	0	29411069	0	0	29411069	0	0	762	107.172.195.130
5	1	1	0	0	29333115	0	0	29333115	0	0	762	205.210.31.33
5	0	0	0	1	0	0	29424970	0	0	29424970	0	74.7.230.49
5	1	0	1	21	29409232	29409232	29412647	29409232	29409232	29397894	7638	74.7.230.48
5	0	0	0	1	0	0	29380117	0	0	29380117	0	74.7.230.46
5	1	0	0	0	29320187	0	0	29320187	0	0	71	54.156.251.192
5	1	1	0	0	29335200	0	0	29335200	0	0	762	149.57.180.94
5	1	1	0	0	29418045	0	0	29418045	0	0	762	205.210.31.27
5	0	0	0	2	0	0	29415937	0	0	29415584	0	139.64.164.4
5	1	1	0	3	29321803	0	29321803	29321803	0	29321803	3543	165.154.182.92
5	2	2	0	0	29437104	0	0	29436699	0	0	1524	98.88.142.13
5	1	1	0	1	29317812	0	29317812	29317812	0	29317812	1885	161.123.233.201
5	0	0	0	4	0	0	29344796	0	0	29341340	0	213.209.157.253
5	4	3	0	2	29413303	0	29413303	29413302	0	29413303	3457	104.164.126.241
5	0	0	0	2	0	0	29416049	0	0	29415914	0	74.7.230.33
5	1	1	0	2	29367410	0	29379721	29367410	0	29366819	762	176.65.148.212
5	0	0	0	3	0	0	29335630	0	0	29323548	0	45.148.10.246
5	2	1	0	1	29405552	0	29405552	29405552	0	29405552	2719	172.111.15.241
5	1	1	0	3	29325834	0	29325835	29325834	0	29325834	762	118.193.33.130
5	0	0	0	3	0	0	29361811	0	0	29337908	0	213.209.157.244
5	2	0	0	0	29322171	0	0	29322171	0	0	3719	172.213.21.121
5	0	0	0	1	0	0	29394791	0	0	29394791	0	74.7.230.26
5	0	0	0	1	0	0	29366488	0	0	29366488	0	74.7.230.25
5	0	0	0	2	0	0	29429188	0	0	29428981	0	45.148.10.238
5	0	0	0	1	0	0	29394063	0	0	29394063	0	74.7.230.23
5	1	1	0	0	29423350	0	0	29423350	0	0	762	34.245.51.182
5	3	3	0	18	29317803	0	29317803	29317803	0	29317803	2571	207.154.212.47
5	0	0	0	4	0	0	29393376	0	0	29392223	0	74.7.230.22
5	2	2	0	4	29416748	0	29416748	29414785	0	29414785	1524	195.178.110.242
5	1	1	0	1	29340516	0	29340516	29340516	0	29340516	762	164.92.71.227
5	1	1	0	0	29410601	0	0	29410601	0	0	762	213.109.202.57
5	2	2	0	0	29360976	0	0	29360870	0	0	1524	51.254.204.161
5	1	1	0	0	29361781	0	0	29361781	0	0	762	34.13.153.111
5	1	1	0	0	29320760	0	0	29320760	0	0	3543	23.27.145.132
5	1	1	0	0	29336764	0	0	29336764	0	0	762	213.209.157.232
5	0	0	0	1	0	0	29369752	0	0	29369752	0	34.74.80.181
5	1	1	0	0	29320186	0	0	29320186	0	0	3543	149.57.180.62
5	0	0	0	1	0	0	29441301	0	0	29441301	0	13.219.121.241
5	3	3	0	55	29408349	0	29408349	29408349	0	29408349	2286	34.227.46.204
5	1	1	0	0	29323708	0	0	29323708	0	0	762	23.27.145.127
5	0	0	0	1	0	0	29320889	0	0	29320889	0	212.11.64.8
5	1	1	0	0	29321556	0	0	29321556	0	0	3543	23.27.145.126
5	0	0	0	1	0	0	29419448	0	0	29419448	0	74.7.230.11
5	2	2	0	2	29318151	0	29318151	29318151	0	29318151	7086	52.36.177.174
5	1	1	0	1	29365158	0	29365158	29365158	0	29365158	762	143.110.190.149
5	4	4	2	3	29421376	29409094	29414456	29337298	29409015	29363023	3048	195.178.110.223
5	1	1	0	0	29387261	0	0	29387261	0	0	762	3.255.185.38
5	0	0	0	4	0	0	29449590	0	0	29449227	0	74.7.228.9
5	11	11	0	340	29424348	0	29424349	29349769	0	29355784	8382	195.178.110.68
5	1	1	0	0	29349998	0	0	29349998	0	0	762	213.209.157.216
5	0	0	0	1	0	0	29417910	0	0	29417910	0	34.208.19.227
5	0	0	0	1	0	0	29380136	0	0	29380136	0	74.7.228.8
5	1	1	0	156	29409773	0	29409773	29409773	0	29409773	762	3.123.39.144
5	1	1	0	1	29418462	0	29418462	29418462	0	29418462	762	206.168.34.53
5	2	2	0	4	29423042	0	29423042	29423042	0	29423042	1524	13.42.42.122
5	1	1	0	0	29427421	0	0	29427421	0	0	762	206.168.34.50
5	1	1	0	0	29323027	0	0	29323027	0	0	762	149.57.180.42
5	0	0	0	2	0	0	29336888	0	0	29324278	0	45.139.104.204
5	2	1	0	0	29405552	0	0	29405552	0	0	2723	172.111.15.194
5	2	1	0	0	29322380	0	0	29322380	0	0	2722	23.27.145.107
5	2	2	0	0	29328781	0	0	29319062	0	0	4305	135.148.100.196
5	1	1	0	0	29327760	0	0	29327760	0	0	762	167.71.189.239
5	1	1	0	0	29334564	0	0	29334564	0	0	762	149.57.180.38
5	1	1	0	0	29322253	0	0	29322253	0	0	762	149.57.180.35
5	1	1	0	2	29324742	0	29324742	29324742	0	29324742	762	206.168.34.40
5	7	7	0	0	29421214	0	0	29407814	0	0	5334	195.178.110.54
5	4	4	0	0	29422890	0	0	29384466	0	0	3048	3.146.111.124
5	1	1	0	2	29318518	0	29318519	29318518	0	29318518	3543	206.168.34.36
5	0	0	0	4	0	0	29375498	0	0	29371587	0	45.139.104.183
5	1	1	0	1	29320348	0	29320348	29320348	0	29320348	3543	161.35.21.83
5	4	4	0	52	29413558	0	29413558	29406328	0	29406328	3048	195.178.110.201
5	2	2	0	0	29407158	0	0	29405545	0	0	1524	172.233.62.72
5	2	2	0	2	29417613	0	29417612	29417612	0	29417612	1524	216.73.216.112
5	1	1	0	0	29363423	0	0	29363423	0	0	762	149.57.180.23
5	2	2	0	0	29429706	0	0	29429597	0	0	1524	34.221.21.250
5	4	4	0	0	29421728	0	0	29407739	0	0	3048	44.220.48.213
5	0	0	0	8	0	0	29420363	0	0	29417088	0	45.139.104.171
5	1	1	0	0	29330859	0	0	29330859	0	0	762	149.57.180.18
5	1	1	0	0	29444372	0	0	29444372	0	0	762	34.91.115.13
5	1	1	0	0	29325882	0	0	29325882	0	0	762	149.57.180.16
5	3	3	0	33	29405544	0	29405544	29405544	0	29405544	2286	167.172.158.128
5	2	2	1	1	29317842	29317839	29317839	29317839	29317839	29317839	5165	93.226.223.181
5	2	2	0	4	29437854	0	29437854	29437854	0	29437854	1524	35.176.232.85
5	0	0	0	1	0	0	29318326	0	0	29318326	0	54.198.3.196
5	2	2	0	0	29362421	0	0	29362421	0	0	1524	45.148.10.160
z	0	34	31	29437209	0
z	2	1	0	29320187	71
z	3	424	424	29449227	323477
z	4	117	81	29417931	385240
c	200	572	29449227
c	301	11	29405092
c	302	8	29409232
c	304	4	29322167
c	403	1	29414020
c	404	2343	29449590
c	499	7	29441301
c	500	22	29317867
