CACHE type 5 produced by analog 6.0/Unix. Do not modify or delete!
T	0	0	418	388	1	1853	70318
D	29321916	29449693
20362	127	46	16	70318
20362	128	2	2	0
20362	129	7	7	0
20362	130	8	8	0
20362	131	1	1	0
20362	138	1	1	0
20362	147	1	1	0
20362	148	1	1	0
20362	151	1	1	0
20362	153	1	1	0
20362	160	2	2	0
20362	163	6	6	0
20362	171	2	2	0
20362	187	1	1	0
20362	191	1	1	0
20362	204	1	1	0
20362	207	2	2	0
20362	232	1	1	0
20362	275	1	1	0
20362	281	1	1	0
20363	30	1	1	0
20363	40	1	1	0
20363	44	1	1	0
20363	76	1	1	0
20363	111	1	1	0
20363	123	1	1	0
20363	157	1	1	0
20363	159	1	1	0
20363	194	1	1	0
20363	195	4	4	0
20363	197	2	2	0
20363	198	2	2	0
20363	201	2	2	0
20363	265	2	2	0
20363	274	1	1	0
20364	139	1	1	0
20364	141	1	1	0
20364	155	2	2	0
20364	179	2	2	0
20364	199	1	1	0
20364	200	1	1	0
20364	210	1	1	0
20365	259	1	1	0
20366	60	1	1	0
20366	93	1	1	0
20366	135	1	1	0
20366	136	1	1	0
20366	154	2	2	0
20366	183	1	1	0
20366	194	1	1	0
20366	195	1	1	0
20366	287	2	2	0
20367	79	2	2	0
20368	99	2	2	0
20368	150	1	1	0
20369	130	1	1	0
20369	131	1	1	0
20369	141	1	1	0
20370	147	1	1	0
20372	134	1	1	0
20372	171	1	1	0
20372	230	2	2	0
20373	266	1	1	0
20374	23	1	1	0
20374	119	1	1	0
20374	121	2	2	0
20374	128	1	1	0
20374	145	1	1	0
20374	196	1	1	0
20375	15	1	1	0
20375	52	1	1	0
20375	54	1	1	0
20375	75	1	1	0
20376	132	1	1	0
20376	195	1	1	0
20376	196	1	1	0
20376	242	1	1	0
20380	121	1	1	0
20380	166	2	2	0
20383	138	1	1	0
20383	139	1	1	0
20384	75	1	1	0
20384	273	1	1	0
20385	140	1	1	0
20385	207	1	1	0
20388	89	1	1	0
20388	256	1	1	0
20390	137	1	1	0
20392	219	9	9	0
20392	229	3	3	0
20392	234	2	2	0
20392	244	2	2	0
20393	14	1	1	0
20393	19	1	1	0
20393	51	1	1	0
20393	104	1	1	0
20393	157	1	1	0
20393	178	1	1	0
20393	216	1	1	0
20393	225	1	1	0
20393	244	1	1	0
20393	245	1	1	0
20393	267	1	1	0
20393	280	1	1	0
20394	63	1	1	0
20394	187	1	1	0
20395	128	3	3	0
20395	129	5	5	0
20395	130	2	2	0
20395	131	1	1	0
20395	132	1	1	0
20395	165	3	3	0
20395	230	1	1	0
20396	119	1	1	0
20396	175	1	1	0
20397	20	2	2	0
20397	144	1	1	0
20399	32	1	1	0
20400	248	2	2	0
20402	133	1	1	0
20402	155	1	1	0
20402	258	2	2	0
20403	22	1	1	0
20403	277	1	1	0
20405	130	1	1	0
20405	193	2	2	0
20407	83	1	1	0
20407	91	1	1	0
20407	206	1	1	0
20407	213	1	1	0
20407	224	1	1	0
20410	277	1	1	0
20411	70	1	1	0
20411	111	2	2	0
20412	128	1	1	0
20413	50	1	1	0
20413	170	1	1	0
20414	254	1	1	0
20415	220	1	1	0
20415	246	1	1	0
20416	227	1	1	0
20417	54	1	1	0
20417	56	1	1	0
20417	281	1	1	0
20419	264	1	1	0
20420	50	1	1	0
20420	148	1	1	0
20422	20	1	1	0
20422	69	1	1	0
20422	73	1	1	0
20422	184	1	1	0
20423	55	1	1	0
20423	74	1	1	0
20423	112	4	4	0
20423	113	3	3	0
20423	114	4	4	0
20423	209	1	1	0
20423	265	1	1	0
20424	63	1	1	0
20424	85	1	1	0
20424	106	1	1	0
20424	116	1	1	0
20424	125	1	1	0
20424	142	1	1	0
20424	147	1	1	0
20424	179	1	1	0
20424	201	1	1	0
20425	139	1	1	0
20425	235	1	1	0
20425	242	1	1	0
20426	121	1	1	0
20426	161	1	1	0
20426	174	1	1	0
20427	38	1	1	0
20427	113	2	2	0
20427	211	1	1	0
20427	217	3	3	0
20427	235	1	1	0
20428	71	3	3	0
20428	154	1	1	0
20429	37	1	1	0
20430	21	2	2	0
20430	53	1	1	0
20430	54	1	1	0
20430	67	1	1	0
20430	160	2	2	0
20431	76	1	1	0
20431	147	1	1	0
20431	200	7	7	0
20431	202	2	2	0
20432	64	1	1	0
20432	113	1	1	0
20432	139	2	2	0
20432	162	1	1	0
20432	163	2	2	0
20432	168	1	1	0
20432	171	2	2	0
20432	199	1	1	0
20432	282	1	1	0
20433	131	2	2	0
20433	172	1	1	0
20433	205	1	1	0
20433	243	1	1	0
20433	244	1	1	0
20434	8	1	1	0
20434	115	1	1	0
20434	176	1	1	0
20434	217	1	1	0
20435	4	1	1	0
20435	18	1	1	0
20435	83	1	1	0
20435	101	3	3	0
20435	113	3	3	0
20435	146	1	1	0
20435	181	1	1	0
20435	255	1	1	0
20436	12	1	1	0
20436	23	1	1	0
20436	66	1	1	0
20437	203	1	1	0
20437	235	1	1	0
20438	68	1	1	0
20438	89	2	2	0
20438	90	1	1	0
20438	107	1	1	0
20438	114	1	1	0
20438	214	1	1	0
20439	51	1	1	0
20439	109	1	1	0
20439	123	1	1	0
20439	181	2	2	0
20439	244	1	1	0
20440	98	1	1	0
20440	187	1	1	0
20440	278	2	2	0
20441	7	1	1	0
20441	132	1	1	0
20441	159	4	4	0
20441	193	1	1	0
20442	25	3	3	0
20442	26	1	1	0
20442	52	4	4	0
20442	65	1	1	0
20443	93	1	1	0
20443	94	1	1	0
20444	37	1	1	0
20444	47	1	1	0
20444	84	1	1	0
20444	109	1	1	0
20444	144	1	1	0
20445	93	1	1	0
20445	97	1	1	0
20445	135	1	1	0
20446	85	1	1	0
20446	133	1	1	0
20446	149	1	1	0
20447	54	2	2	0
20447	194	1	1	0
20447	215	1	1	0
20448	156	1	1	0
20448	160	1	1	0
20448	161	1	1	0
20450	139	2	2	0
20450	245	1	1	0
20451	3	1	1	0
20451	50	1	1	0
1	0	0	0	1	0	0	29431170	0	0	29431170	0	/backend/payment.js
1	0	0	0	7	0	0	29431169	0	0	29323695	0	/.env.local
1	0	0	0	1	0	0	29431170	0	0	29431170	0	/dist/js/main.js
1	0	0	0	4	0	0	29431171	0	0	29323695	0	/storage/logs/laravel.log
1	0	0	0	1	0	0	29410876	0	0	29410876	0	/_debug
1	0	0	0	1	0	0	29365995	0	0	29365995	0	/scripts/phpinfo.php.save
1	0	0	0	1	0	0	29410876	0	0	29410876	0	/api/v1/config
1	0	0	0	1	0	0	29410876	0	0	29410876	0	/.env.prod.local
1	0	0	0	1	0	0	29431170	0	0	29431170	0	/backend/stripe.js
1	0	0	0	3	0	0	29431170	0	0	29323695	0	/config/application.yml
1	0	0	0	3	0	0	29431170	0	0	29323695	0	/config.js
1	0	0	0	1	0	0	29410876	0	0	29410876	0	/phpinfo.php.txt
1	0	0	0	2	0	0	29431171	0	0	29410876	0	/Dockerfile
1	0	0	0	2	0	0	29410876	0	0	29405544	0	/core/Datavase/.env
1	0	0	0	1	0	0	29436636	0	0	29436636	0	/enhancecp
1	0	0	0	2	0	0	29321917	0	0	29321917	0	/api/v1/openapi.json
1	1	0	0	0	29321916	0	0	29321916	0	0	1667	/error/400.shtml
1	0	0	0	1	0	0	29431170	0	0	29431170	0	/static/js/main.js
1	0	0	0	1	0	0	29431170	0	0	29431170	0	/stripe.yaml
1	0	0	0	1	0	0	29431171	0	0	29431171	0	/admin/controllers/payment.js
1	0	0	0	2	0	0	29410876	0	0	29365994	0	/modules/.env
1	0	0	0	3	0	0	29431170	0	0	29323695	0	/js/main.js
1	0	0	0	1	0	0	29365994	0	0	29365994	0	/core/.env.save
1	0	0	0	1	0	0	29431170	0	0	29431170	0	/src/stripe.js
1	0	0	0	1	0	0	29410876	0	0	29410876	0	/app/logs/prod.log
1	0	0	0	2	0	0	29428705	0	0	29422611	0	/.git/config?91.196.152.150
1	0	0	0	1	0	0	29421271	0	0	29421271	0	/.git/config?62.210.119.253
1	0	0	0	1	0	0	29431171	0	0	29431171	0	/stripe/config
1	1	0	0	0	29321916	0	0	29321916	0	0	1685	/error/401.shtml
1	0	0	0	1	0	0	29365994	0	0	29365994	0	/core/.env.old
1	0	0	0	1	0	0	29431170	0	0	29431170	0	/.env.secret
1	0	0	0	1	0	0	29431171	0	0	29431171	0	/pages/api/stripe.js
1	0	0	0	1	0	0	29431171	0	0	29431171	0	/api/payment.js
1	0	0	0	1	0	0	29431170	0	0	29431170	0	/server/stripe.js
1	0	0	0	2	0	0	29323709	0	0	29323695	0	/mailer/.env
1	0	0	0	1	0	0	29410876	0	0	29410876	0	/config/database.php
1	0	0	0	1	0	0	29410876	0	0	29410876	0	/upload/phpinfo.php
1	0	0	0	1	0	0	29431171	0	0	29431171	0	/openapi.yml
1	0	0	0	1	0	0	29431171	0	0	29431171	0	/logs/payment.log
1	0	0	0	3	0	0	29431170	0	0	29323695	0	/crm/.env
1	0	0	0	55	0	0	29446292	0	0	29321916	0	/.env
1	0	0	0	1	0	0	29321916	0	0	29321916	0	/%3FC%3DD%3BO%3DA
1	0	0	0	1	0	0	29410876	0	0	29410876	0	/html/info.php
1	1	0	0	0	29321916	0	0	29321916	0	0	1661	/error/402.shtml
1	0	0	0	2	0	0	29431170	0	0	29323696	0	/config/local.yml
1	0	0	0	1	0	0	29431170	0	0	29431170	0	/config/checkout.js
1	0	0	0	1	0	0	29410876	0	0	29410876	0	/.api_keys
1	0	0	0	17	0	0	29362288	0	0	29322216	0	/js/lkk_ch.js
1	0	0	0	2	0	0	29410876	0	0	29365995	0	/tmp/phpinfo.php
1	1	0	0	0	29321916	0	0	29321916	0	0	1662	/error/403.shtml
1	0	0	0	1	0	0	29410876	0	0	29410876	0	/s3.yml
1	0	0	0	1	0	0	29410876	0	0	29410876	0	/api_keys.json
1	0	0	0	1	0	0	29431171	0	0	29431171	0	/admin/stripe.js
1	0	0	0	1	0	0	29365993	0	0	29365993	0	/src/.env.bak
1	0	0	0	1	0	0	29410876	0	0	29410876	0	/configuration.json
1	0	0	0	1	0	0	29431171	0	0	29431171	0	/public/settings.json
1	0	0	0	2	0	0	29323711	0	0	29323695	0	/service/email_service.py
1	0	0	0	2	0	0	29390135	0	0	29373857	0	/.env?157.143.122.60
1	0	0	0	1	0	0	29365994	0	0	29365994	0	/vendor/.env.bak
1	1	0	0	0	29321916	0	0	29321916	0	0	1681	/error/404.shtml
1	0	0	0	1	0	0	29410876	0	0	29410876	0	/config/app.php
1	0	0	0	2	0	0	29410876	0	0	29365994	0	/info1.php
1	0	0	0	1	0	0	29323708	0	0	29323708	0	/wp-config
1	0	0	0	1	0	0	29431170	0	0	29431170	0	/config/stripe.js
1	0	0	0	1	0	0	29365995	0	0	29365995	0	/admin/phpinfo.php.save
1	0	0	0	1	0	0	29431171	0	0	29431171	0	/middleware/payment.js
1	0	0	0	1	0	0	29323707	0	0	29323707	0	/_profiler/phpinfo/phpinfo.php
1	0	0	0	1	0	0	29431171	0	0	29431171	0	/api/secrets
1	0	0	0	1	0	0	29431171	0	0	29431171	0	/api/stripe
1	0	0	0	1	0	0	29365994	0	0	29365994	0	/themes/.env.bak
1	0	0	0	1	0	0	29321916	0	0	29321916	0	/cgi-bin/
1	1	0	0	0	29321916	0	0	29321916	0	0	2013	/error/405.shtml
1	0	0	0	2	0	0	29431170	0	0	29410876	0	/keys.json
1	0	0	0	1	0	0	29431171	0	0	29431171	0	/backend/config/production.yml
1	0	0	0	1	0	0	29365995	0	0	29365995	0	/site/phpinfo.php.save
1	0	0	0	3	0	0	29431170	0	0	29323695	0	/website/.env
1	0	0	0	1	0	0	29410876	0	0	29410876	0	/old/info.php
1	0	0	0	3	0	0	29431171	0	0	29323695	0	/app.py
1	0	0	0	1	0	0	29431170	0	0	29431170	0	/static/js/app.js
1	0	0	0	1	0	0	29410876	0	0	29410876	0	/backup/phpinfo.php
1	0	0	0	1	0	0	29323707	0	0	29323707	0	/_profiler/phpinfo/info.php
1	0	0	0	1	0	0	29431170	0	0	29431170	0	/application-production.properties
1	0	0	0	3	0	0	29431170	0	0	29323695	0	/www/.env
1	0	0	0	1	0	0	29365994	0	0	29365994	0	/phpinfo.php.swp
1	0	0	0	2	0	0	29323711	0	0	29323695	0	/scripts/nodemailer.js
1	0	0	0	1	0	0	29431171	0	0	29431171	0	/.circleci/config.yml
1	1	0	0	0	29321916	0	0	29321916	0	0	2020	/error/406.shtml
1	0	0	0	1	0	0	29323696	0	0	29323696	0	/aws/credentials
1	0	0	0	1	0	0	29431170	0	0	29431170	0	/billing/.env
1	0	0	0	2	0	0	29431170	0	0	29365993	0	/.env.swp
1	0	0	0	1	0	0	29323696	0	0	29323696	0	/server/s3.js
1	0	0	0	1	0	0	29431171	0	0	29431171	0	/.gitignore
1	0	0	0	1	0	0	29431171	0	0	29431171	0	/constants.py
1	0	0	0	1	0	0	29431170	0	0	29431170	0	/checkout/.env
1	0	0	0	1	0	0	29431171	0	0	29431171	0	/dist/
1	0	0	0	1	0	0	29365993	0	0	29365993	0	/app/.env.bak
1	0	0	0	1	0	0	29410876	0	0	29410876	0	/oauth.json
1	1	1	0	0	29321916	0	0	29321916	0	0	5910	/error/
1	0	0	0	1	0	0	29365994	0	0	29365994	0	/phpinfo.php.orig
1	0	0	0	2	0	0	29410876	0	0	29365994	0	/phpinfo.php.tmp
1	0	0	0	1	0	0	29410876	0	0	29410876	0	/Thumbs.db
1	0	0	0	1	0	0	29365993	0	0	29365993	0	/.env.tmp
1	0	0	0	1	0	0	29365994	0	0	29365994	0	/plugins/.env.old
1	1	0	0	0	29321916	0	0	29321916	0	0	2053	/error/407.shtml
1	0	0	0	1	0	0	29415704	0	0	29415704	0	/app_dev.php/_profiler/open?file=app/config/config.yml
1	0	0	0	2	0	0	29410876	0	0	29405544	0	/saas/.env
1	0	0	0	1	0	0	29365993	0	0	29365993	0	/assets/.env.old
1	0	0	0	1	0	0	29410876	0	0	29410876	0	/aws-config.json
1	0	0	0	1	0	0	29431170	0	0	29431170	0	/api-keys.json
1	0	0	0	15	0	0	29421643	0	0	29321916	0	/@vite/env
1	0	0	0	1	0	0	29431170	0	0	29431170	0	/config/prod.js
1	0	0	0	1	0	0	29410876	0	0	29410876	0	/.s3cfg
1	1	0	0	0	29321916	0	0	29321916	0	0	2020	/error/408.shtml
1	0	0	0	1	0	0	29431170	0	0	29431170	0	/server/.env.production
1	0	0	0	1	0	0	29410876	0	0	29410876	0	/api/v2/config
1	0	0	0	1	0	0	29365993	0	0	29365993	0	/.env.orig
1	0	0	0	1	0	0	29431170	0	0	29431170	0	/api.js
1	0	0	0	1	0	0	29431170	0	0	29431170	0	/microservices/.env
1	0	0	0	1	0	0	29431170	0	0	29431170	0	/src/payment.js
1	0	0	0	1	0	0	29431170	0	0	29431170	0	/static/js/bundle.js
1	0	0	0	1	0	0	29431171	0	0	29431171	0	/api/credentials
1	0	0	0	2	0	0	29410876	0	0	29405544	0	/administrator/.env
1	0	0	0	2	0	0	29323711	0	0	29323695	0	/node/.env_example
1	0	0	0	1	0	0	29431170	0	0	29431170	0	/stripe_keys.js
1	1	0	0	0	29321916	0	0	29321916	0	0	1983	/error/410.shtml
1	1	0	0	0	29321916	0	0	29321916	0	0	2017	/error/409.shtml
1	0	0	0	1	0	0	29410876	0	0	29410876	0	/assets/info.php
1	0	0	0	1	0	0	29365994	0	0	29365994	0	/core/.env.bak
1	0	0	0	3	0	0	29344595	0	0	29324825	0	/.git/config?79.217.216.128
1	0	0	0	1	0	0	29431170	0	0	29431170	0	/.env.secrets
1	0	0	0	3	0	0	29431170	0	0	29323695	0	/app.js
1	0	0	0	1	0	0	29431171	0	0	29431171	0	/.well-known/stripe
1	0	0	0	1	0	0	29365993	0	0	29365993	0	/public/.env.save
1	0	0	0	1	0	0	29431171	0	0	29431171	0	/app.log
1	0	0	0	1	0	0	29410876	0	0	29410876	0	/1.php
1	1	0	0	0	29321916	0	0	29321916	0	0	2047	/error/411.shtml
1	0	0	0	1	0	0	29323695	0	0	29323695	0	/laravel/core/.env
1	0	0	0	3	0	0	29431170	0	0	29323695	0	/static/js/2.ca066a4b.chunk.js
1	0	0	0	1	0	0	29431170	0	0	29431170	0	/application-prod.properties
1	0	0	0	1	0	0	29431170	0	0	29431170	0	/constants.js
1	0	0	0	1	0	0	29431170	0	0	29431170	0	/static/js/vendors.js
1	0	0	0	1	0	0	29365995	0	0	29365995	0	/tmp/phpinfo.php.save
1	0	0	0	1	0	0	29365994	0	0	29365994	0	/info.php.backup
1	0	0	0	1	0	0	29431171	0	0	29431171	0	/payment/config
1	0	0	0	3	0	0	29431171	0	0	29323695	0	/swagger.js
1	0	0	0	1	0	0	29365993	0	0	29365993	0	/config/.env.old
1	0	0	0	1	0	0	29431171	0	0	29431171	0	/node_modules/stripe/package.json
1	0	0	0	3	0	0	29431171	0	0	29323695	0	/backend/config/development.yml
1	0	0	0	2	0	0	29323713	0	0	29323695	0	/apis/controllers/users.js
1	1	0	0	0	29321916	0	0	29321916	0	0	2046	/error/412.shtml
1	0	0	0	1	0	0	29410876	0	0	29410876	0	/upload/info.php
1	0	0	0	3	0	0	29431171	0	0	29323695	0	/controller/admin/post.js
1	0	0	0	2	0	0	29323708	0	0	29323695	0	/lara/phpinfo.php
1	0	0	0	2	0	0	29431171	0	0	29410876	0	/debug.log
1	0	0	0	6	0	0	29421642	0	0	29365577	0	/webjars/swagger-ui/
1	0	0	0	2	0	0	29410876	0	0	29365995	0	/cgi-bin/info.php
1	0	0	0	1	0	0	29365994	0	0	29365994	0	/phpinfo.php~
1	1	0	0	0	29321916	0	0	29321916	0	0	2030	/error/413.shtml
1	0	0	0	1	0	0	29365995	0	0	29365995	0	/admin/info.php.save
1	0	0	0	1	0	0	29431171	0	0	29431171	0	/static/stripe.json
1	0	0	0	6	0	0	29431171	0	0	29323695	0	/test.php
1	0	0	0	1	0	0	29410876	0	0	29410876	0	/uploads/info.php
1	0	0	0	1	0	0	29410876	0	0	29410876	0	/static/phpinfo.php
1	0	0	0	1	0	0	29431171	0	0	29431171	0	/api/config/config.js
1	0	0	0	4	0	0	29410876	0	0	29323707	0	/_profiler/phpinfo
1	1	0	0	0	29321916	0	0	29321916	0	0	2039	/error/500.shtml
1	0	0	0	1	0	0	29323695	0	0	29323695	0	/xampp/.env
1	0	0	0	1	0	0	29431171	0	0	29431171	0	/pages/api/payment.js
1	1	0	0	0	29321916	0	0	29321916	0	0	2021	/error/414.shtml
1	0	0	0	8	0	0	29421642	0	0	29321916	0	/server-status
1	0	0	0	4	0	0	29431171	0	0	29323695	0	/.env.production.local
1	0	0	0	2	0	0	29410876	0	0	29365994	0	/storage/.env
1	0	0	0	1	0	0	29323696	0	0	29323696	0	/sms.py
1	0	0	0	1	0	0	29365994	0	0	29365994	0	/test.php.backup
1	0	0	0	1	0	0	29431170	0	0	29431170	0	/static/js/chunk.js
1	0	0	0	1	0	0	29365995	0	0	29365995	0	/tmp/info.php.save
1	0	0	0	1	0	0	29410876	0	0	29410876	0	/html/phpinfo.php
1	1	0	0	0	29321916	0	0	29321916	0	0	2024	/error/501.shtml
1	0	0	0	1	0	0	29410876	0	0	29410876	0	/docker-compose.yaml
1	0	0	0	1	0	0	29365994	0	0	29365994	0	/system/.env
1	0	0	0	9	0	0	29421642	0	0	29321916	0	/.DS_Store
1	1	0	0	0	29321916	0	0	29321916	0	0	2048	/error/415.shtml
1	0	0	0	1	0	0	29431170	0	0	29431170	0	/server/payment.js
1	0	0	0	2	0	0	29410876	0	0	29365995	0	/tmp/info.php
1	0	0	0	1	0	0	29365994	0	0	29365994	0	/system/.env.save
1	0	0	0	8	0	0	29421642	0	0	29321916	0	/telescope/requests
1	0	0	0	1	0	0	29431171	0	0	29431171	0	/stripe.py
1	1	0	0	0	29321916	0	0	29321916	0	0	2030	/error/502.shtml
1	0	0	0	1	0	0	29326703	0	0	29326703	0	/.git/config?51.81.46.212
1	0	0	0	1	0	0	29365994	0	0	29365994	0	/plugins/.env.bak
1	1	0	0	0	29321916	0	0	29321916	0	0	2066	/error/416.shtml
1	0	0	0	3	0	0	29431171	0	0	29323695	0	/controllers/settings.js
1	0	0	0	1	0	0	29431171	0	0	29431171	0	/utils/payment.js
1	0	0	0	1	0	0	29365994	0	0	29365994	0	/php_info.php.swp
1	0	0	0	1	0	0	29431170	0	0	29431170	0	/src/constants.js
1	0	0	0	1	0	0	29410876	0	0	29410876	0	/azure.json
1	0	0	0	1	0	0	29431170	0	0	29431170	0	/nuxt.config.js
1	0	0	0	1	0	0	29365993	0	0	29365993	0	/assets/.env.bak
1	0	0	0	1	0	0	29365993	0	0	29365993	0	/api/.env.old
1	0	0	0	3	0	0	29431171	0	0	29323695	0	/shared/config/config.js
1	0	0	0	2	0	0	29410876	0	0	29365994	0	/php_info.php.tmp
1	1	0	0	0	29321916	0	0	29321916	0	0	2017	/error/503.shtml
1	0	0	0	1	0	0	29365994	0	0	29365994	0	/phpinfo.php.backup
1	0	0	0	2	0	0	29431170	0	0	29365993	0	/.env~
1	1	0	0	0	29321916	0	0	29321916	0	0	2028	/error/417.shtml
1	0	0	0	1	0	0	29431170	0	0	29431170	0	/static/js/main.chunk.js
1	0	0	0	1	0	0	29321916	0	0	29321916	0	/error/%3FC%3DM%3BO%3DA
1	0	0	0	1	0	0	29431170	0	0	29431170	0	/stripe.json
1	0	0	0	1	0	0	29431170	0	0	29431170	0	/functions/.env
1	0	0	0	2	0	0	29410876	0	0	29405544	0	/core/app/.env
1	0	0	0	8	0	0	29421642	0	0	29321916	0	/debug/default/view?panel=config
1	0	0	0	1	0	0	29431170	0	0	29431170	0	/config/credentials.js
1	0	0	0	2	0	0	29323710	0	0	29323695	0	/node_modules/.env
1	0	0	0	1	0	0	29365993	0	0	29365993	0	/src/.env.save
1	0	0	0	6	0	0	29431171	0	0	29323691	0	/phpinfo.php
1	1	0	0	0	29321916	0	0	29321916	0	0	2017	/error/504.shtml
1	0	0	0	2	0	0	29431170	0	0	29323707	0	/env/.env
1	0	0	0	1	0	0	29410876	0	0	29410876	0	/info3.php
1	0	0	0	3	0	0	29436743	0	0	29435837	0	/public/vendor/laravel-filemanager/js/script.js
1	0	0	0	2	0	0	29410876	0	0	29365994	0	/themes/.env
1	0	0	0	2	0	0	29323713	0	0	29323695	0	/configs/routes-4aug.js
1	0	0	0	1	0	0	29323696	0	0	29323696	0	/aws.yml
1	0	0	0	1	0	0	29431171	0	0	29431171	0	/api/settings
1	0	0	0	3	0	0	29431170	0	0	29323695	0	/backend/config/default.yml
1	0	0	0	3	0	0	29410876	0	0	29323695	0	/laravel/.env
1	0	0	0	2	0	0	29410876	0	0	29365994	0	/test.php.save
1	1	0	0	0	29321916	0	0	29321916	0	0	2048	/error/505.shtml
1	0	0	0	1	0	0	29410876	0	0	29410876	0	/kubernetes.yml
1	1	1	0	0	29323278	0	0	29323278	0	0	0	/?51.81.46.212
1	0	0	0	1	0	0	29410876	0	0	29410876	0	/admin/test.php
1	0	0	0	2	0	0	29410876	0	0	29323696	0	/.aws/config
1	0	0	0	3	0	0	29431171	0	0	29323695	0	/configs/routes.js
1	0	0	0	1	0	0	29431171	0	0	29431171	0	/stripe.bak
1	0	0	0	1	0	0	29410876	0	0	29410876	0	/config/database.yml
1	0	0	0	1	0	0	29365994	0	0	29365994	0	/info.php.orig
1	0	0	0	2	0	0	29410876	0	0	29365994	0	/plugins/.env
1	0	0	0	1	0	0	29431171	0	0	29431171	0	/admin/payment
1	0	0	0	1	0	0	29431170	0	0	29431170	0	/config/settings.yml
1	0	0	0	1	0	0	29431170	0	0	29431170	0	/stripe.config.js
1	0	0	0	1	0	0	29431170	0	0	29431170	0	/constants.json
1	0	0	0	1	0	0	29431170	0	0	29431170	0	/static/js/vendor.js
1	0	0	0	2	0	0	29431171	0	0	29323696	0	/user/config/config.js
1	0	0	0	1	0	0	29431170	0	0	29431170	0	/stripe.js
1	1	0	0	0	29321916	0	0	29321916	0	0	2055	/error/506.shtml
1	0	0	0	1	0	0	29431171	0	0	29431171	0	/swagger.yml
1	0	0	0	3	0	0	29431170	0	0	29323695	0	/gatsby-config.js
1	0	0	0	1	0	0	29365993	0	0	29365993	0	/config/.env.bak
1	0	0	0	2	0	0	29431170	0	0	29410876	0	/client/.env
1	0	0	0	2	0	0	29410876	0	0	29405544	0	/lab/.env
1	0	0	0	4	0	0	29431169	0	0	29365993	0	/.env.production
1	0	0	0	1	0	0	29365993	0	0	29365993	0	/admin/.env.save
1	0	0	0	8	0	0	29421641	0	0	29321917	0	/api/graphql
1	0	0	0	3	0	0	29431171	0	0	29323695	0	/admin/controllers/partner.js
1	0	0	0	1	0	0	29431170	0	0	29431170	0	/payments.js
1	0	0	0	1	0	0	29431170	0	0	29431170	0	/public/js/config.js
1	1	0	0	0	29321916	0	0	29321916	0	0	2038	/error/507.shtml
1	0	0	0	8	0	0	29421642	0	0	29321916	0	/actuator/env
1	0	0	0	1	0	0	29410876	0	0	29410876	0	/backup.tar.gz
1	0	0	0	3	0	0	29431171	0	0	29365993	0	/.env.development
1	1	0	0	0	29321916	0	0	29321916	0	0	2024	/error/422.shtml
1	0	0	0	2	0	0	29431171	0	0	29323696	0	/.travis.yml
1	0	0	0	2	0	0	29410876	0	0	29405544	0	/tools/.env
1	0	0	0	1	0	0	29431171	0	0	29431171	0	/billing/config
1	0	0	0	4	0	0	29431170	0	0	29323695	0	/docker/.env
1	0	0	0	2	0	0	29431170	0	0	29323695	0	/js/.env
1	0	0	0	1	0	0	29431170	0	0	29431170	0	/assets/js/app.js
1	0	0	0	1	0	0	29365993	0	0	29365993	0	/config/.env.save
1	0	0	0	1	0	0	29365994	0	0	29365994	0	/php_info.php.orig
1	0	0	0	1	0	0	29431171	0	0	29431171	0	/src/lib/stripe.js
1	0	0	0	3	0	0	29431170	0	0	29410876	0	/config.yaml
1	0	0	0	1	0	0	29431170	0	0	29431170	0	/payment.json
1	0	0	0	2	0	0	29431171	0	0	29410876	0	/logs/error.log
1	0	0	0	1	0	0	29431171	0	0	29431171	0	/billing.py
1	0	0	0	2	0	0	29410876	0	0	29365995	0	/dev/phpinfo.php
1	1	0	0	0	29321916	0	0	29321916	0	0	1996	/error/423.shtml
1	0	0	0	2	0	0	29323712	0	0	29323695	0	/admin/server_info.php
1	0	0	0	2	0	0	29410876	0	0	29365994	0	/info.php.old
1	0	0	0	1	0	0	29410876	0	0	29410876	0	/config/app.yml
1	0	0	0	2	0	0	29321917	0	0	29321917	0	/query
1	0	0	0	15	0	0	29421643	0	0	29321916	0	/.vscode/sftp.json
1	0	0	0	3	0	0	29431170	0	0	29410876	0	/credentials.json
1	0	0	0	1	0	0	29431171	0	0	29431171	0	/modules/stripe.js
1	0	0	0	9	0	0	29431171	0	0	29321917	0	/graphql
1	0	0	0	1	0	0	29410876	0	0	29410876	0	/admin/php.php
1	1	0	0	0	29321916	0	0	29321916	0	0	2007	/error/510.shtml
1	0	0	0	1	0	0	29431171	0	0	29431171	0	/admin/settings.js
1	1	0	0	0	29321916	0	0	29321916	0	0	1786	/error/424.shtml
1	0	0	0	1	0	0	29431170	0	0	29431170	0	/assets/js/config.js
1	0	0	0	1	0	0	29365995	0	0	29365995	0	/scripts/info.php.save
1	0	0	0	3	0	0	29431171	0	0	29323695	0	/config/storage.yml
1	0	0	0	1	0	0	29410876	0	0	29410876	0	/3.php
1	0	0	0	1	0	0	29410876	0	0	29410876	0	/static/info.php
1	0	0	0	1	0	0	29365994	0	0	29365994	0	/vendor/.env.save
1	0	0	0	2	0	0	29431170	0	0	29323696	0	/config/parameters.yml
1	0	0	0	6	0	0	29421642	0	0	29365577	0	/v3/api-docs
1	0	0	0	2	0	0	29410876	0	0	29365995	0	/www/phpinfo.php
1	0	0	0	1	0	0	29431171	0	0	29431171	0	/package-lock.json
1	0	0	0	2	0	0	29410876	0	0	29365995	0	/scripts/phpinfo.php
1	0	0	0	1	0	0	29431171	0	0	29431171	0	/api/payment
1	0	0	0	1	0	0	29431170	0	0	29431170	0	/stripe.yml
1	0	0	0	2	0	0	29410876	0	0	29365994	0	/i.php
1	0	0	0	1	0	0	29410876	0	0	29410876	0	/var/log/apache2/error.log
1	0	0	0	1	0	0	29410876	0	0	29410876	0	/wp-config.php.save
1	0	0	0	1	0	0	29431171	0	0	29431171	0	/package.json
1	0	0	0	1	0	0	29365993	0	0	29365993	0	/api/.env.bak
1	0	0	0	1	0	0	29410876	0	0	29410876	0	/database.sql
1	0	0	0	1	0	0	29431170	0	0	29431170	0	/payments.json
1	0	0	0	1	0	0	29431170	0	0	29431170	0	/build/static/js/bundle.js
1	0	0	0	1	0	0	29365995	0	0	29365995	0	/public/info.php.save
1	0	0	0	1	0	0	29431170	0	0	29431170	0	/config/local.js
1	0	0	0	1	0	0	29323707	0	0	29323707	0	/new/.env.staging
1	0	0	0	1	0	0	29431170	0	0	29431170	0	/payment.config.json
1	0	0	0	2	0	0	29431170	0	0	29410876	0	/settings.json
1	0	0	0	2	0	0	29431170	0	0	29323695	0	/.env_sample
1	0	0	0	1	0	0	29431171	0	0	29431171	0	/stripe.log
1	0	0	0	1	0	0	29321916	0	0	29321916	0	/error/%3FC%3DS%3BO%3DA
1	0	0	0	1	0	0	29410876	0	0	29410876	0	/public/test.php
1	0	0	0	4	0	0	29431169	0	0	29323695	0	/.env.prod
1	0	0	0	1	0	0	29431170	0	0	29431170	0	/config/production.js
1	0	0	0	6	0	0	29431170	0	0	29323695	0	/admin/.env
1	0	0	0	17	0	0	29362288	0	0	29322216	0	/js/twint_ch.js
1	0	0	0	2	0	0	29410876	0	0	29365993	0	/includes/.env
1	0	0	0	2	0	0	29410876	0	0	29405544	0	/v1/.env
1	0	0	0	1	0	0	29431170	0	0	29431170	0	/billing.js
1	0	0	0	5	0	0	29431170	0	0	29365993	0	/.env.backup
1	0	0	0	1	0	0	29431171	0	0	29431171	0	/routes/checkout.js
1	0	0	0	1	0	0	29410876	0	0	29410876	0	/backup/info.php
1	0	0	0	6	0	0	29421641	0	0	29365577	0	/swagger-ui.html
1	0	0	0	1	0	0	29365995	0	0	29365995	0	/dev/phpinfo.php.save
1	8	8	0	0	29421642	0	0	29321916	0	0	797	/?rest_route=/wp/v2/users/
1	0	0	0	1	0	0	29410876	0	0	29410876	0	/var/www/html/error_log
1	0	0	0	2	0	0	29410876	0	0	29365995	0	/test/phpinfo.php
1	0	0	0	8	0	0	29421642	0	0	29321916	0	/_all_dbs
1	0	0	0	2	0	0	29431170	0	0	29410876	0	/server/.env
1	0	0	0	3	0	0	29431170	0	0	29323695	0	/config.env
1	0	0	0	2	0	0	29431171	0	0	29323696	0	/backend/config/settings.yml
1	0	0	0	3	0	0	29431171	0	0	29321917	0	/openapi.json
1	0	0	0	3	0	0	29431171	0	0	29323695	0	/api/config.js
1	0	0	0	1	0	0	29431171	0	0	29431171	0	/yarn.lock
1	0	0	0	96	0	0	29444651	0	0	29321917	0	/favicon.ico
1	0	0	0	2	0	0	29431171	0	0	29323696	0	/user/controllers/index.js
1	0	0	0	1	0	0	29431170	0	0	29431170	0	/config/stripe.json
1	0	0	0	1	0	0	29431170	0	0	29431170	0	/config/credentials.json
1	0	0	0	1	0	0	29410876	0	0	29410876	0	/k8s-config.yml
1	0	0	0	5	0	0	29431170	0	0	29323707	0	/api/.env
1	0	0	0	3	0	0	29436743	0	0	29435837	0	/vendor/laravel-filemanager/js/script.js
1	0	0	0	1	0	0	29410876	0	0	29410876	0	/php-info.php
1	0	0	0	1	0	0	29365994	0	0	29365994	0	/test.php.swp
1	0	0	0	4	0	0	29431170	0	0	29323695	0	/backend/.env
1	0	0	0	3	0	0	29410876	0	0	29365993	0	/lib/.env
1	0	0	0	1	0	0	29410876	0	0	29410876	0	/site-backup.zip
1	0	0	0	2	0	0	29410876	0	0	29365995	0	/test.php.tmp
1	0	0	0	1	0	0	29410876	0	0	29410876	0	/web/test.php
1	0	0	0	1	0	0	29365995	0	0	29365995	0	/site/info.php.save
1	0	0	0	6	0	0	29421641	0	0	29365577	0	/graphql/api
1	0	0	0	1	0	0	29410876	0	0	29410876	0	/var/log/nginx/error.log
1	0	0	0	1	0	0	29410876	0	0	29410876	0	/.config
1	0	0	0	1	0	0	29410876	0	0	29410876	0	/.docker/config.json
1	0	0	0	2	0	0	29323713	0	0	29323695	0	/helper/EmailHelper.js
1	0	0	0	1	0	0	29365993	0	0	29365993	0	/includes/.env.old
1	0	0	0	3	0	0	29431170	0	0	29410876	0	/secrets.json
1	0	0	0	1	0	0	29431171	0	0	29431171	0	/controllers/stripe.js
1	0	0	0	2	0	0	29410876	0	0	29365994	0	/php.php
1	0	0	0	1	0	0	29323695	0	0	29323695	0	/my_env/palash.py
1	0	0	0	1	0	0	29321916	0	0	29321916	0	/error/%3FC%3DN%3BO%3DD
1	0	0	0	3	0	0	29431170	0	0	29323695	0	/server/config/database.js
1	0	0	0	1	0	0	29431170	0	0	29431170	0	/payments.config.js
1	0	0	0	1	0	0	29431170	0	0	29431170	0	/public/js/bundle.js
1	0	0	0	2	0	0	29410876	0	0	29365994	0	/info.php.bak
1	0	0	0	1	0	0	29365993	0	0	29365993	0	/.env.dev
1	0	0	0	2	0	0	29431170	0	0	29323695	0	/main/.env
1	0	0	0	1	0	0	29410876	0	0	29410876	0	/aws.json
1	0	0	0	1	0	0	29431170	0	0	29431170	0	/services/.env
1	0	0	0	2	0	0	29431171	0	0	29323696	0	/config/settings.prod
1	0	0	0	3	0	0	29410876	0	0	29365993	0	/assets/.env
1	0	0	0	2	0	0	29323712	0	0	29323695	0	/config/aws.yml
1	0	0	0	1	0	0	29431171	0	0	29431171	0	/controllers/checkout.js
1	0	0	0	1	0	0	29431170	0	0	29431170	0	/api/.env.production
1	0	0	0	2	0	0	29321917	0	0	29321917	0	/api/openapi.json
1	0	0	0	1	0	0	29431171	0	0	29431171	0	/services/checkout.js
1	0	0	0	1	0	0	29431170	0	0	29431170	0	/config/production.json
1	0	0	0	1	0	0	29410876	0	0	29410876	0	/settings/config.php
1	0	0	0	1	0	0	29431170	0	0	29431170	0	/config/payments.js
1	0	0	0	1	0	0	29410876	0	0	29410876	0	/php_error.log
1	0	0	0	2	0	0	29410876	0	0	29365995	0	/includes/info.php
1	0	0	0	3	0	0	29431171	0	0	29323696	0	/admin/config
1	0	0	0	1	0	0	29410876	0	0	29410876	0	/dev/test.php
1	0	0	0	1	0	0	29431171	0	0	29431171	0	/api/checkout.js
1	0	0	0	1	0	0	29365993	0	0	29365993	0	/lib/.env.old
1	0	0	0	1	0	0	29365993	0	0	29365993	0	/application/.env.save
1	0	0	0	1	0	0	29431171	0	0	29431171	0	/payment.py
1	0	0	0	1	0	0	29323695	0	0	29323695	0	/my_env/newsletter.py
1	0	0	0	1	0	0	29410876	0	0	29410876	0	/backup.zip
1	0	0	0	1	0	0	29431170	0	0	29431170	0	/api-keys.js
1	0	0	0	1	0	0	29323696	0	0	29323696	0	/debug/default/view
1	0	0	0	1	0	0	29431171	0	0	29431171	0	/.htaccess
1	0	0	0	1	0	0	29431171	0	0	29431171	0	/services/payment.js
1	0	0	0	1	0	0	29431170	0	0	29431170	0	/assets/js/bundle.js
1	0	0	0	3	0	0	29431170	0	0	29323695	0	/index.js
1	0	0	0	4	0	0	29431170	0	0	29323695	0	/application/.env
1	0	0	0	1	0	0	29431171	0	0	29431171	0	/api/config/stripe.js
1	0	0	0	1	0	0	29431170	0	0	29431170	0	/appsettings.Production.json
1	0	0	0	1	0	0	29431170	0	0	29431170	0	/backend/.env.local
1	0	0	0	2	0	0	29431171	0	0	29323696	0	/.circleci/configs/development.yml
1	0	0	0	1	0	0	29431170	0	0	29431170	0	/js/payment.js
1	0	0	0	1	0	0	29431170	0	0	29431170	0	/config/stripe.yml
1	0	0	0	1	0	0	29410876	0	0	29410876	0	/files/phpinfo.php
1	0	0	0	1	0	0	29431171	0	0	29431171	0	/vendor/stripe/
1	0	0	0	3	0	0	29436743	0	0	29435837	0	/public/_ignition/execute-solution
1	0	0	0	1	0	0	29410876	0	0	29410876	0	/secrets.yml
1	0	0	0	1	0	0	29365994	0	0	29365994	0	/themes/.env.save
1	0	0	0	1	0	0	29365994	0	0	29365994	0	/php_info.php~
1	0	0	0	1	0	0	29431171	0	0	29431171	0	/payment.log
1	0	0	0	1	0	0	29431170	0	0	29431170	0	/live/.env
1	0	0	0	1	0	0	29431171	0	0	29431171	0	/static/config.json
1	0	0	0	1	0	0	29410876	0	0	29410876	0	/test/test.php
1	0	0	0	2	0	0	29410876	0	0	29365994	0	/phpversion.php
1	0	0	0	3	0	0	29431171	0	0	29323695	0	/apis/config/config.js
1	1	1	0	0	29366441	0	0	29366441	0	0	0	/?45.130.203.149
1	2	2	0	0	29323713	0	0	29323695	0	0	0	/?phpinfo=1
1	0	0	0	1	0	0	29431170	0	0	29431170	0	/config/live.js
1	0	0	0	2	0	0	29410876	0	0	29365994	0	/phpinfo.php.save
1	0	0	0	1	0	0	29431170	0	0	29431170	0	/backend/.env.production
1	0	0	0	2	0	0	29410876	0	0	29365994	0	/serverinfo.php
1	0	0	0	1	0	0	29431170	0	0	29431170	0	/config/local.json
1	0	0	0	1	0	0	29431170	0	0	29431170	0	/.env.private
1	0	0	0	1	0	0	29378130	0	0	29378130	0	/.gitignore?74.7.227.201
1	0	0	0	1	0	0	29365995	0	0	29365995	0	/test/info.php.save
1	0	0	0	1	0	0	29410876	0	0	29410876	0	/p.php
1	0	0	0	1	0	0	29431170	0	0	29431170	0	/stripe-secret.js
1	0	0	0	3	0	0	29431171	0	0	29365993	0	/.env.test
1	0	0	0	2	0	0	29431170	0	0	29323707	0	/new/.env.production
1	0	0	0	1	0	0	29431170	0	0	29431170	0	/config/billing.js
1	0	0	0	1	0	0	29431170	0	0	29431170	0	/api/.env.local
1	0	0	0	1	0	0	29410876	0	0	29410876	0	/probe.php
1	0	0	0	1	0	0	29431171	0	0	29431171	0	/api/stripe/config
1	0	0	0	1	0	0	29431170	0	0	29431170	0	/js/checkout.js
1	0	0	0	1	0	0	29431170	0	0	29431170	0	/payment.config.js
1	0	0	0	1	0	0	29321916	0	0	29321916	0	/cgi-bin/https:/fonts.googleapis.com/css2%3Ffamily%3DNabla%26family%3DNova+Square%26display%3Dswap
1	0	0	0	2	0	0	29410876	0	0	29365994	0	/check.php
1	0	0	0	1	0	0	29410876	0	0	29410876	0	/includes/config.php
1	0	0	0	1	0	0	29431171	0	0	29431171	0	/out/
1	0	0	0	2	0	0	29410876	0	0	29365994	0	/server.php
1	0	0	0	1	0	0	29365995	0	0	29365995	0	/includes/phpinfo.php.save
1	0	0	0	3	0	0	29436743	0	0	29435837	0	/_ignition/execute-solution
1	0	0	0	1	0	0	29431171	0	0	29431171	0	/api/payment/config
1	0	0	0	1	0	0	29431170	0	0	29431170	0	/server/config/payment.js
1	0	0	0	3	0	0	29431170	0	0	29365993	0	/.env.save
1	0	0	0	4	0	0	29431170	0	0	29323695	0	/appsettings.json
1	0	0	0	1	0	0	29431170	0	0	29431170	0	/payment.js
1	0	0	0	2	0	0	29431171	0	0	29323696	0	/partner/config/config.js
1	0	0	0	3	0	0	29431170	0	0	29323691	0	/portal/.env
1	0	0	0	1	0	0	29431170	0	0	29431170	0	/vite.config.js
1	0	0	0	2	0	0	29410876	0	0	29365994	0	/phpinfo.php.old
1	0	0	0	3	0	0	29431170	0	0	29323695	0	/config/constants.js
1	0	0	0	5	0	0	29431170	0	0	29323695	0	/.env.old
1	0	0	0	3	0	0	29431170	0	0	29323695	0	/main.js
1	0	0	0	1	0	0	29431170	0	0	29431170	0	/build/main.js
1	0	0	0	1	0	0	29410876	0	0	29410876	0	/.dockerenv
1	0	0	0	8	0	0	29421642	0	0	29321917	0	/swagger/v1/swagger.json
1	0	0	0	2	0	0	29431171	0	0	29323696	0	/api/config/config.yml
1	0	0	0	1	0	0	29410876	0	0	29410876	0	/docker-compose.override.yml
1	0	0	0	2	0	0	29431171	0	0	29410876	0	/wp-config.php
1	0	0	0	1	0	0	29431171	0	0	29431171	0	/settings/stripe
1	0	0	0	1	0	0	29431170	0	0	29431170	0	/stripe_config.js
1	0	0	0	4	0	0	29431170	0	0	29323695	0	/application.properties
1	0	0	0	6	0	0	29431170	0	0	29323695	0	/core/.env
1	0	0	0	2	0	0	29410876	0	0	29405544	0	/psnlink/.env
1	0	0	0	1	0	0	29410876	0	0	29410876	0	/admin/config.php
1	0	0	0	1	0	0	29431171	0	0	29431171	0	/checkout/config
1	0	0	0	7	0	0	29421643	0	0	29321917	0	/actutor/env
1	0	0	0	1	0	0	29365993	0	0	29365993	0	/includes/.env.bak
1	0	0	0	1	0	0	29323695	0	0	29323695	0	/my_env/chakaash.py
1	0	0	0	12	0	0	29431170	0	0	29321916	0	/config.json
1	0	0	0	1	0	0	29410876	0	0	29410876	0	/errors.log
1	0	0	0	1	0	0	29323696	0	0	29323696	0	/main.yml
1	0	0	0	1	0	0	29431170	0	0	29431170	0	/stripe-keys.js
1	0	0	0	8	0	0	29421642	0	0	29321916	0	/about
1	0	0	0	13	0	0	29431171	0	0	29321916	0	/info.php
1	0	0	0	4	0	0	29448170	0	0	29430232	0	/robots.txt?62.210.119.253
1	0	0	0	4	0	0	29442669	0	0	29425495	0	/robots.txt?91.196.152.150
1	0	0	0	5	0	0	29443952	0	0	29422779	0	/api/action
1	0	0	0	2	0	0	29410876	0	0	29365995	0	/web/phpinfo.php
1	0	0	0	1	0	0	29431170	0	0	29431170	0	/js/config.js
1	0	0	0	1	0	0	29365994	0	0	29365994	0	/modules/.env.save
1	0	0	0	3	0	0	29431170	0	0	29323695	0	/api/shared/config/config.env
1	0	0	0	2	0	0	29410876	0	0	29405544	0	/en/.env
1	0	0	0	3	0	0	29431170	0	0	29365993	0	/.env.staging
1	0	0	0	2	0	0	29323712	0	0	29323695	0	/server-info
1	0	0	0	1	0	0	29321916	0	0	29321916	0	/error/%3FC%3DD%3BO%3DA
1	0	0	0	1	0	0	29365994	0	0	29365994	0	/storage/.env.old
1	0	0	0	1	0	0	29431171	0	0	29431171	0	/middleware/stripe.js
1	0	0	0	1	0	0	29431171	0	0	29431171	0	/routes/payment.js
1	0	0	0	1	0	0	29410876	0	0	29410876	0	/auth.json
1	0	0	0	2	0	0	29410876	0	0	29365995	0	/cgi-bin/phpinfo.php
1	0	0	0	8	0	0	29421642	0	0	29321916	0	/ecp/Current/exporttool/microsoft.exchange.ediscovery.exporttool.application
1	0	0	0	1	0	0	29365993	0	0	29365993	0	/lib/.env.bak
1	0	0	0	1	0	0	29365993	0	0	29365993	0	/.env.dist
1	0	0	0	1	0	0	29431171	0	0	29431171	0	/composer.json
1	0	0	0	1	0	0	29410876	0	0	29410876	0	/logs/application.log
1	0	0	0	1	0	0	29431171	0	0	29431171	0	/composer.lock
1	0	0	0	1	0	0	29431171	0	0	29431171	0	/logs/app.log
1	0	0	0	1	0	0	29431170	0	0	29431170	0	/public/js/stripe.js
1	0	0	0	1	0	0	29410876	0	0	29410876	0	/config.php
1	0	0	0	1	0	0	29431170	0	0	29431170	0	/dist/bundle.js
1	0	0	0	8	0	0	29421642	0	0	29321916	0	/server
1	0	0	0	1	0	0	29365994	0	0	29365994	0	/test.php~
1	0	0	0	1	0	0	29410876	0	0	29410876	0	/.azure/credentials
1	0	0	0	2	0	0	29323712	0	0	29323695	0	/server-info.php
1	0	0	0	2	0	0	29323713	0	0	29323695	0	/configs/s3_config.json
1	0	0	0	3	0	0	29431170	0	0	29323695	0	/api/shared/.env
1	0	0	0	1	0	0	29365995	0	0	29365995	0	/test/phpinfo.php.save
1	0	0	0	1	0	0	29431170	0	0	29431170	0	/stripe-config.js
1	0	0	0	1	0	0	29431170	0	0	29431170	0	/.stripe
1	0	0	0	5	0	0	29410876	0	0	29323691	0	/phpinfo
1	0	0	0	1	0	0	29410876	0	0	29410876	0	/log/error.log
1	0	0	0	1	0	0	29365995	0	0	29365995	0	/cgi-bin/info.php.save
1	0	0	0	1	0	0	29365993	0	0	29365993	0	/admin/.env.old
1	0	0	0	2	0	0	29410876	0	0	29365994	0	/php_version.php
1	0	0	0	1	0	0	29431170	0	0	29431170	0	/assets/js/stripe.js
1	0	0	0	1	0	0	29431170	0	0	29431170	0	/public/js/app.js
1	0	0	0	1	0	0	29431170	0	0	29431170	0	/config/payments.json
1	0	0	0	1	0	0	29431170	0	0	29431170	0	/server/config/stripe.js
1	0	0	0	1	0	0	29410876	0	0	29410876	0	/wp-config.php.old
1	0	0	0	1	0	0	29410876	0	0	29410876	0	/dump.sql
1	0	0	0	1	0	0	29365993	0	0	29365993	0	/includes/.env.save
1	0	0	0	1	0	0	29410876	0	0	29410876	0	/www/test.php
1	0	0	0	3	0	0	29431171	0	0	29323695	0	/settings.py
1	0	0	0	1	0	0	29365995	0	0	29365995	0	/cgi-bin/phpinfo.php.save
1	0	0	0	2	0	0	29431170	0	0	29323696	0	/config/settings.json
1	0	0	0	1	0	0	29431171	0	0	29431171	0	/test.js
1	0	0	0	1	0	0	29431171	0	0	29431171	0	/Jenkinsfile
1	0	0	0	1	0	0	29323695	0	0	29323695	0	/dashboard/phpinfo.php
1	0	0	0	1	0	0	29431171	0	0	29431171	0	/admin/stripe
1	0	0	0	1	0	0	29410876	0	0	29410876	0	/config/secrets.yml
1	0	0	0	2	0	0	29323708	0	0	29323695	0	/env.backup
1	0	0	0	1	0	0	29410876	0	0	29410876	0	/files/info.php
1	0	0	0	2	0	0	29410876	0	0	29365995	0	/admin/info.php
1	0	0	0	1	0	0	29431171	0	0	29431171	0	/admin/settings
1	0	0	0	2	0	0	29323713	0	0	29323695	0	/getcpuutil.php-bakworking
1	0	0	0	2	0	0	29410876	0	0	29365995	0	/includes/phpinfo.php
1	0	0	0	1	0	0	29431170	0	0	29431170	0	/lambda/.env
1	0	0	0	2	0	0	29431171	0	0	29323696	0	/config/settings.local
1	0	0	0	2	0	0	29410876	0	0	29365994	0	/phpinfo.php.bak
1	0	0	0	5	0	0	29431170	0	0	29323695	0	/.env.bak
1	0	0	0	2	0	0	29431170	0	0	29323707	0	/new/.env
1	0	0	0	1	0	0	29431171	0	0	29431171	0	/build/
1	0	0	0	113	0	0	29449640	0	0	29322080	0	/robots.txt
1	0	0	0	2	0	0	29410876	0	0	29365993	0	/.env.sample
1	0	0	0	1	0	0	29431170	0	0	29431170	0	/config/payment.js
1	0	0	0	2	0	0	29431170	0	0	29410876	0	/frontend/.env
1	0	0	0	3	0	0	29431170	0	0	29323695	0	/nginx/.env
1	0	0	0	1	0	0	29410876	0	0	29410876	0	/old/phpinfo.php
1	0	0	0	1	0	0	29431171	0	0	29431171	0	/api/billing/config
1	0	0	0	2	0	0	29323708	0	0	29323694	0	/aws-secret.yaml
1	0	0	0	2	0	0	29410876	0	0	29365994	0	/php_info.php.old
1	0	0	0	6	0	0	29431170	0	0	29323695	0	/public/.env
1	0	0	0	1	0	0	29365995	0	0	29365995	0	/web/phpinfo.php.save
1	0	0	0	3	0	0	29436743	0	0	29435837	0	/vendor/phpunit/phpunit/src/Util/PHP/eval-stdin.php
1	0	0	0	1	0	0	29431171	0	0	29431171	0	/controllers/billing.js
1	0	0	0	6	0	0	29421642	0	0	29365577	0	/v2/api-docs
1	0	0	0	2	0	0	29410876	0	0	29365994	0	/info.php.save
1	0	0	0	1	0	0	29431171	0	0	29431171	0	/public/stripe.json
1	0	0	0	1	0	0	29431170	0	0	29431170	0	/stripe/.env
1	0	0	0	1	0	0	29410876	0	0	29410876	0	/gcp-credentials.json
1	0	0	0	6	0	0	29421641	0	0	29365577	0	/api/gql
1	0	0	0	2	0	0	29410876	0	0	29405544	0	/exapi/.env
1	0	0	0	2	0	0	29323712	0	0	29323695	0	/secured/phpinfo.php
1	0	0	0	1	0	0	29365993	0	0	29365993	0	/app/.env.save
1	0	0	0	2	0	0	29410876	0	0	29365994	0	/info2.php
1	0	0	0	2	0	0	29410876	0	0	29405544	0	/sitemaps/.env
1	0	0	0	1	0	0	29431171	0	0	29431171	0	/lib/stripe.js
1	0	0	0	2	0	0	29410876	0	0	29365995	0	/public/phpinfo.php
1	0	0	0	1	0	0	29410876	0	0	29410876	0	/assets/phpinfo.php
1	0	0	0	1	0	0	29431171	0	0	29431171	0	/api/stripe.js
1	0	0	0	1	0	0	29431170	0	0	29431170	0	/config/payment.json
1	0	0	0	1	0	0	29365995	0	0	29365995	0	/www/phpinfo.php.save
1	0	0	0	11	0	0	29431171	0	0	29321917	0	/swagger.json
1	0	0	0	5	0	0	29421642	0	0	29365577	0	/api-docs/swagger.json
1	0	0	0	1	0	0	29431170	0	0	29431170	0	/settings.js
1	0	0	0	1	0	0	29427957	0	0	29427957	0	/blog.env
1	0	0	0	1	0	0	29431171	0	0	29431171	0	/jenkins.yml
1	0	0	0	1	0	0	29431170	0	0	29431170	0	/billing.json
1	0	0	0	1	0	0	29410876	0	0	29410876	0	/.gcloud/credentials
1	0	0	0	1	0	0	29431171	0	0	29431171	0	/secrets.py
1	0	0	0	1	0	0	29431170	0	0	29431170	0	/stripe-keys.json
1	0	0	0	8	0	0	29421642	0	0	29321916	0	/s/1333e26373e2231313e24373/_/
1	0	0	0	1	0	0	29365994	0	0	29365994	0	/storage/.env.bak
1	0	0	0	1	0	0	29431170	0	0	29431170	0	/checkout.json
1	0	0	0	1	0	0	29431170	0	0	29431170	0	/static/js/runtime-main.js
1	0	0	0	1	0	0	29431170	0	0	29431170	0	/js/bundle.js
1	0	0	0	2	0	0	29410876	0	0	29405544	0	/.env.remote
1	0	0	0	1	0	0	29431170	0	0	29431170	0	/static/js/2.chunk.js
1	0	0	0	2	0	0	29410876	0	0	29365994	0	/php_info.php.save
1	0	0	0	2	0	0	29410876	0	0	29365995	0	/site/phpinfo.php
1	0	0	0	1	0	0	29431171	0	0	29431171	0	/api/checkout/config
1	0	0	0	2	0	0	29431170	0	0	29323696	0	/config/config.json
1	0	0	0	2	0	0	29323708	0	0	29323695	0	/lara/info.php
1	0	0	0	3	0	0	29431170	0	0	29323695	0	/.env.stage
1	0	0	0	1	0	0	29431171	0	0	29431171	0	/api/stripe/keys
1	0	0	0	1	0	0	29431171	0	0	29431171	0	/keys.py
1	0	0	0	1	0	0	29410876	0	0	29410876	0	/app/logs/dev.log
1	0	0	0	2	0	0	29431171	0	0	29410876	0	/docker-compose.yml
1	0	0	0	2	0	0	29431171	0	0	29410876	0	/.dockerignore
1	0	0	0	5	0	0	29431171	0	0	29328878	0	/sitemap.xml
1	0	0	0	1	0	0	29365993	0	0	29365993	0	/public/.env.old
1	0	0	0	2	0	0	29410876	0	0	29405544	0	/v2/.env
1	0	0	0	1	0	0	29321916	0	0	29321916	0	/%3FC%3DM%3BO%3DA
1	0	0	0	1	0	0	29431171	0	0	29431171	0	/.next/static/
1	0	0	0	1	0	0	29410876	0	0	29410876	0	/info_php.php
1	0	0	0	1	0	0	29431170	0	0	29431170	0	/backend/config.js
1	0	0	0	1	0	0	29431170	0	0	29431170	0	/payment/.env
1	0	0	0	1	0	0	29431170	0	0	29431170	0	/build/js/main.js
1	0	0	0	1	0	0	29365993	0	0	29365993	0	/admin/.env.bak
1	0	0	0	1	0	0	29431170	0	0	29431170	0	/stripe-secret.json
1	0	0	0	3	0	0	29431170	0	0	29323695	0	/public/js/main.js
1	0	0	0	8	0	0	29431171	0	0	29321917	0	/api/swagger.json
1	0	0	0	3	0	0	29410876	0	0	29365994	0	/php_info.php
1	0	0	0	2	0	0	29410876	0	0	29365995	0	/public/info.php
1	0	0	0	1	0	0	29410876	0	0	29410876	0	/.wp-config.php.swp
1	0	0	0	1	0	0	29410876	0	0	29410876	0	/wp-config.php~
1	0	0	0	4	0	0	29431171	0	0	29323695	0	/wp-config.php.bak
1	0	0	0	1	0	0	29431170	0	0	29431170	0	/config/private.js
1	0	0	0	3	0	0	29431171	0	0	29323695	0	/helper.js
1	3	3	0	0	29448697	0	0	29431169	0	0	0	/?91.196.152.150
1	5	5	0	0	29441267	0	0	29424176	0	0	0	/?62.210.119.253
1	0	0	0	2	0	0	29431170	0	0	29323696	0	/app/config/parameters.yml
1	0	0	0	1	0	0	29431170	0	0	29431170	0	/src/config.js
1	0	0	0	1	0	0	29365994	0	0	29365994	0	/application/.env.old
1	0	0	0	1	0	0	29431170	0	0	29431170	0	/secrets.js
1	0	0	0	4	0	0	29427958	0	0	29365994	0	/vendor/.env
1	0	0	0	2	0	0	29410876	0	0	29405544	0	/database/.env
1	0	0	0	2	0	0	29410876	0	0	29365995	0	/scripts/info.php
1	0	0	0	1	0	0	29410876	0	0	29410876	0	/2.php
1	0	0	0	1	0	0	29431170	0	0	29431170	0	/server/config.js
1	0	0	0	1	0	0	29410876	0	0	29410876	0	/.secrets
1	0	0	0	5	0	0	29431170	0	0	29323707	0	/app/.env
1	0	0	0	1	0	0	29431170	0	0	29431170	0	/next.config.js
1	0	0	0	1	0	0	29365994	0	0	29365994	0	/modules/.env.old
1	0	0	0	1	0	0	29431171	0	0	29431171	0	/config.bak
1	0	0	0	1	0	0	29431171	0	0	29431171	0	/var/log/app.log
1	0	0	0	1	0	0	29323707	0	0	29323707	0	/_phpinfo.php
1	0	0	0	2	0	0	29323713	0	0	29323695	0	/cloud/Scraper.js
1	0	0	0	1	0	0	29410876	0	0	29410876	0	/config/mail.php
1	0	0	0	1	0	0	29431171	0	0	29431171	0	/logs/stripe.log
1	0	0	0	5	0	0	29431170	0	0	29323695	0	/site/.env
1	0	0	0	1	0	0	29431170	0	0	29431170	0	/keys.js
1	0	0	0	2	0	0	29323708	0	0	29323695	0	/xampp/phpinfo.php
1	0	0	0	17	0	0	29362288	0	0	29322216	0	/css/support_parent.css
1	0	0	0	2	0	0	29323709	0	0	29323695	0	/mail/.env
1	0	0	0	2	0	0	29410876	0	0	29405544	0	/uploads/.env
1	0	0	0	6	0	0	29421642	0	0	29365577	0	/swagger/swagger-ui.html
1	0	0	0	2	0	0	29410876	0	0	29365994	0	/php_info.php.bak
1	0	0	0	1	0	0	29365994	0	0	29365994	0	/php_info.php.backup
1	0	0	0	6	0	0	29421641	0	0	29365577	0	/api
1	0	0	0	1	0	0	29431171	0	0	29431171	0	/src/utils/stripe.js
1	0	0	0	1	0	0	29431171	0	0	29431171	0	/admin/config.js
1	0	0	0	1	0	0	29410876	0	0	29410876	0	/config.zip
1	0	0	0	2	0	0	29410876	0	0	29365995	0	/web/info.php
1	2	2	0	0	29321918	0	0	29321917	0	0	0	/magentagamingmods/magentapranks/
1	0	0	0	1	0	0	29365994	0	0	29365994	0	/plugins/.env.save
1	0	0	0	1	0	0	29410876	0	0	29410876	0	/infophp.php
1	0	0	0	3	0	0	29431170	0	0	29323695	0	/local/.env
1	0	0	0	1	0	0	29431170	0	0	29431170	0	/config/secrets.json
1	0	0	0	1	0	0	29410876	0	0	29410876	0	/htdocs/info.php
1	0	0	0	1	0	0	29410876	0	0	29410876	0	/tokens.json
1	0	0	0	1	0	0	29431170	0	0	29431170	0	/config/config.js
1	0	0	0	3	0	0	29431170	0	0	29365993	0	/src/.env
1	0	0	0	1	0	0	29365995	0	0	29365995	0	/public/phpinfo.php.save
1	0	0	0	5	0	0	29431170	0	0	29323695	0	/web/.env
1	0	0	0	1	0	0	29431171	0	0	29431171	0	/app/api/payment/route.js
1	0	0	0	7	0	0	29407783	0	0	29377240	0	/robots.txt?157.143.122.60
1	0	0	0	1	0	0	29410876	0	0	29410876	0	/info.php.txt
1	0	0	0	1	0	0	29431171	0	0	29431171	0	/controllers/payment.js
1	0	0	0	1	0	0	29431171	0	0	29431171	0	/utils/stripe.js
1	0	0	0	2	0	0	29410876	0	0	29365994	0	/pi.php
1	0	0	0	1	0	0	29410876	0	0	29410876	0	/app.config
1	0	0	0	1	0	0	29321916	0	0	29321916	0	/https:/fonts.googleapis.com/css2%3Ffamily%3DNabla%26family%3DNova+Square%26display%3Dswap
1	0	0	0	3	0	0	29431170	0	0	29323695	0	/conf/.env
1	0	0	0	1	0	0	29437764	0	0	29437764	0	/.env?91.196.152.150
1	0	0	0	2	0	0	29410876	0	0	29365995	0	/dev/info.php
1	0	0	0	1	0	0	29431170	0	0	29431170	0	/application.yaml
1	0	0	0	1	0	0	29431171	0	0	29431171	0	/config.backup
1	0	0	0	2	0	0	29431171	0	0	29410876	0	/error.log
1	0	0	0	3	0	0	29431170	0	0	29323695	0	/static/js/main.141b0494.js
1	0	0	0	1	0	0	29365993	0	0	29365993	0	/public/.env.bak
1	0	0	0	3	0	0	29431170	0	0	29323695	0	/.vscode/.env
1	0	0	0	1	0	0	29365994	0	0	29365994	0	/system/.env.old
1	0	0	0	2	0	0	29431170	0	0	29410876	0	/config.yml
1	0	0	0	1	0	0	29323696	0	0	29323696	0	/.AWS_/credentials
1	0	0	0	1	0	0	29365995	0	0	29365995	0	/includes/info.php.save
1	0	0	0	1	0	0	29431170	0	0	29431170	0	/payment-config.js
1	0	0	0	1	0	0	29431171	0	0	29431171	0	/helpers/payment.js
1	0	0	0	1	0	0	29431170	0	0	29431170	0	/dist/main.js
1	0	0	0	2	0	0	29410876	0	0	29365994	0	/test.php.old
1	0	0	0	1	0	0	29431170	0	0	29431170	0	/config/settings.js
1	0	0	0	1	0	0	29431171	0	0	29431171	0	/docs/swagger.json
1	0	0	0	1	0	0	29431170	0	0	29431170	0	/js/stripe.js
1	0	0	0	1	0	0	29321916	0	0	29321916	0	/%3FC%3DS%3BO%3DA
1	0	0	0	1	0	0	29431171	0	0	29431171	0	/checkout.py
1	0	0	0	2	0	0	29323713	0	0	29323695	0	/karma.conf.json
1	0	0	0	2	0	0	29323708	0	0	29323695	0	/laravel/info.php
1	0	0	0	1	0	0	29365993	0	0	29365993	0	/assets/.env.save
1	0	0	0	2	0	0	29323710	0	0	29323695	0	/kyc/.env
1	0	0	0	5	0	0	29443952	0	0	29422779	0	/apps
1	0	0	0	1	0	0	29431171	0	0	29431171	0	/routes/stripe.js
1	0	0	0	2	0	0	29431171	0	0	29410876	0	/web.config
1	0	0	0	1	0	0	29410876	0	0	29410876	0	/db_backup.sql
1	0	0	0	2	0	0	29410876	0	0	29365995	0	/test/info.php
1	0	0	0	1	0	0	29431170	0	0	29431170	0	/dist/app.js
1	0	0	0	6	0	0	29421642	0	0	29365577	0	/swagger/
1	0	0	0	1	0	0	29416058	0	0	29416058	0	/_fragment?_path=what%3D-1%26_controller%3Dphpinfo&_hash=PNTdJPZOz3D+6jok3MCeeWwC7S7thueKIRoHFhn0T3w%3D
1	0	0	0	1	0	0	29410876	0	0	29410876	0	/inc/config.php
1	0	0	0	1	0	0	29431171	0	0	29431171	0	/admin/keys
1	0	0	0	1	0	0	29410876	0	0	29410876	0	/app/etc/env.php
1	0	0	0	2	0	0	29321917	0	0	29321917	0	/v1/openapi.json
1	0	0	0	1	0	0	29365994	0	0	29365994	0	/info.php~
1	0	0	0	1	0	0	29410876	0	0	29410876	0	/configuration.php
1	0	0	0	3	0	0	29410876	0	0	29323695	0	/.aws/credentials
1	0	0	0	1	0	0	29365994	0	0	29365994	0	/application/.env.bak
1	0	0	0	1	0	0	29410876	0	0	29410876	0	/tmp/test.php
1	15	15	0	0	29365577	0	0	29327718	0	0	0	/?79.217.216.128
1	0	0	0	66	0	0	29439660	0	0	29321916	0	/.git/config
1	0	0	0	1	0	0	29410876	0	0	29410876	0	/.env.2
1	0	0	1	0	0	29321917	0	0	29321917	0	0	/magentagamingmods/magentapranks
1	0	0	0	1	0	0	29410876	0	0	29410876	0	/.env.1
1	0	0	0	1	0	0	29431171	0	0	29431171	0	/azure-pipelines.yml
1	0	0	0	3	0	0	29431169	0	0	29431169	0	/.env.live
1	0	0	0	1	0	0	29431170	0	0	29431170	0	/appsettings.Development.json
1	0	0	0	1	0	0	29365994	0	0	29365994	0	/modules/.env.bak
1	0	0	0	1	0	0	29410876	0	0	29410876	0	/t.php
1	0	0	0	1	0	0	29431171	0	0	29431171	0	/modules/payment.js
1	0	0	0	1	0	0	29431170	0	0	29431170	0	/config/secrets.js
1	0	0	0	2	0	0	29431170	0	0	29323707	0	/new/.env.local
1	0	0	0	1	0	0	29431171	0	0	29431171	0	/src/services/stripe.js
1	0	0	0	2	0	0	29321917	0	0	29321917	0	/v2/openapi.json
1	0	0	0	1	0	0	29431170	0	0	29431170	0	/config/keys.json
1	0	0	0	1	0	0	29410876	0	0	29410876	0	/security.txt
1	0	0	0	1	0	0	29431171	0	0	29431171	0	/api/keys
1	0	0	0	1	0	0	29431171	0	0	29431171	0	/api/billing.js
1	0	0	0	1	0	0	29431170	0	0	29431170	0	/checkout.config.js
1	0	0	0	1	0	0	29365995	0	0	29365995	0	/dev/info.php.save
1	0	0	0	1	0	0	29365994	0	0	29365994	0	/test.php.orig
1	0	0	0	2	0	0	29431170	0	0	29410876	0	/application.yml
1	0	0	0	3	0	0	29431170	0	0	29323695	0	/server.js
1	0	0	0	1	0	0	29431170	0	0	29431170	0	/billing.config.js
1	0	0	0	2	0	0	29410876	0	0	29365994	0	/phptest.php
1	0	0	0	1	0	0	29431171	0	0	29431171	0	/api/config/config.json
1	0	0	0	3	0	0	29431170	0	0	29323695	0	/api/shared/config/.env
1	0	0	0	5	0	0	29443952	0	0	29422779	0	/api/actions
1	0	0	0	1	0	0	29365994	0	0	29365994	0	/info.php.swp
1	0	0	0	1	0	0	29431170	0	0	29431170	0	/checkout.js
1	0	0	0	3	0	0	29431170	0	0	29323695	0	/.env.example
1	0	0	0	8	0	0	29421642	0	0	29321916	0	/v2/_catalog
1	0	0	0	5	0	0	29443952	0	0	29422779	0	/_next/data
1	0	0	0	3	0	0	29431170	0	0	29323695	0	/api/config.env
1	0	0	0	1	0	0	29410876	0	0	29410876	0	/apikeys.json
1	0	0	0	2	0	0	29410876	0	0	29365995	0	/site/info.php
1	0	0	0	1	0	0	29323695	0	0	29323695	0	/mytest/astech_robot.js
1	0	0	0	1	0	0	29431170	0	0	29431170	0	/config/env/.env
1	0	0	0	1	0	0	29321916	0	0	29321916	0	/%3FC%3DN%3BO%3DD
1	0	0	0	2	0	0	29321917	0	0	29321917	0	/v3/openapi.json
1	0	0	0	2	0	0	29323713	0	0	29323695	0	/api/objects/codes.php.save
1	0	0	0	1	0	0	29431171	0	0	29431171	0	/.gitlab-ci.yml
1	0	0	0	1	0	0	29431170	0	0	29431170	0	/build/static/js/main.js
1	0	0	0	2	0	0	29410876	0	0	29365995	0	/admin/phpinfo.php
1	0	0	0	1	0	0	29365993	0	0	29365993	0	/lib/.env.save
1	0	0	0	1	0	0	29431171	0	0	29431171	0	/app/api/stripe/route.js
1	0	0	0	1	0	0	29431170	0	0	29431170	0	/credentials.js
1	0	0	0	2	0	0	29410876	0	0	29365994	0	/info.php.tmp
1	0	0	0	1	0	0	29365994	0	0	29365994	0	/storage/.env.save
1	0	0	0	4	0	0	29410876	0	0	29323695	0	/cron/.env
1	0	0	0	2	0	0	29431171	0	0	29410876	0	/api/config
1	0	0	0	1	0	0	29365993	0	0	29365993	0	/api/.env.save
1	0	0	0	3	0	0	29439484	0	0	29410876	0	/.well-known/security.txt
1	0	0	0	4	0	0	29411006	0	0	29375521	0	/.git/config?74.7.227.201
1	0	0	0	1	0	0	29431170	0	0	29431170	0	/backend/config/stripe.js
1	0	0	0	2	0	0	29410876	0	0	29365994	0	/debug.php
1	0	0	0	2	0	0	29410876	0	0	29365994	0	/diagnostic.php
1	0	0	0	2	0	0	29431170	0	0	29410876	0	/settings.yml
1	0	0	0	2	0	0	29323712	0	0	29323695	0	/app_dev.php/_profiler/phpinfo
1	0	0	0	1	0	0	29323696	0	0	29323696	0	/s3.js
1	0	0	0	2	0	0	29323712	0	0	29323695	0	/server_info.php
1	0	0	0	1	0	0	29431170	0	0	29431170	0	/src/keys.js
1	0	0	0	3	0	0	29431170	0	0	29323695	0	/docker/app/.env
1	0	0	0	1	0	0	29427957	0	0	29427957	0	/pms?module=logging&file_name=../../../../../../~/.aws/credentials&number_of_lines=10000
1	0	0	0	1	0	0	29431170	0	0	29431170	0	/stripe.config.json
1	0	0	0	3	0	0	29431170	0	0	29323695	0	/static/js/main.e85f7a37.js
1	0	0	0	3	0	0	29431171	0	0	29323695	0	/admin/controllers/merchant.js
1	0	0	0	1	0	0	29431171	0	0	29431171	0	/.next/server/pages/api/
1	0	0	0	1	0	0	29410876	0	0	29410876	0	/sites/default/settings.php
1	0	0	0	1	0	0	29410876	0	0	29410876	0	/conf/config.php
1	0	0	0	2	0	0	29323708	0	0	29323695	0	/awstats/.env
1	0	0	0	8	0	0	29421642	0	0	29321916	0	/login.action
1	0	0	0	2	0	0	29323710	0	0	29323695	0	/api/shared/config.env
1	0	0	0	1	0	0	29365995	0	0	29365995	0	/www/info.php.save
1	0	0	0	1	0	0	29365993	0	0	29365993	0	/src/.env.old
1	0	0	0	4	0	0	29414012	0	0	29397434	0	/robots.txt?74.7.227.201
1	0	0	0	1	0	0	29365994	0	0	29365994	0	/system/.env.bak
1	0	0	0	1	0	0	29339132	0	0	29339132	0	/.env?79.217.216.128
1	0	0	0	1	0	0	29431171	0	0	29431171	0	/config.py
1	0	0	0	1	0	0	29431171	0	0	29431171	0	/services/stripe.js
1	0	0	0	1	0	0	29431170	0	0	29431170	0	/.stripe.json
1	0	0	0	1	0	0	29431170	0	0	29431170	0	/config/keys.js
1	0	0	0	1	0	0	29365995	0	0	29365995	0	/web/info.php.save
1	0	0	0	2	0	0	29410876	0	0	29365994	0	/test.php.bak
1	0	0	0	1	0	0	29365994	0	0	29365994	0	/vendor/.env.old
1	0	0	0	3	0	0	29431170	0	0	29323695	0	/development/.env
1	334	334	0	7	29449693	0	29422171	29321916	0	29321917	4782	/
1	0	0	0	1	0	0	29431170	0	0	29431170	0	/assets/js/main.js
1	0	0	0	1	0	0	29410876	0	0	29410876	0	/kubernetes/.env
1	0	0	0	1	0	0	29410876	0	0	29410876	0	/testphp.php
1	0	0	0	1	0	0	29410876	0	0	29410876	0	/backup.sql
1	0	0	0	1	0	0	29431171	0	0	29431171	0	/.git/HEAD
1	0	0	0	2	0	0	29431170	0	0	29410876	0	/config/config.yml
1	0	0	0	1	0	0	29431170	0	0	29431170	0	/stripe-config.json
1	0	0	0	5	0	0	29431170	0	0	29323695	0	/apps/.env
1	7	7	0	0	29420003	0	0	29369442	0	0	0	/?74.7.227.201
1	0	0	0	2	0	0	29391099	0	0	29381122	0	/.env?74.7.227.201
1	0	0	0	1	0	0	29410876	0	0	29410876	0	/htdocs/phpinfo.php
1	0	0	0	1	0	0	29431171	0	0	29431171	0	/public/config.json
1	0	0	0	4	0	0	29431170	0	0	29365993	0	/config/.env
1	0	0	0	1	0	0	29431171	0	0	29431171	0	/.well-known/payment
1	0	0	0	1	0	0	29365994	0	0	29365994	0	/themes/.env.old
1	0	0	0	1	0	0	29431171	0	0	29431171	0	/assets/config.json
1	0	0	0	1	0	0	29410876	0	0	29410876	0	/.env.dev.local
1	0	0	0	3	0	0	29431171	0	0	29323695	0	/controller/api/post.js
1	0	0	0	3	0	0	29431170	0	0	29323695	0	/prod/.env
1	0	0	0	1	0	0	29410876	0	0	29410876	0	/uploads/phpinfo.php
1	0	0	0	2	0	0	29431171	0	0	29323696	0	/helpers/utility.js
1	0	0	0	1	0	0	29431170	0	0	29431170	0	/js/app.js
1	0	0	0	1	0	0	29431171	0	0	29431171	0	/lib/payment.js
1	0	0	0	2	0	0	29410876	0	0	29365995	0	/www/info.php
1	0	0	0	1	0	0	29431171	0	0	29431171	0	/helpers/stripe.js
1	0	0	0	1	0	0	29365993	0	0	29365993	0	/app/.env.old
1	9	9	0	0	29419305	0	0	29368295	0	0	0	/?157.143.122.60
1	0	0	0	2	0	0	29410876	0	0	29405544	0	/cronlab/.env
1	0	0	0	2	0	0	29431170	0	0	29323707	0	/dev/.env
1	0	0	0	1	0	0	29410876	0	0	29410876	0	/app/etc/local.xml
1	0	0	0	1	0	0	29431170	0	0	29431170	0	/webpack.config.js
3	0	0	0	22	0	0	29441267	0	0	29321924	0	https://www.mods.magentaweb.org/
3	0	0	0	32	0	0	29439782	0	0	29321917	0	https://mods.magentaweb.org/
3	1	1	0	0	29321917	0	0	29321917	0	0	0	https://cpanel.magentaweb.org/
4	2	2	0	2	29369443	0	29369443	29369442	0	29369442	0	Mozilla/5.0 (X11; Linux x86_64) AppleWebKit/537.36 (KHTML, like Gecko) HeadlessChrome/139.0.0.0 Safari/537.36
4	0	0	0	1	0	0	29403413	0	0	29403413	0	curl/8.4.0
4	1	1	0	2	29369457	0	29369457	29369457	0	29369457	0	Mozilla/5.0 (Windows NT 10.0; Win64; x64) AppleWebKit/537.36 (KHTML, like Gecko) Chrome/130.0.0.0 Safari/537.36
4	0	0	0	1	0	0	29423353	0	0	29423353	0	MOTORIZR-Z8/46.00.00 Mozilla/4.0 (compatible; MSIE 6.0; Symbian OS; 356) Opera 8.65 [it] UP.Link/6.3.0.0.0
4	2	2	0	0	29416678	0	0	29365627	0	0	0	Mozilla/5.0 (Macintosh; Intel Mac OS X 10_15_7) AppleWebKit/537.36 (KHTML, like Gecko) Chrome/116.0.0.0 Safari/537.36
4	8	8	0	2	29380173	0	29322081	29322080	0	29322080	0	Mozilla/5.0 AppleWebKit/537.36 (KHTML, like Gecko; compatible; GPTBot/1.2; +https://openai.com/gptbot)
4	2	2	0	0	29366707	0	0	29366441	0	0	0	Python/3.10 aiohttp/3.13.1
4	0	0	0	1	0	0	29324273	0	0	29324273	0	Mozilla/5.0 (Windows NT 10.0; Win64; x64) AppleWebKit/537.36 (KHTML, like Gecko) Chrome/100.0.4896.127 Safari/537.36 OPR/86.0.4363.50
4	0	0	0	1	0	0	29344595	0	0	29344595	0	Mozilla/5.0 (Linux; Android 9; Nokia 7.1) AppleWebKit/537.36 (KHTML, like Gecko) Chrome/72.0.3626.121 Mobile Safari/537.36
4	0	0	0	1	0	0	29410927	0	0	29410927	0	Mozilla/5.0 (Macintosh; Intel Mac OS X 14.5) AppleWebKit/618.3.5 (KHTML, like Gecko) Version/17.4 Safari/618.3.5
4	5	5	0	5	29423079	0	29423079	29322687	0	29322687	0	Mozilla/5.0 (Windows NT 10.0; Win64; x64) AppleWebKit/537.36 (KHTML, like Gecko) Chrome/137.0.0.0 Safari/537.36
4	1	1	0	0	29427130	0	0	29427130	0	0	0	Mozilla/5.0 (Windows NT 10.0; WOW64) AppleWebKit/537.36 (KHTML, like Gecko) Chrome/67.0.3396.87 Safari/537.36
4	1	1	0	0	29435079	0	0	29435079	0	0	0	POLARIS/6.01(BREW 3.1.5;U;en-us;LG;LX265;POLARIS/6.01/WAP;)MMP/2.0 profile/MIDP-201 Configuration /CLDC-1.1
4	0	0	0	1	0	0	29322622	0	0	29322622	0	Mozilla/5.0 Slackware/13.37 (X11; U; Linux x86_64; en-US) AppleWebKit/535.1 (KHTML, like Gecko) Chrome/13.0.782.41
4	0	0	0	1	0	0	29427745	0	0	29427745	0	Mozilla/5.0 (compatible; Konqueror/3.5; Linux; en_US) KHTML/3.5.6 (like Gecko) (Kubuntu)
4	0	0	0	1	0	0	29424548	0	0	29424548	0	Mozilla/5.0 (CentOS; Linux x86_64) AppleWebKit/537.36 (KHTML, like Gecko) Chrome/121.0.0.0 Safari/537.36
4	8	8	0	164	29421642	0	29421642	29409684	0	29321916	0	Mozilla/5.0 (l9scan/2.0.1333e26373e2231313e24373; +https://leakix.net)
4	0	0	0	1	0	0	29427547	0	0	29427547	0	Mozilla/5.0 (Macintosh; Intel Mac OS X 10_15_0) AppleWebKit/537.36 (KHTML, like Gecko) Chrome/75.0.3770.142 Safari/537.36
4	0	0	0	1	0	0	29324825	0	0	29324825	0	Mozilla/5.0 (compatible; Konqueror/4.4; Linux) KHTML/4.4.1 (like Gecko) Fedora/4.4.1-1.fc12
4	3	3	1	1	29321918	29321917	29321917	29321917	29321917	29321917	0	Mozilla/5.0 (Windows NT 10.0; Win64; x64) AppleWebKit/537.36 (KHTML, like Gecko) Chrome/138.0.0.0 Safari/537.36 OPR/122.0.0.0
4	0	0	0	1	0	0	29423468	0	0	29423468	0	MobileSafari/600.1.4 CFNetwork/711.1.12 Darwin/14.0.0
4	0	0	0	1	0	0	29339634	0	0	29339634	0	Mozilla/4.0 (compatible; MSIE 8.0; Windows NT 5.1; Trident/4.0; .NET CLR 2.0.50727; .NET CLR 3.0.04506.648; .NET CLR 3.5.21022; .NET CLR 3.0.4506.2152; .NET CLR 3.5.30729)
4	1	1	0	0	29422894	0	0	29422894	0	0	0	Mozilla/5.0 (compatible; VertexWP/1.0; +https://vertexwp.com/bot)
4	1	1	0	0	29448697	0	0	29448697	0	0	0	Mozilla/5.0 (Windows NT 10.0; Win64; x64) AppleWebKit/537.36 (KHTML, like Gecko) Chrome/119.0.0.0 Safari/537.36
4	5	5	0	4	29441285	0	29411585	29432416	0	29389368	0	Python/3.14 aiohttp/3.13.2
4	0	0	0	1	0	0	29422354	0	0	29422354	0	Mozilla/5.0 (Macintosh; Intel Mac OS X 10_14_3) AppleWebKit/537.36 (KHTML, like Gecko) Chrome/76.0.3809.100 Safari/537.36
4	0	0	0	3	0	0	29338675	0	0	29338675	0	fasthttp
4	0	0	0	2	0	0	29365577	0	0	29365577	0	Mozilla/5.0 (Windows NT 10.0; Win64; x64) Chrome/141 Safari/537.36
4	0	0	0	1	0	0	29323955	0	0	29323955	0	Mozilla/5.0 (Windows NT 10.0; Win64; x64) AppleWebKit/537.36 (KHTML, like Gecko) Chrome/102.0.0.0 Safari/537.36
4	0	0	0	3	0	0	29421642	0	0	29321917	0	Mozilla/5.0 (X11; Linux x86_64) AppleWebKit/537.36 (KHTML, like Gecko) Chrome/137.0.0.0 Safari/537.36
4	0	0	0	1	0	0	29339369	0	0	29339369	0	Mozilla/5.0 (Macintosh; Intel Mac OS X 14_4) AppleWebKit/605.1.15 (KHTML, like Gecko) Version/17.4 Safari/17.1.15
4	3	3	0	3	29369628	0	29369628	29369628	0	29369628	0	Mozilla/5.0 (X11; Ubuntu; Linux x86_64; rv:109.0) Gecko/20100101 Firefox/117.0
4	6	6	0	6	29369463	0	29369463	29321927	0	29321927	0	Mozilla/5.0 (iPhone; CPU iPhone OS 18_5 like Mac OS X) AppleWebKit/605.1.15 (KHTML, like Gecko) CriOS/138.0.7204.156 Mobile/15E148 Safari/604.1
4	0	0	0	1	0	0	29379739	0	0	29379739	0	Mozilla/5.0 (Knoppix; Linux x86_64; rv:125.0) Gecko/20100101 Firefox/125.0
4	0	0	0	1	0	0	29423311	0	0	29423311	0	BlackBerry8320/4.2.2 Profile/MIDP-2.0 Configuration/CLDC-1.1 VendorID/100
4	6	6	0	0	29426049	0	0	29322941	0	0	0	Mozilla/5.0 (compatible; InternetMeasurement/1.0; +https://internet-measurement.com/)
4	1	1	0	0	29411296	0	0	29411296	0	0	0	Mozilla/5.0 (Macintosh; Intel Mac OS X 10_14_2) AppleWebKit/537.36 (KHTML, like Gecko) Chrome/76.0.3809.100 Safari/537.36
4	6	6	0	11	29441476	0	29446292	29367324	0	29366733	0	Mozilla/5.0 (Windows NT 10.0; Win64; x64) AppleWebKit/537.36 (KHTML, like Gecko) Chrome/134.0.0.0 Safari/537.3
4	0	0	0	1	0	0	29426574	0	0	29426574	0	Mozilla/5.0 (Windows NT 6.1; WOW64) AppleWebKit/537.36 (KHTML, like Gecko) coc_coc_browser/80.0.180 Chrome/74.0.3729.180 Safari/537.36
4	1	1	0	0	29426819	0	0	29426819	0	0	0	Mozilla/5.0 (Macintosh; Intel Mac OS X 10_14_3) AppleWebKit/537.36 (KHTML, like Gecko) Chrome/77.0.3865.35 Safari/537.36
4	0	0	0	40	0	0	29405544	0	0	29405544	0	python-httpx/0.22.0
4	0	0	0	1	0	0	29325632	0	0	29325632	0	Python-urllib/3.10
4	1	1	0	0	29338675	0	0	29338675	0	0	0	Mozilla/5.0 (Macintosh; Intel Mac OS X 10_14_6) AppleWebKit/537.36 (KHTML, like Gecko) Chrome/76.0.3809.132 Safari/537.36
4	0	0	0	1	0	0	29352731	0	0	29352731	0	Mozilla/5.0 (X11; Linux x86_64) AppleWebKit/537.36 (KHTML, like Gecko) Chrome/136.0.0.0 Safari/537.36
4	1	1	0	1	29322920	0	29322920	29322920	0	29322920	0	Mozilla/5.0 (Linux; Android 10; K) AppleWebKit/537.36 (KHTML, like Gecko) Chrome/137.0.0.0 Mobile Safari/537.36
4	0	0	0	1	0	0	29341433	0	0	29341433	0	Mozilla/5.0 (Linux; Android 7.0; TRT-L21A) AppleWebKit/537.36 (KHTML, like Gecko) Chrome/76.0.3809.89 Mobile Safari/537.36
4	0	0	0	1	0	0	29339845	0	0	29339845	0	Mozilla/5.0 (Windows NT 10.0; Win64; x64) AppleWebKit/537.36 (KHTML, like Gecko) Chrome/75.0.3770.142 Safari/537.36 OPR/62.0.3331.117
4	0	0	0	1	0	0	29423418	0	0	29423418	0	Mozilla/5.0 (iPad; CPU OS 8_4_1 like Mac OS X) AppleWebKit/600.1.4 (KHTML, like Gecko) Version/8.0 Mobile/12H321 Safari/600.1.4
4	0	0	0	1	0	0	29416058	0	0	29416058	0	Mozilla/5.0 (X11; Linux x86_64; rv:1.9.6.20) Gecko/ Firefox/3.6.1
4	6	6	0	0	29410876	0	0	29365993	0	0	0	Mozilla/5.0 (Windows NT 10.0; Win64; x64) Chrome/91.0.4472.124
4	0	0	0	2	0	0	29339167	0	0	29339165	0	Mozilla/5.0 (Macintosh; Intel Mac OS X 10_15_7) AppleWebKit/537.36 (KHTML, like Gecko) Chrome/131.0.0.0 Safari/537.36; compatible; OAI-SearchBot/1.0; +https://openai.com/searchbot
4	1	1	0	0	29328878	0	0	29328878	0	0	0	Mozilla/5.0 (Macintosh; Intel Mac OS X 9_0_2) AppleWebKit/597.53 (KHTML, like Gecko) Chrome/106.0.2177 Safari/537.36
4	1	1	0	1	29340075	0	29439321	29340075	0	29439321	0	Mozilla/5.0 (Linux; Android 9; SM-G973U) AppleWebKit/537.36 (KHTML, like Gecko) Chrome/76.0.3809.111 Mobile Safari/537.36
4	1	1	0	0	29339541	0	0	29339541	0	0	0	Mozilla/5.0 (Symbian/3; Series60/5.2 NokiaC7-00/012.003; Profile/MIDP-2.1 Configuration/CLDC-1.1 ) AppleWebKit/525 (KHTML, like Gecko) Version/3.0 BrowserNG/7.2.7.3 3gpp-gba
4	0	0	0	1	0	0	29427081	0	0	29427081	0	Mozilla/5.0 (Macintosh; Intel Mac OS X 10_11_5) AppleWebKit/537.36 (KHTML, like Gecko) Chrome/51.0.2704.84 Safari/537.36
4	6	6	0	0	29425002	0	0	29387146	0	0	0	Mozilla/5.0 (compatible; NetcraftSurveyAgent/1.0; +info@netcraft.com)
4	0	0	0	248	0	0	29410876	0	0	29387114	0	python-httpx/0.28.1
4	2	2	0	2	29324049	0	29324056	29324049	0	29324056	0	Mozilla/5.0 (X11; Ubuntu; Linux x86_64; rv:134.0) Gecko/20100101 Firefox/134.0
4	0	0	0	1	0	0	29411770	0	0	29411770	0	Mozilla/5.0 (Linux; Android 8.0.0; LND-AL30) AppleWebKit/537.36 (KHTML, like Gecko) Chrome/76.0.3809.89 Mobile Safari/537.36
4	1	1	0	0	29366178	0	0	29366178	0	0	0	Mozilla/5.0 (Windows NT 10.0; Win64; x64) Chrome/91.0
4	4	4	0	0	29426968	0	0	29321916	0	0	797	Mozilla/5.0 (Windows NT 10.0; Win64; x64) AppleWebKit/537.36 (KHTML, like Gecko) Chrome/117.0.0.0 Safari/537.36
4	1	1	0	0	29417092	0	0	29417092	0	0	0	Mozilla/5.0 (Linux; U; Android 1.5; en-gb; T-Mobile_G2_Touch Build/CUPCAKE) AppleWebKit/528.5  (KHTML, like Gecko) Version/3.1.2 Mobile Safari/525.20.1
4	4	4	0	0	29365577	0	0	29321916	0	0	797	Mozilla/5.0 (Linux; Android 6.0; HTC One M9 Build/MRA876937) AppleWebKit/537.36 (KHTML, like Gecko) Chrome/52.0.1248.98 Mobile Safari/537.3
4	0	0	0	1	0	0	29328748	0	0	29328748	0	Mozilla/5.0 (Windows NT 6.2; rv:19.0) Gecko/20121129 Firefox/19.0
4	0	0	0	1	0	0	29426548	0	0	29426548	0	Mozilla/5.0 (Windows NT 10.0; Win64; x64) AppleWebKit/537.36 (KHTML, like Gecko) Chrome/66.0.3359.139 Safari/537.36
4	0	0	0	1	0	0	29338714	0	0	29338714	0	Mozilla/5.0 (iPad; CPU OS 12_2 like Mac OS X) AppleWebKit/605.1.15 (KHTML, like Gecko) Version/12.1 Mobile/15E148 Safari/604.1
4	0	0	0	1	0	0	29328529	0	0	29328529	0	Mozilla/5.0 (Linux; Android 5.1; A1601) AppleWebKit/537.36 (KHTML, like Gecko) Chrome/76.0.3809.111 Mobile Safari/537.36
4	0	0	0	1	0	0	29323700	0	0	29323700	0	Mozilla/5.0 (Windows NT 6.1; WOW64) AppleWebKit/537.36 (KHTML, like Gecko) Maxthon/4.4.6.1000 Chrome/30.0.1599.101 Safari/537.36
4	1	1	0	0	29412695	0	0	29412695	0	0	0	Mozilla/5.0 (Windows NT 6.1; WOW64) AppleWebKit/537.36 (KHTML, like Gecko) Chrome/62.0.3202.94 Safari/537.36
4	10	10	0	20	29443952	0	29443952	29422779	0	29422779	0	Mozilla/5.0 (Windows NT 10.0; Win64; x64) AppleWebKit/537.36 (KHTML, like Gecko) Chrome/60.0.3112.113 Safari/537.36 Assetnote/1.0.0
4	1	1	0	0	29427901	0	0	29427901	0	0	0	Mozilla/5.0 (X11; Linux i686; rv:124.0) Gecko/20100101 Firefox/124.0
4	1	1	0	0	29367001	0	0	29367001	0	0	0	Mozilla/5.0 (Linux; U; Android 1.6; en-us; HTC_TATTOO_A3288 Build/DRC79) AppleWebKit/528.5  (KHTML, like Gecko) Version/3.1.2 Mobile Safari/525.20.1
4	0	0	0	1	0	0	29365986	0	0	29365986	0	Mozilla/5.0 (Linux; U; Android 1.5; en-us; htc_bahamas Build/CRB17) AppleWebKit/528.5  (KHTML, like Gecko) Version/3.1.2 Mobile Safari/525.20.1
4	2	2	0	0	29322097	0	0	29322097	0	0	0	Mozilla/5.0 (X11; Linux x86_64; rv:83.0) Gecko/20100101 Firefox/83.0
4	12	12	0	21	29436743	0	29436743	29435837	0	29435837	0	Mozilla/5.0 (Windows NT 10.0; Win64; x64) AppleWebKit/537.36 (KHTML, like Gecko) Chrome/125.0.0.0 Safari/537.36
4	2	2	0	0	29325056	0	0	29325056	0	0	0	Mozilla/5.0 (Windows NT 10.0; Win64; x64) AppleWebKit/537.36 (KHTML, like Gecko) Chrome/58.0.3029.110 Safari/537.3
4	0	0	0	1	0	0	29410671	0	0	29410671	0	Mozilla/5.0 (compatible; Konqueror/3.5; SunOS) KHTML/3.5.1 (like Gecko)
4	1	1	0	0	29355438	0	0	29355438	0	0	0	Mozilla/5.0 (Windows NT 10.0; Win64; x64) AppleWebKit/537.36 (KHTML, like Gecko) Chrome/103.0.5060.66 Safari/537.36 Edg/103.0.1264.44
4	1	1	0	0	29434538	0	0	29434538	0	0	0	Mozilla/5.0 (Windows NT 10.0; Win64; x64) AppleWebKit/537.36 (KHTML, like Gecko) Chrome/70.0.3538.110 Safari/537.36
4	0	0	0	1	0	0	29339132	0	0	29339132	0	Mozilla/5.0 (Windows NT 10.0; rv:102.0) Gecko/20100101 Firefox/102.0
4	6	6	0	0	29431294	0	0	29386497	0	0	0	cypex.ai/scanning Mozilla/5.0 (Macintosh; Intel Mac OS X 10_15_7) Chrome/126.0.0.0 Safari/537.36
4	4	4	0	0	29426968	0	0	29321916	0	0	797	Mozilla/5.0 (X11; Linux x86_64) AppleWebKit/537.36 (KHTML, like Gecko) Chrome/117.0.0.0 Safari/537.36
4	0	0	0	1	0	0	29366625	0	0	29366625	0	Mozilla/5.0 (Linux; Android 8.1.0; Mi Note 3 Build/OPM1.171019.019; wv) AppleWebKit/537.36 (KHTML, like Gecko) Version/4.0 Chrome/66.0.3359.126 MQQBrowser/6.2 TBS/044813 Mobile Safari/537.36 MMWEBID/6858 MicroMessenger/7.0.5.1440(0x27000537) Process/tools NetType/4G Language/zh_CN
4	36	6	0	11	29426907	0	29321916	29321916	0	29321916	65536	Mozilla/5.0 (Windows NT 10.0; Win64; x64) AppleWebKit/537.36 (KHTML, like Gecko) Chrome/116.0.0.0 Safari/537.36
4	0	0	0	1	0	0	29433550	0	0	29433550	0	Offline Explorer/2.5
4	4	4	0	6	29444755	0	29444755	29381709	0	29381709	0	Mozilla/5.0 (compatible; wpbot/1.3; +https://forms.gle/ajBaxygz9jSR8p8G9)
4	0	0	0	1	0	0	29422613	0	0	29422613	0	Mozilla/5.0 (X11; U; Linux x86_64; sv-SE; rv:1.8.1.12) Gecko/20080207 Ubuntu/7.10 (gutsy) Firefox/2.0.0.12
4	6	6	0	0	29420003	0	0	29328476	0	0	0	Scrapy/2.13.3 (+https://scrapy.org)
4	19	19	0	28	29445904	0	29444651	29322036	0	29322036	0	Mozilla/5.0 (compatible; CensysInspect/1.1; +https://about.censys.io/)
4	0	0	0	1	0	0	29341621	0	0	29341621	0	Gaisbot/3.0 (robot@gais.cs.ccu.edu.tw; http://gais.cs.ccu.edu.tw/robot.php)
4	2	2	0	2	29377243	0	29377243	29377240	0	29377240	0	Mozilla/5.0 AppleWebKit/537.36 (KHTML, like Gecko; compatible; ClaudeBot/1.0; +claudebot@anthropic.com)
4	8	8	0	79	29411143	0	29422894	29321916	0	29321916	797	Go-http-client/1.1
4	0	0	0	1	0	0	29424548	0	0	29424548	0	Mozilla/5.0 (Windows NT 10.0; Win64; x64; rv:109.0) Gecko/20100101 Firefox/112.0
4	0	0	0	106	0	0	29449640	0	0	29384165	0	Mozilla/5.0 (Macintosh; Intel Mac OS X 10_15_7) AppleWebKit/537.36 (KHTML, like Gecko) Chrome/131.0.0.0 Safari/537.36; compatible; OAI-SearchBot/1.3; robots.txt; +https://openai.com/searchbot
4	1	1	0	0	29427307	0	0	29427307	0	0	0	Python/3.12 aiohttp/3.13.2
4	1	1	0	0	29353339	0	0	29353339	0	0	0	Mozilla/5.0 (Windows NT 6.3; Win64; x64) AppleWebKit/537.36 (KHTML, like Gecko) HeadlessChrome/109.0.5414.168 Safari/537.36
4	0	0	0	1	0	0	29368565	0	0	29368565	0	Mozilla/5.0 (webOS/1.3; U; en-US) AppleWebKit/525.27.1 (KHTML, like Gecko) Version/1.0 Safari/525.27.1 Desktop/1.0
4	1	1	0	0	29424548	0	0	29424548	0	0	0	Mozilla/5.0 (Ubuntu; Linux i686; rv:128.0) Gecko/20100101 Firefox/128.0
4	1	1	0	0	29369445	0	0	29369445	0	0	0	Mozilla/5.0 (Macintosh; Intel Mac OS X 10_15_7) AppleWebKit/537.36 (KHTML, like Gecko) Chrome/128.0.0.0 Safari/537.36
4	0	0	0	1	0	0	29422875	0	0	29422875	0	Mozilla/5.0 (Windows NT 10.0; WOW64) AppleWebKit/537.36 (KHTML, like Gecko) Chrome/75.0.3770.143 YaBrowser/19.7.2.470 Yowser/2.5 Safari/537.36
4	36	36	0	0	29449458	0	0	29384165	0	0	0	Mozilla/5.0 AppleWebKit/537.36 (KHTML, like Gecko; compatible; GPTBot/1.3; +https://openai.com/gptbot)
4	0	0	0	1	0	0	29422218	0	0	29422218	0	Mozilla/5.0 (Macintosh; Intel Mac OS X 10_12_6) AppleWebKit/537.36 (KHTML, like Gecko) Chrome/74.0.3729.169 Safari/537.36
4	1	1	0	0	29322874	0	0	29322874	0	0	0	Mozilla/5.0 (Linux; Android 8.1.0; SM-G610M) AppleWebKit/537.36 (KHTML, like Gecko) Chrome/76.0.3809.111 Mobile Safari/537.36
4	1	1	0	0	29365654	0	0	29365654	0	0	0	Mozilla/5.0 (Windows NT 10.0; WOW64; x64) AppleWebKit/537.36 (KHTML, like Gecko) Chrome/126.0.6478.182 Safari/537.36
4	2	2	0	0	29448697	0	0	29327341	0	0	0	Mozilla/5.0 (Macintosh; Intel Mac OS X 10_15_7) AppleWebKit/537.36 (KHTML, like Gecko) Chrome/120.0.0.0 Safari/537.36
4	1	1	0	0	29369450	0	0	29369450	0	0	0	Mozilla/5.0 (iPhone; CPU iPhone OS 16_0 like Mac OS X) AppleWebKit/605.1.15 (KHTML, like Gecko) Version/16.0 Mobile/15E148 Safari/604.1
4	0	0	0	182	0	0	29365995	0	0	29365993	0	python-httpx/0.24.1
4	0	0	0	1	0	0	29339730	0	0	29339730	0	Mozilla/5.0 (Windows NT 6.1; Win64; x64) AppleWebKit/537.36 (KHTML, like Gecko) Chrome/76.0.3809.100 Safari/537.36
4	1	1	0	0	29339285	0	0	29339285	0	0	0	Mozilla/5.0 (compatible; MSIE 10.0; Windows Phone 8.0; Trident/6.0; IEMobile/10.0; ARM; Touch)
4	6	6	0	0	29415969	0	0	29321932	0	0	0	Mozilla/5.0 (X11; Linux x86_64) AppleWebKit/537.36 (KHTML, like Gecko) Chrome/116.0.0.0 Safari/537.36
4	4	4	0	2	29436805	0	29439484	29422646	0	29429021	0	Hello from Palo Alto Networks, find out more about our scans in https://docs-cortex.paloaltonetworks.com/r/1/Cortex-Xpanse/Scanning-activity
4	0	0	0	1	0	0	29323491	0	0	29323491	0	Mozilla/5.0 (X11; Linux x86_64) AppleWebKit/537.36 (KHTML, like Gecko) Chrome/58.0.3029.110 Safari/537.36
4	0	0	0	1	0	0	29339466	0	0	29339466	0	Opera/7.51 (Windows NT 5.1; U) [en]
4	0	0	0	1	0	0	29423375	0	0	29423375	0	Mozilla/5.0 (Linux; Android 7.1.2; Nexus 6P Build/N2G48C) AppleWebKit/537.36 (KHTML, like Gecko) Chrome/60.0.3112.107 Mobile Safari/537.36
4	0	0	0	1	0	0	29433550	0	0	29433550	0	Mozilla/5.0 (Linux; Android 9; Mi A1) AppleWebKit/537.36 (KHTML, like Gecko) Chrome/74.0.3729.157 Mobile Safari/537.36
4	0	0	0	1	0	0	29428705	0	0	29428705	0	Mozilla/5.0 (CentOS; Linux x86_64) AppleWebKit/537.36 (KHTML, like Gecko) Chrome/133.0.0.0 Safari/537.36
4	0	0	0	3	0	0	29422171	0	0	29371654	0	RecordedFuture Global Inventory Crawler
4	8	8	0	8	29416057	0	29416057	29325211	0	29325211	0	Mozilla/5.0 (X11; Linux x86_64; rv:139.0) Gecko/20100101 Firefox/139.0
4	0	0	0	1	0	0	29366080	0	0	29366080	0	Mozilla/5.0 (X11; Linux x86_64) AppleWebKit/537.4 (KHTML like Gecko) Chrome/22.0.1229.56 Safari/537.4
4	5	5	0	5	29427678	0	29427678	29369444	0	29369444	0	Mozilla/5.0 (X11; Linux x86_64) AppleWebKit/537.36 (KHTML, like Gecko) Chrome/142.0.0.0 Safari/537.36
4	0	0	0	1	0	0	29322802	0	0	29322802	0	Mozilla/5.0 (Macintosh; Intel Mac OS X 10_11_5) AppleWebKit/537.36 (KHTML, like Gecko) Chrome/76.0.3809.100 Safari/537.36
4	1	1	0	0	29327508	0	0	29327508	0	0	0	Mozilla/5.0 (Macintosh; Intel Mac OS X 10_15_7) AppleWebKit/537.36 (KHTML, like Gecko) Chrome/136.0.0.0 Safari/537.36
4	0	0	0	1	0	0	29323756	0	0	29323756	0	Mozilla/5.0 (Windows NT 10.0; WOW64) AppleWebKit/537.36 (KHTML, like Gecko) Chrome/75.0.3770.143 YaBrowser/19.7.2.516 Yowser/2.5 Safari/537.36
4	3	3	0	10	29449693	0	29427958	29367678	0	29427957	0	Mozilla/5.0
4	0	0	0	1	0	0	29423354	0	0	29423354	0	Mozilla/5.0 (Linux; Android 6.0; HTC One M9 Build/MRA58K) AppleWebKit/537.36 (KHTML, like Gecko) Chrome/52.0.2743.98 Mobile Safari/537.36
4	1	1	0	0	29330419	0	0	29330419	0	0	0	Mozilla/5.0 (Macintosh; Intel Mac OS X 9_0) AppleWebKit/597.54 (KHTML, like Gecko) Chrome/56.0.2372 Safari/537.36
4	0	0	0	1	0	0	29422028	0	0	29422028	0	Mozilla/5.0 (Linux; Android 8.0.0; Moto Z2 Play) AppleWebKit/537.36 (KHTML, like Gecko) Chrome/76.0.3809.111 Mobile Safari/537.36
4	0	0	0	1	0	0	29428864	0	0	29428864	0	Mozilla/5.0 (Macintosh; Intel Mac OS X 10_15_7) AppleWebKit/605.1.15 (KHTML, like Gecko) Version/17.5 Safari/605.9.17
4	0	0	0	1	0	0	29368426	0	0	29368426	0	Mozilla/5.0 (Linux; Android 8.1.0; SM-G390F) AppleWebKit/537.36 (KHTML, like Gecko) Chrome/76.0.3809.89 Mobile Safari/537.36
4	1	1	0	0	29366811	0	0	29366811	0	0	0	Mozilla/5.0 (Windows NT 10.0; Win64; x64) AppleWebKit/537.36 (KHTML, like Gecko) Chrome/39.0.2171.71 Safari/537.36 Edge/12.0
4	1	1	0	0	29365704	0	0	29365704	0	0	0	Mozilla/5.0 (Linux; Android 13; Pixel 7 Pro) AppleWebKit/537.36 (KHTML, like Gecko) Chrome/126.0.6478.107 Mobile Safari/537.36
4	20	20	0	0	29342651	0	0	29322019	0	0	0	Mozilla/5.0 (X11; Linux i686; rv:109.0) Gecko/20100101 Firefox/120.0
4	0	0	0	1	0	0	29366397	0	0	29366397	0	Mozilla/5.0 (Linux; Android 9; SM-G960F) AppleWebKit/537.36 (KHTML, like Gecko) Chrome/76.0.3809.111 Mobile Safari/537.36
4	0	0	0	1	0	0	29439660	0	0	29439660	0	Jigsaw/2.2.5 W3C_CSS_Validator_JFouffa/2.0
4	0	0	0	1	0	0	29421808	0	0	29421808	0	Mozilla/5.0 (Linux; Android 9; SM-G965F) AppleWebKit/537.36 (KHTML, like Gecko) Chrome/73.0.3683.90 Mobile Safari/537.36 EdgA/42.0.2.3819
4	0	0	0	1	0	0	29411403	0	0	29411403	0	W3C_Validator/1.654
4	0	0	0	1	0	0	29341824	0	0	29341824	0	Mozilla/5.0 (Linux; Android 8.1.0; Redmi 6) AppleWebKit/537.36 (KHTML, like Gecko) Chrome/73.0.3683.90 Mobile Safari/537.36
4	4	4	0	4	29409692	0	29409692	29321924	0	29321924	0	Mozilla/5.0 (iPhone; CPU iPhone OS 16_6_1 like Mac OS X) AppleWebKit/605.1.15 (KHTML, like Gecko) Version/16.5 Mobile/15E148 Safari/604.1
4	17	17	0	51	29362288	0	29362288	29322216	0	29322216	0	Mozilla/5.0 (Linux; Android 6.0; Nexus 5 Build/MRA58N) AppleWebKit/537.36 (KHTML, like Gecko) Chrome/130.0.0.0 Mobile Safari/537.36
4	0	0	0	1	0	0	29411320	0	0	29411320	0	Mozilla/5.0 (Macintosh; Intel Mac OS X 10.15; rv:133.0) Gecko/20100101 Firefox/133.0
4	0	0	0	1	0	0	29415704	0	0	29415704	0	Mozilla/5.0 (Macintosh; Intel Mac OS X 10_15_7) AppleWebKit/605.1.15 Version/16.3 Safari/605.1.15
4	3	3	0	25	29322317	0	29321917	29321917	0	29321917	0	Mozilla/5.0 (Windows NT 10.0; Win64; x64) AppleWebKit/537.36 (KHTML, like Gecko) Chrome/140.0.0.0 Safari/537.36
4	4	4	0	5	29369446	0	29369450	29369445	0	29369445	0	Mozilla/5.0 (Windows NT 10.0; Win64; x64) AppleWebKit/537.36 (KHTML, like Gecko) Chrome/139.0.0.0 Safari/537.36
4	1	1	0	0	29431060	0	0	29431060	0	0	0	Mozilla/5.0 (iPad; CPU OS 18_5_0 like Mac OS X) AppleWebKit/605.1.15 (KHTML, like Gecko) CriOS/138.0.7204.156 Mobile/15E148 Safari/604.1
4	7	7	0	644	29431171	0	29431171	29323695	0	29323691	0	Mozilla/5.0 (Windows NT 6.1; Win64; x64; rv:47.0) Gecko/20100101 Firefox/47.0
4	2	2	0	0	29330417	0	0	29328876	0	0	0	curl/7.29.0
4	0	0	0	1	0	0	29375521	0	0	29375521	0	Mozilla/5.0 (Macintosh; Intel Mac OS X 10_15_7) AppleWebKit/605.1.15 (KHTML, like Gecko) Version/16.6 Safari/605.1.15
4	2	2	0	2	29322097	0	29322097	29322097	0	29322097	0	Mozilla/5.0 (Macintosh; Intel Mac OS X 10_9_2) AppleWebKit/537.36 (KHTML, like Gecko) Chrome/33.0.1750.152 Safari/537.36
4	2	2	0	2	29322097	0	29322097	29322097	0	29322097	0	Mozilla/5.0 (X11; Linux x86_64) AppleWebKit/537.36 (KHTML, like Gecko) Chrome/132.0.0.0 Safari/537.36
4	0	0	0	2	0	0	29348785	0	0	29348414	0	Mozilla/5.0 AppleWebKit/537.36 (KHTML, like Gecko; compatible; GPTBot/1.0; +https://openai.com/gptbot)
4	7	7	0	35	29421643	0	29421643	29321917	0	29321917	0	Mozilla/5.0 (Macintosh; Intel Mac OS X 10.15; rv:139.0) Gecko/20100101 Firefox/139.0
4	0	0	0	4	0	0	29380173	0	0	29366045	0	Mozilla/5.0 (Macintosh; Intel Mac OS X 10_15_7) AppleWebKit/537.36 (KHTML, like Gecko) Chrome/131.0.0.0 Safari/537.36; compatible; OAI-SearchBot/1.0; robots.txt; +https://openai.com/searchbot
4	0	0	0	1	0	0	29410511	0	0	29410511	0	Mozilla/5.0 (Windows NT 6.1; WOW64) AppleWebKit/537.36 (KHTML, like Gecko) Chrome/55.0.2883.87 UBrowser/6.2.4098.3 Safari/537.36
4	0	0	0	1	0	0	29422611	0	0	29422611	0	Mozilla/5.0 (iPhone; CPU iPhone OS 11_2_6 like Mac OS X) AppleWebKit/604.5.6 (KHTML, like Gecko) Version/11.0 Mobile/15D100 Safari/604.1
4	7	7	0	0	29426968	0	0	29321932	0	0	0	Mozilla/5.0 (Macintosh; Intel Mac OS X 10_15_7) AppleWebKit/537.36 (KHTML, like Gecko) Chrome/117.0.0.0 Safari/537.36
4	1	1	0	0	29321936	0	0	29321936	0	0	0	Mozilla/5.0 (Windows NT 10.0; WOW64; rv:111.0) Gecko/20100101 Firefox/111.0
4	2	2	0	0	29322136	0	0	29322136	0	0	0	ct-apache-fast/1.0
4	1	1	0	0	29366017	0	0	29366017	0	0	0	Mozilla/5.0 (Macintosh; Intel Mac OS X 10_14_5) AppleWebKit/537.36 (KHTML, like Gecko) Chrome/74.0.3729.169 Safari/537.36
4	1	1	0	0	29411189	0	0	29411189	0	0	0	Mozilla/5.0 (Macintosh; Intel Mac OS X 10_13_6) AppleWebKit/605.1.15 (KHTML, like Gecko) Version/12.1.1 Safari/605.1.15
4	1	1	0	1	29369450	0	29369453	29369450	0	29369453	0	Mozilla/5.0 (Windows NT 10.0; Win64; x64; rv:142.0) Gecko/20100101 Firefox/142.0
4	0	0	0	1	0	0	29338767	0	0	29338767	0	Mozilla/5.0 (Macintosh; Intel Mac OS X 10_14_6) AppleWebKit/537.36 (KHTML, like Gecko) Chrome/75.0.3770.90 Safari/537.36
4	8	8	0	0	29421650	0	0	29321933	0	0	0	Mozilla/5.0 (compatible; UGAResearchAgent/1.0; Please visit: NISLabUGA.github.io)
4	17	17	0	17	29441267	0	29441267	29324090	0	29324090	0	Mozilla/5.0 (X11; Linux x86_64) AppleWebKit/537.36 (KHTML, like Gecko) Chrome/139.0.0.0 Safari/537.36
4	2	2	0	0	29424176	0	0	29424176	0	0	0	Mozilla/5.0 (Windows NT 10.0; Win64; x64) AppleWebKit/537.36 (KHTML, like Gecko) Chrome/104.0.0.0 Safari/537.36
4	0	0	0	1	0	0	29423776	0	0	29423776	0	Mozilla/5.0 (Macintosh; Intel Mac OS X 10_13_6) AppleWebKit/537.36 (KHTML, like Gecko) Chrome/78.0.3880.4 Safari/537.36
4	0	0	0	1	0	0	29411006	0	0	29411006	0	Mozilla/5.0 (Macintosh; Intel Mac OS X 10_15_6) AppleWebKit/605.1.15 (KHTML, like Gecko) Version/14.1.2 Mobile/15E148 Safari/604.1
4	4	4	0	4	29409693	0	29409693	29321925	0	29321925	0	Mozilla/5.0 (iPhone; CPU iPhone OS 17_3 like Mac OS X) AppleWebKit/605.1.15 (KHTML, like Gecko) CriOS/116.0.5845.177 Mobile/15E148 Safari/604.1
5	1	1	0	0	29420003	0	0	29420003	0	0	0	34.147.88.45
5	2	2	0	0	29435079	0	0	29434538	0	0	0	45.148.10.154
5	34	4	0	11	29321916	0	29321916	29321916	0	29321916	66333	104.252.191.7
5	2	2	0	0	29392397	0	0	29392397	0	0	0	195.178.110.157
5	1	1	0	1	29409693	0	29409693	29409693	0	29409693	0	172.111.15.145
5	3	3	0	388	29431171	0	29431171	29431169	0	29331216	0	195.178.110.155
5	1	1	0	0	29422403	0	0	29422403	0	0	0	74.7.243.239
5	5	5	0	8	29441476	0	29446292	29374723	0	29374426	0	204.76.203.25
5	1	1	0	0	29425002	0	0	29425002	0	0	0	54.74.125.56
5	1	1	0	0	29366017	0	0	29366017	0	0	0	34.216.86.141
5	1	1	0	1	29367047	0	29367047	29367047	0	29367047	0	199.45.155.84
5	3	3	0	2	29367001	0	29323756	29322874	0	29323700	0	196.251.88.64
5	0	0	0	1	0	0	29403413	0	0	29403413	0	2a06:98c0:3600::103
5	1	1	0	1	29395571	0	29395571	29395571	0	29395571	0	199.45.155.81
5	3	3	0	141	29323695	0	29323696	29323691	0	29323691	0	100.28.2.109
5	1	1	0	1	29413177	0	29413178	29413177	0	29413178	0	178.62.105.27
5	1	1	0	0	29445904	0	0	29445904	0	0	0	199.45.155.79
5	1	1	0	0	29330417	0	0	29330417	0	0	0	152.32.225.108
5	1	1	0	0	29415445	0	0	29415445	0	0	0	104.164.126.122
5	0	0	0	2	0	0	29322802	0	0	29322622	0	54.89.41.60
5	1	1	0	1	29339201	0	29339201	29339201	0	29339201	0	209.38.167.195
5	1	1	0	0	29415074	0	0	29415074	0	0	0	87.236.176.19
5	3	3	0	0	29445923	0	0	29439595	0	0	0	74.7.243.223
5	1	1	0	1	29442669	0	29442669	29442669	0	29442669	0	35.84.195.32
5	1	1	0	0	29322081	0	0	29322081	0	0	0	20.171.207.205
5	0	0	0	1	0	0	29389368	0	0	29389368	0	136.119.95.133
5	1	1	0	1	29368295	0	29368295	29368295	0	29368295	0	134.209.195.13
5	1	1	0	0	29432705	0	0	29432705	0	0	0	74.7.243.199
5	2	2	0	0	29325056	0	0	29325056	0	0	0	146.70.185.32
5	1	1	0	0	29449458	0	0	29449458	0	0	0	74.7.243.197
5	1	1	0	0	29391787	0	0	29391787	0	0	0	74.7.227.6
5	3	3	0	0	29445925	0	0	29439908	0	0	0	74.7.243.204
5	0	0	0	1	0	0	29321917	0	0	29321917	0	95.181.234.143
5	1	1	0	0	29327341	0	0	29327341	0	0	0	104.131.170.123
5	1	1	0	0	29415969	0	0	29415969	0	0	0	104.252.191.22
5	6	6	0	4	29322097	0	29322097	29322097	0	29322097	0	54.247.57.72
5	1	1	0	0	29365627	0	0	29365627	0	0	0	104.252.191.17
5	0	0	0	1	0	0	29348414	0	0	29348414	0	172.182.214.167
5	2	2	0	0	29322235	0	0	29321973	0	0	0	51.81.46.212
5	0	0	0	2	0	0	29436636	0	0	29436636	0	44.238.103.136
5	1	1	0	0	29322080	0	0	29322080	0	0	0	20.171.207.158
5	1	1	0	2	29330674	0	29330675	29330674	0	29330674	0	199.45.154.155
5	3	3	0	18	29321916	0	29321916	29321916	0	29321916	2391	167.99.181.249
5	4	4	0	7	29435837	0	29435837	29435837	0	29435837	0	209.38.22.133
5	0	0	0	1	0	0	29422171	0	0	29422171	0	18.235.110.182
5	1	1	0	0	29427901	0	0	29427901	0	0	0	98.91.192.94
5	1	1	0	0	29339167	0	0	29339167	0	0	0	20.171.207.142
5	2	2	0	0	29431060	0	0	29426421	0	0	0	100.30.248.17
5	5	5	0	0	29411092	0	0	29397434	0	0	0	74.7.242.53
5	0	0	0	1	0	0	29339165	0	0	29339165	0	4.227.36.98
5	1	1	0	1	29411456	0	29411456	29411456	0	29411456	0	178.128.242.201
5	1	1	0	0	29321936	0	0	29321936	0	0	0	34.12.37.126
5	0	0	0	1	0	0	29411585	0	0	29411585	0	35.223.54.147
5	1	1	0	3	29330419	0	29330419	29330419	0	29330419	0	165.154.206.139
5	1	1	0	2	29347809	0	29347809	29347809	0	29347809	0	199.45.154.131
5	1	1	0	1	29408603	0	29408603	29408603	0	29408603	0	199.45.154.126
5	1	1	0	1	29321927	0	29321927	29321927	0	29321927	0	162.208.124.243
5	1	1	0	1	29322687	0	29322687	29322687	0	29322687	0	149.88.22.171
5	2	2	0	0	29323699	0	0	29323515	0	0	0	23.27.145.92
5	2	2	0	0	29340075	0	0	29339285	0	0	0	54.201.41.91
5	1	1	0	0	29449693	0	0	29449693	0	0	0	45.148.10.99
5	1	1	0	0	29328876	0	0	29328876	0	0	0	152.32.211.69
5	1	1	0	0	29387202	0	0	29387202	0	0	0	54.74.40.134
5	1	1	0	0	29394972	0	0	29394972	0	0	0	74.7.243.131
5	4	4	0	7	29436743	0	29436743	29436743	0	29436743	0	170.64.181.181
5	1	1	0	1	29439782	0	29439782	29439782	0	29439782	0	174.138.67.160
5	1	1	0	0	29353339	0	0	29353339	0	0	0	44.193.254.10
5	1	1	0	0	29430299	0	0	29430299	0	0	0	74.7.242.24
5	1	1	0	1	29369950	0	29369950	29369950	0	29369950	0	167.71.188.18
5	2	2	0	2	29423079	0	29423079	29422897	0	29422897	0	162.55.173.215
5	1	1	0	0	29449226	0	0	29449226	0	0	0	74.7.242.19
5	1	1	0	2	29336354	0	29336355	29336354	0	29336354	0	66.132.153.143
5	1	1	0	0	29339165	0	0	29339165	0	0	0	20.171.207.105
5	2	2	0	4	29323278	0	29323279	29322046	0	29322046	0	66.132.153.141
5	2	2	0	0	29417092	0	0	29412695	0	0	0	45.148.10.80
5	1	1	0	1	29372404	0	29372404	29372404	0	29372404	0	66.132.153.138
5	1	1	0	1	29369444	0	29369444	29369444	0	29369444	0	149.88.102.113
5	0	0	0	1	0	0	29352731	0	0	29352731	0	91.90.124.156
5	0	0	0	4	0	0	29393403	0	0	29392194	0	74.7.228.59
5	1	1	0	3	29328878	0	29328878	29328878	0	29328878	0	118.26.39.231
5	7	7	0	35	29421643	0	29421643	29321917	0	29321917	0	96.41.38.202
5	1	1	0	1	29321927	0	29321927	29321927	0	29321927	0	103.196.9.48
5	0	0	0	2	0	0	29423375	0	0	29421808	0	176.65.132.18
5	3	3	1	1	29321918	29321917	29321917	29321917	29321917	29321917	0	79.217.216.128
5	1	1	0	0	29322317	0	0	29322317	0	0	0	192.175.111.252
5	0	0	0	2	0	0	29449630	0	0	29449458	0	74.7.228.49
5	0	0	0	8	0	0	29445922	0	0	29436707	0	74.7.228.50
5	1	1	0	0	29423490	0	0	29423490	0	0	0	3.254.50.186
5	1	1	0	0	29431259	0	0	29431259	0	0	0	18.224.192.118
5	0	0	0	1	0	0	29426961	0	0	29426961	0	74.7.228.45
5	0	0	0	3	0	0	29436009	0	0	29394118	0	74.7.228.43
5	1	1	0	0	29369445	0	0	29369445	0	0	0	103.115.187.73
5	0	0	0	1	0	0	29322081	0	0	29322081	0	4.227.36.41
5	0	0	0	1	0	0	29394772	0	0	29394772	0	74.7.228.42
5	0	0	0	2	0	0	29339369	0	0	29339132	0	196.251.70.47
5	1	1	0	1	29410168	0	29410168	29410168	0	29410168	0	66.132.153.114
5	1	1	0	1	29441267	0	29441267	29441267	0	29441267	0	178.62.240.150
5	1	1	0	0	29322019	0	0	29322019	0	0	0	23.27.145.36
5	1	1	0	0	29424739	0	0	29424739	0	0	0	54.216.236.144
5	1	1	0	1	29410449	0	29410449	29410449	0	29410449	0	134.199.217.80
5	0	0	0	2	0	0	29391392	0	0	29391099	0	34.61.77.225
5	0	0	0	1	0	0	29430299	0	0	29430299	0	74.7.244.63
5	0	0	0	2	0	0	29425539	0	0	29425116	0	74.7.228.24
5	0	0	0	4	0	0	29341824	0	0	29328529	0	93.123.109.7
5	1	1	0	1	29326896	0	29326896	29326896	0	29326896	0	143.198.78.81
5	1	1	0	0	29370839	0	0	29370839	0	0	0	87.236.176.251
5	0	0	0	1	0	0	29384167	0	0	29384167	0	74.7.228.18
5	0	0	0	1	0	0	29388414	0	0	29388414	0	74.7.228.16
5	2	2	0	0	29365654	0	0	29365654	0	0	0	147.93.155.10
5	4	4	0	7	29436610	0	29436610	29436609	0	29436609	0	170.64.232.38
5	0	0	0	1	0	0	29416048	0	0	29416048	0	74.7.244.51
5	0	0	0	1	0	0	29366045	0	0	29366045	0	74.7.228.13
5	0	0	0	1	0	0	29344595	0	0	29344595	0	213.209.157.93
5	0	0	0	2	0	0	29417953	0	0	29380173	0	74.7.228.12
5	3	3	0	18	29321916	0	29321916	29321916	0	29321916	797	157.245.105.107
5	1	1	0	1	29322920	0	29322920	29322920	0	29322920	0	171.244.43.14
5	0	0	0	2	0	0	29411770	0	0	29411403	0	213.209.157.81
5	1	1	0	0	29367678	0	0	29367678	0	0	0	18.141.225.240
5	1	1	0	1	29421023	0	29421023	29421023	0	29421023	0	174.138.56.37
5	1	1	0	0	29355438	0	0	29355438	0	0	0	44.212.49.178
5	1	1	0	1	29367256	0	29367256	29367256	0	29367256	0	167.71.185.141
5	1	1	0	1	29324090	0	29324090	29324090	0	29324090	0	104.248.22.99
5	1	1	0	0	29323100	0	0	29323100	0	0	0	185.247.137.171
5	3	3	0	33	29421642	0	29421642	29421641	0	29421641	0	165.227.173.41
5	1	1	0	0	29424176	0	0	29424176	0	0	0	44.204.85.96
5	1	1	0	1	29369446	0	29369446	29369446	0	29369446	0	204.111.139.9
5	1	1	0	1	29321924	0	29321924	29321924	0	29321924	0	188.208.116.82
5	0	0	0	1	0	0	29327522	0	0	29327522	0	93.123.109.175
5	2	2	0	0	29365704	0	0	29365704	0	0	0	31.97.153.61
5	1	1	0	0	29436805	0	0	29436805	0	0	0	198.235.24.200
5	1	1	0	2	29339158	0	29339159	29339158	0	29339158	0	199.45.155.103
5	0	0	0	1	0	0	29409502	0	0	29409502	0	98.84.1.175
5	1	1	0	1	29435704	0	29435704	29435704	0	29435704	0	199.45.155.101
5	1	1	0	0	29415445	0	0	29415445	0	0	0	154.28.229.205
5	1	1	0	1	29321925	0	29321925	29321925	0	29321925	0	45.148.106.119
5	2	2	0	4	29422935	0	29422935	29422935	0	29422935	0	16.170.218.31
5	1	1	0	0	29322317	0	0	29322317	0	0	0	64.15.129.108
5	0	0	0	1	0	0	29348785	0	0	29348785	0	172.182.204.179
5	0	0	0	4	0	0	29366625	0	0	29339466	0	194.26.192.110
5	1	1	0	1	29419472	0	29419472	29419472	0	29419472	0	46.101.48.38
5	1	1	0	182	29365993	0	29365995	29365993	0	29365993	0	16.176.202.135
5	1	1	0	0	29322941	0	0	29322941	0	0	0	185.247.137.129
5	0	0	0	1	0	0	29414012	0	0	29414012	0	74.7.175.192
5	1	1	0	1	29323337	0	29323338	29323337	0	29323338	0	146.70.116.115
5	1	1	0	1	29369443	0	29369443	29369443	0	29369443	0	34.91.179.114
5	1	1	0	0	29369450	0	0	29369450	0	0	0	34.218.235.65
5	1	1	0	0	29430456	0	0	29430456	0	0	0	198.235.24.166
5	0	0	0	2	0	0	29448230	0	0	29448170	0	74.7.175.184
5	8	8	0	24	29324865	0	29324865	29322216	0	29322216	0	185.203.132.199
5	1	1	0	0	29392194	0	0	29392194	0	0	0	74.7.227.221
5	2	2	0	4	29434992	0	29434992	29434992	0	29434992	0	99.79.122.79
5	3	3	0	31	29409686	0	29409686	29409684	0	29409685	0	167.99.210.137
5	0	0	0	1	0	0	29352731	0	0	29352731	0	95.181.236.136
5	1	1	0	1	29371117	0	29371117	29371117	0	29371117	0	157.245.124.113
5	1	1	0	0	29448697	0	0	29448697	0	0	0	177.39.150.99
5	0	0	0	1	0	0	29411006	0	0	29411006	0	93.123.109.132
5	1	1	0	0	29327508	0	0	29327508	0	0	0	138.197.90.146
5	0	0	0	1	0	0	29415282	0	0	29415282	0	74.7.175.170
5	0	0	0	1	0	0	29421271	0	0	29421271	0	34.126.88.105
5	1	1	0	0	29422646	0	0	29422646	0	0	0	198.235.24.145
5	1	1	0	0	29408046	0	0	29408046	0	0	0	54.252.192.139
5	1	1	0	0	29367145	0	0	29367145	0	0	0	74.7.227.192
5	8	8	0	24	29352219	0	29352219	29327718	0	29327718	0	157.143.122.60
5	0	0	0	1	0	0	29325632	0	0	29325632	0	45.130.203.149
5	1	1	0	0	29367141	0	0	29367141	0	0	0	74.7.227.201
5	1	1	0	0	29425539	0	0	29425539	0	0	0	74.7.227.189
5	1	1	0	1	29321927	0	29321927	29321927	0	29321927	0	188.119.119.185
5	1	1	0	1	29424743	0	29424743	29424743	0	29424743	0	143.110.187.171
5	0	0	0	2	0	0	29414046	0	0	29413450	0	74.7.175.156
5	0	0	0	1	0	0	29428171	0	0	29428171	0	74.7.175.154
5	0	0	0	1	0	0	29388355	0	0	29388355	0	34.125.73.167
5	1	1	0	0	29428171	0	0	29428171	0	0	0	74.7.227.177
5	1	1	0	1	29325211	0	29325211	29325211	0	29325211	0	167.99.188.201
5	2	2	0	0	29365578	0	0	29365577	0	0	0	103.196.9.222
5	1	1	0	40	29405544	0	29405544	29405544	0	29405544	0	13.36.211.169
5	1	1	0	0	29366178	0	0	29366178	0	0	0	43.201.8.222
5	0	0	0	4	0	0	29433550	0	0	29422354	0	185.177.72.75
5	0	0	0	1	0	0	29421642	0	0	29421642	0	173.239.201.138
5	1	1	0	0	29321932	0	0	29321932	0	0	0	103.196.9.199
5	1	1	0	0	29328476	0	0	29328476	0	0	0	34.91.36.231
5	2	2	0	0	29321932	0	0	29321932	0	0	0	107.172.195.76
5	1	1	0	0	29380173	0	0	29380173	0	0	0	74.7.227.162
5	1	1	0	0	29426907	0	0	29426907	0	0	0	103.196.9.205
5	1	1	0	1	29340375	0	29340375	29340375	0	29340375	0	159.89.94.123
5	1	1	0	0	29324049	0	0	29324049	0	0	0	91.231.89.126
5	1	1	0	0	29414046	0	0	29414046	0	0	0	74.7.227.147
5	1	1	0	1	29321927	0	29321927	29321927	0	29321927	0	103.196.9.179
5	1	1	0	0	29417945	0	0	29417945	0	0	0	74.7.227.144
5	0	0	0	1	0	0	29427081	0	0	29427081	0	45.144.212.58
5	1	1	0	0	29416678	0	0	29416678	0	0	0	154.28.229.102
5	1	1	0	1	29369463	0	29369463	29369463	0	29369463	0	206.41.176.107
5	1	1	0	0	29324049	0	0	29324049	0	0	0	91.231.89.35
5	1	1	0	1	29425841	0	29425841	29425841	0	29425841	0	142.93.153.118
5	1	1	0	1	29444755	0	29444755	29444755	0	29444755	0	18.246.255.138
5	1	1	0	1	29360004	0	29360004	29360004	0	29360004	0	143.198.135.190
5	1	1	0	1	29416057	0	29416057	29416057	0	29416057	0	46.101.46.246
5	3	3	0	33	29365577	0	29365577	29365577	0	29365577	0	139.59.136.184
5	0	0	0	2	0	0	29379739	0	0	29375521	0	46.193.67.68
5	0	0	0	2	0	0	29439660	0	0	29439321	0	45.144.212.43
5	1	1	0	3	29362288	0	29362288	29362288	0	29362288	0	91.84.86.2
5	1	1	0	2	29369457	0	29369457	29369457	0	29369457	0	100.27.188.72
5	1	1	0	0	29439548	0	0	29439548	0	0	0	205.210.31.182
5	0	0	0	1	0	0	29414132	0	0	29414132	0	136.117.251.194
5	3	3	0	0	29419536	0	0	29386538	0	0	0	3.138.185.30
5	1	1	0	1	29369628	0	29369628	29369628	0	29369628	0	202.178.116.13
5	0	0	0	1	0	0	29371654	0	0	29371654	0	98.88.137.2
5	0	0	0	2	0	0	29339845	0	0	29339730	0	185.177.72.8
5	1	1	0	0	29384165	0	0	29384165	0	0	0	74.7.227.78
5	1	1	0	0	29419468	0	0	29419468	0	0	0	74.7.241.28
5	1	1	0	0	29387146	0	0	29387146	0	0	0	54.154.124.179
5	2	2	0	0	29415969	0	0	29415969	0	0	0	103.196.9.146
5	1	1	0	1	29427678	0	29427678	29427678	0	29427678	0	104.248.250.32
5	1	1	0	1	29411273	0	29411273	29411273	0	29411273	0	128.140.51.187
5	1	1	0	1	29369446	0	29369446	29369446	0	29369446	0	74.80.29.196
5	1	1	0	0	29380170	0	0	29380170	0	0	0	74.7.227.72
5	1	1	0	1	29387114	0	29387114	29387114	0	29387114	0	35.159.19.228
5	1	1	0	1	29369450	0	29369453	29369450	0	29369453	0	149.22.90.207
5	1	1	0	0	29436009	0	0	29436009	0	0	0	74.7.241.20
5	1	1	0	0	29424381	0	0	29424381	0	0	0	74.7.241.19
5	1	1	0	0	29422922	0	0	29422922	0	0	0	34.247.218.75
5	1	1	0	0	29426494	0	0	29426494	0	0	0	205.210.31.165
5	1	1	0	0	29321933	0	0	29321933	0	0	0	128.192.12.125
5	1	1	0	0	29421650	0	0	29421650	0	0	0	128.192.12.124
5	1	1	0	0	29325157	0	0	29325157	0	0	0	149.57.180.183
5	2	2	0	0	29433380	0	0	29432416	0	0	0	167.71.58.65
5	5	5	0	0	29411568	0	0	29398702	0	0	0	74.7.241.14
5	1	1	0	0	29324939	0	0	29324939	0	0	0	149.57.180.181
5	1	1	0	1	29327959	0	29327959	29327959	0	29327959	0	143.198.43.199
5	1	1	0	25	29321917	0	29321917	29321917	0	29321917	0	51.222.15.189
5	3	3	0	0	29441285	0	0	29438387	0	0	0	207.154.238.236
5	2	2	0	0	29426968	0	0	29426968	0	0	0	103.4.251.82
5	1	1	0	0	29340260	0	0	29340260	0	0	0	198.235.24.53
5	1	1	0	0	29419305	0	0	29419305	0	0	0	128.192.12.116
5	1	1	0	0	29421377	0	0	29421377	0	0	0	74.7.227.57
5	1	1	0	0	29348034	0	0	29348034	0	0	0	128.192.12.115
5	1	1	0	0	29336832	0	0	29336832	0	0	0	149.57.180.175
5	0	0	0	2	0	0	29411320	0	0	29410927	0	3.88.131.80
5	1	1	0	1	29422898	0	29422898	29422898	0	29422898	0	157.245.209.83
5	1	1	0	0	29321933	0	0	29321933	0	0	0	128.192.12.111
5	1	1	0	0	29434091	0	0	29434091	0	0	0	74.7.227.52
5	1	1	0	0	29348034	0	0	29348034	0	0	0	128.192.12.109
5	1	1	0	0	29321916	0	0	29321916	0	0	797	103.4.250.203
5	1	1	0	0	29323698	0	0	29323698	0	0	0	149.57.180.171
5	1	1	0	1	29383853	0	29383853	29383853	0	29383853	0	44.243.133.110
5	1	1	0	0	29419306	0	0	29419306	0	0	0	128.192.12.107
5	1	1	0	0	29421650	0	0	29421650	0	0	0	128.192.12.105
5	1	1	0	0	29384167	0	0	29384167	0	0	0	74.7.227.45
5	1	1	0	0	29415937	0	0	29415937	0	0	0	74.7.227.42
5	1	1	0	1	29444651	0	29444651	29444651	0	29444651	0	206.168.34.219
5	0	0	0	1	0	0	29429021	0	0	29429021	0	198.235.24.33
5	1	1	0	247	29410876	0	29410876	29410876	0	29410876	0	13.39.80.44
5	1	1	0	0	29325162	0	0	29325162	0	0	0	23.27.145.249
5	1	1	0	3	29338675	0	29338675	29338675	0	29338675	0	8.219.149.91
5	1	1	0	0	29324938	0	0	29324938	0	0	0	23.27.145.245
5	0	0	0	1	0	0	29339167	0	0	29339167	0	4.227.36.1
5	0	0	0	9	0	0	29446461	0	0	29436439	0	74.7.244.2
5	2	2	0	4	29433068	0	29433068	29433068	0	29433068	0	13.40.124.249
5	0	0	0	1	0	0	29369450	0	0	29369450	0	192.158.226.18
5	0	0	0	1	0	0	29424381	0	0	29424381	0	74.7.241.189
5	1	1	0	0	29365577	0	0	29365577	0	0	0	107.172.195.186
5	1	1	0	0	29342419	0	0	29342419	0	0	0	149.57.180.140
5	1	1	0	0	29426049	0	0	29426049	0	0	0	185.247.137.67
5	0	0	0	1	0	0	29421499	0	0	29421499	0	74.7.241.179
5	0	0	0	1	0	0	29434091	0	0	29434091	0	74.7.241.180
5	2	2	0	4	29422779	0	29422779	29422779	0	29422779	0	15.188.14.77
5	0	0	0	1	0	0	29419468	0	0	29419468	0	74.7.241.178
5	1	1	0	0	29420003	0	0	29420003	0	0	0	34.90.229.81
5	1	1	0	2	29322036	0	29322037	29322036	0	29322036	0	167.94.138.60
5	1	1	0	1	29409692	0	29409692	29409692	0	29409692	0	172.111.15.98
5	1	1	0	1	29359166	0	29359166	29359166	0	29359166	0	139.59.24.171
5	0	0	0	1	0	0	29417945	0	0	29417945	0	74.7.241.168
5	1	1	0	1	29398834	0	29398834	29398834	0	29398834	0	164.92.70.180
5	2	2	0	0	29416678	0	0	29416678	0	0	0	107.172.195.166
5	1	1	0	0	29328476	0	0	29328476	0	0	0	34.147.91.161
5	0	0	0	1	0	0	29426715	0	0	29426715	0	74.7.241.165
5	4	4	0	117	29323713	0	29323713	29323707	0	29323707	0	23.20.19.201
5	0	0	0	1	0	0	29421377	0	0	29421377	0	74.7.241.164
5	0	0	0	1	0	0	29422403	0	0	29422403	0	74.7.230.4
5	1	1	0	0	29448697	0	0	29448697	0	0	0	179.36.52.107
5	0	0	0	1	0	0	29322080	0	0	29322080	0	4.227.36.117
5	2	2	0	0	29426907	0	0	29426907	0	0	0	104.252.191.215
5	1	1	0	1	29380431	0	29380431	29380431	0	29380431	0	64.226.91.73
5	0	0	0	3	0	0	29448261	0	0	29448196	0	74.7.241.159
5	1	1	0	1	29400177	0	29400177	29400177	0	29400177	0	167.94.146.63
5	1	1	0	3	29355104	0	29355109	29355104	0	29355104	0	167.94.146.61
5	1	1	0	0	29328013	0	0	29328013	0	0	0	23.27.145.191
5	1	1	0	1	29414248	0	29414248	29414248	0	29414248	0	167.94.138.37
5	0	0	0	4	0	0	29426574	0	0	29423353	0	45.82.13.170
5	1	1	0	0	29342651	0	0	29342651	0	0	0	23.27.145.185
5	3	3	0	33	29409684	0	29409684	29409684	0	29409684	0	209.97.180.8
5	2	2	0	2	29409693	0	29409693	29321925	0	29321925	0	154.30.98.229
5	1	1	0	0	29438392	0	0	29438392	0	0	0	205.210.31.50
5	0	0	0	2	0	0	29432714	0	0	29432107	0	74.7.230.58
5	1	1	0	1	29321927	0	29321927	29321927	0	29321927	0	103.4.250.113
5	1	1	0	1	29369442	0	29369442	29369442	0	29369442	0	34.6.48.17
5	1	1	0	0	29338454	0	0	29338454	0	0	0	205.210.31.37
5	2	2	0	0	29365627	0	0	29365627	0	0	0	104.252.191.177
5	0	0	0	1	0	0	29380170	0	0	29380170	0	74.7.230.52
5	0	0	0	2	0	0	29425495	0	0	29425027	0	74.7.241.129
5	0	0	0	1	0	0	29430232	0	0	29430232	0	74.7.230.51
5	0	0	0	1	0	0	29428259	0	0	29428259	0	74.7.230.44
5	0	0	0	2	0	0	29416058	0	0	29415704	0	139.64.164.4
5	0	0	0	3	0	0	29416062	0	0	29415937	0	74.7.230.43
5	0	0	0	2	0	0	29432705	0	0	29394972	0	74.7.230.41
5	1	1	0	0	29342420	0	0	29342420	0	0	0	149.57.180.90
5	1	1	0	1	29400753	0	29400753	29400753	0	29400753	0	209.38.123.25
5	1	1	0	1	29369628	0	29369628	29369628	0	29369628	0	186.42.97.194
5	0	0	0	1	0	0	29430956	0	0	29430956	0	74.7.230.40
5	0	0	0	2	0	0	29341621	0	0	29324825	0	213.209.157.253
5	0	0	0	2	0	0	29422613	0	0	29422611	0	45.148.10.250
5	2	2	0	0	29371782	0	0	29371782	0	0	0	34.90.220.251
5	0	0	0	5	0	0	29393404	0	0	29366071	0	74.7.230.32
5	1	1	0	3	29367324	0	29379800	29367324	0	29366733	0	176.65.148.212
5	0	0	0	1	0	0	29326703	0	0	29326703	0	45.148.10.246
5	1	1	0	0	29336833	0	0	29336833	0	0	0	149.57.180.76
5	0	0	0	2	0	0	29338767	0	0	29338714	0	213.209.157.244
5	0	0	0	16	0	0	29412200	0	0	29397690	0	74.7.230.27
5	0	0	0	2	0	0	29428864	0	0	29428705	0	45.148.10.238
5	1	1	0	0	29336536	0	0	29336536	0	0	0	23.27.145.138
5	0	0	0	1	0	0	29384165	0	0	29384165	0	74.7.230.23
5	6	6	0	66	29421642	0	29421642	29365577	0	29365577	0	207.154.212.47
5	0	0	0	1	0	0	29324056	0	0	29324056	0	91.196.152.225
5	1	1	0	1	29369445	0	29369445	29369445	0	29369445	0	104.165.94.93
5	0	0	0	1	0	0	29419457	0	0	29419457	0	74.7.230.20
5	1	1	0	2	29424548	0	29424548	29424548	0	29424548	0	195.178.110.242
5	1	1	0	1	29414312	0	29414312	29414312	0	29414312	0	167.71.111.15
5	2	2	0	2	29377243	0	29377243	29377240	0	29377240	0	216.73.216.155
5	0	0	0	4	0	0	29449640	0	0	29449226	0	74.7.230.15
5	0	0	0	5	0	0	29368565	0	0	29323491	0	213.209.157.232
5	2	2	0	2	29409692	0	29409692	29321924	0	29321924	0	172.111.15.226
5	1	1	0	0	29424176	0	0	29424176	0	0	0	44.210.117.108
5	0	0	0	1	0	0	29433034	0	0	29433034	0	34.48.118.224
5	1	1	0	0	29409398	0	0	29409398	0	0	0	35.180.131.123
5	1	1	0	0	29327814	0	0	29327814	0	0	0	149.57.180.60
5	1	1	0	1	29369445	0	29369445	29369445	0	29369445	0	136.0.187.241
5	2	2	0	0	29411296	0	0	29411189	0	0	0	18.208.174.226
5	0	0	0	1	0	0	29439484	0	0	29439484	0	147.185.132.135
5	1	1	0	0	29322020	0	0	29322020	0	0	0	23.27.145.122
5	1	1	0	0	29379655	0	0	29379655	0	0	0	87.236.176.99
5	1	1	0	6	29339541	0	29427745	29339541	0	29410511	0	195.178.110.223
5	1	1	0	10	29427957	0	29427958	29427957	0	29427957	0	195.178.110.68
5	0	0	0	15	0	0	29411092	0	0	29397434	0	74.7.228.6
5	1	1	0	0	29323507	0	0	29323507	0	0	0	149.57.180.43
5	1	1	0	0	29328018	0	0	29328018	0	0	0	23.27.145.110
5	0	0	0	2	0	0	29324273	0	0	29323955	0	45.139.104.204
5	1	1	0	0	29354329	0	0	29354329	0	0	0	135.148.100.196
5	0	0	0	2	0	0	29365577	0	0	29365577	0	105.156.226.171
5	1	1	0	1	29369628	0	29369628	29369628	0	29369628	0	31.10.62.214
5	2	2	0	0	29427130	0	0	29426819	0	0	0	195.178.110.54
5	0	0	0	2	0	0	29423776	0	0	29423354	0	45.139.104.184
5	2	2	0	0	29431294	0	0	29386497	0	0	0	3.146.111.124
5	1	1	0	2	29333535	0	29333535	29333535	0	29333535	0	206.168.34.37
5	1	1	0	1	29379546	0	29379546	29379546	0	29379546	0	138.197.162.81
5	1	1	0	0	29431792	0	0	29431792	0	0	0	147.185.132.105
5	5	5	0	0	29427307	0	0	29366441	0	0	0	195.178.110.201
5	1	1	0	0	29426968	0	0	29426968	0	0	0	103.4.251.136
5	1	1	0	1	29422894	0	29422894	29422894	0	29422894	0	57.128.243.0
5	1	1	0	1	29381709	0	29381709	29381709	0	29381709	0	44.234.46.247
5	1	1	0	0	29327814	0	0	29327814	0	0	0	149.57.180.19
5	0	0	0	2	0	0	29423468	0	0	29423311	0	45.139.104.171
5	2	2	0	4	29443952	0	29443952	29443952	0	29443952	0	52.59.197.240
5	0	0	0	1	0	0	29324056	0	0	29324056	0	91.196.152.150
5	2	2	0	0	29322136	0	0	29322136	0	0	0	62.210.119.253
z	0	380	380	29449693	0
z	3	7	7	29321916	5579
z	4	31	1	29321916	64739
c	200	417	29449693
c	301	1	29321917
c	304	1	29321918
c	403	3	29431171
c	404	1843	29449640
c	499	7	29422171
