CACHE type 5 produced by analog 6.0/Unix. Do not modify or delete!
T	0	0	464	454	75	1266	1254503
D	29384061	29449489
20405	172	71	70	97191
20405	173	13	13	38949
20405	174	7	7	16449
20405	175	4	4	10137
20405	176	3	3	5249
20405	177	3	3	7132
20405	178	9	8	11324
20405	180	1	1	3005
20405	181	2	2	4050
20405	183	3	3	9015
20405	184	2	2	1045
20405	186	2	2	6010
20405	188	9	9	22164
20405	189	3	3	4134
20405	195	1	1	3005
20405	196	4	4	12020
20405	199	6	6	18030
20405	202	4	4	12020
20405	203	4	4	12020
20405	208	6	6	18030
20405	209	1	1	3005
20405	215	1	1	3005
20405	238	1	1	3005
20405	239	1	1	3005
20405	243	2	2	6010
20405	245	1	1	3005
20405	246	1	1	3005
20405	249	2	2	6010
20405	250	2	2	6010
20405	270	1	1	3005
20406	20	1	1	3005
20406	21	1	1	3005
20406	83	1	1	3005
20406	92	2	2	6010
20406	95	1	1	1045
20406	96	1	1	3005
20406	107	1	1	3005
20406	121	2	2	6010
20406	123	1	1	3005
20406	124	1	1	3005
20406	129	1	1	3005
20406	137	1	1	3005
20406	155	1	1	3005
20406	157	1	1	3005
20406	165	1	1	3005
20406	182	1	1	3005
20406	183	1	1	3005
20406	192	1	1	3005
20406	195	1	1	3005
20406	200	1	1	3005
20406	206	2	2	6010
20406	243	2	2	6010
20406	253	1	1	3005
20407	119	1	1	1045
20407	151	1	1	1045
20407	189	1	1	3005
20407	226	1	1	3005
20407	238	1	1	3005
20407	247	1	1	3005
20407	255	2	2	6010
20408	49	1	1	1045
20408	173	1	1	3005
20409	52	1	1	3005
20409	158	1	1	3005
20409	218	1	1	3005
20409	230	1	1	3005
20409	247	1	1	3005
20409	248	1	1	3005
20409	251	2	2	6010
20410	158	1	1	3005
20410	195	1	1	3005
20411	12	1	1	3005
20411	77	1	1	3005
20411	142	1	1	3005
20412	126	1	1	3005
20412	214	2	2	6010
20412	253	1	1	3005
20412	259	1	1	3005
20412	264	1	1	3005
20412	265	1	1	3005
20413	74	1	1	3005
20413	150	1	1	3005
20413	196	1	1	3005
20413	209	1	1	3005
20414	103	1	1	3005
20414	174	1	1	3005
20414	239	1	1	3005
20414	250	1	1	3005
20414	282	1	1	3005
20415	89	1	1	3005
20415	212	1	1	3005
20415	218	1	1	3005
20415	267	2	2	6010
20416	60	1	1	3005
20416	75	1	1	3005
20417	64	1	1	3005
20417	85	1	1	3005
20417	92	1	1	3005
20418	68	1	1	3005
20418	251	1	1	3005
20419	43	1	1	3005
20419	68	2	2	6010
20419	122	1	1	3005
20419	178	2	2	6010
20419	248	2	2	6010
20419	266	2	2	6010
20420	6	1	1	3005
20420	32	1	1	3005
20420	167	1	1	3005
20421	24	1	1	3005
20421	78	6	6	18030
20421	79	1	1	3005
20421	81	2	2	6010
20421	93	1	1	3005
20421	94	1	1	3005
20421	103	1	1	3005
20421	129	1	1	3005
20421	231	1	1	3005
20421	232	1	1	3005
20421	238	1	1	3005
20421	243	2	2	6010
20421	244	1	1	3005
20421	245	2	2	6010
20421	271	1	1	3005
20421	287	1	1	3005
20422	3	1	1	3005
20422	23	1	1	3005
20422	52	1	1	3005
20422	96	1	1	3005
20422	102	1	1	3005
20422	107	1	1	3005
20422	114	3	3	9015
20422	143	1	1	3005
20422	160	1	1	3005
20422	167	1	1	3005
20422	178	1	1	3005
20422	221	1	0	7632
20422	231	1	0	7632
20422	249	1	0	7632
20422	269	1	0	7632
20422	280	2	0	15264
20423	9	1	0	7632
20423	159	4	4	7139
20423	240	1	1	3005
20423	260	1	1	3005
20423	268	1	1	3005
20424	7	1	1	3005
20424	36	1	1	3005
20424	76	1	1	3005
20424	125	1	1	3005
20424	136	1	1	3005
20424	245	1	1	3005
20424	267	2	2	6010
20425	78	3	3	9015
20425	94	5	5	10144
20425	108	1	1	3005
20425	230	1	1	3005
20425	235	1	1	3005
20425	251	1	1	3005
20426	58	1	1	3005
20426	166	1	1	3005
20426	176	1	1	3005
20426	192	1	1	3005
20426	237	1	1	3005
20426	242	1	1	3005
20427	195	1	1	3005
20427	220	1	1	3005
20428	210	1	1	3005
20428	257	2	2	6010
20428	270	1	1	84
20429	12	1	1	3005
20429	36	1	1	3005
20429	197	1	1	3005
20430	50	1	1	3005
20430	69	1	1	3005
20430	141	1	1	3005
20430	154	1	1	3005
20430	178	1	1	3005
20430	185	1	1	3005
20430	207	1	1	3005
20431	145	1	1	3005
20431	174	1	1	3005
20431	263	2	2	6010
20432	137	1	1	3005
20432	162	1	1	3005
20432	167	2	2	6010
20432	168	1	1	3005
20432	173	2	2	6010
20432	175	1	1	3005
20432	177	1	1	3005
20432	219	2	2	6010
20433	77	1	1	3005
20433	159	1	1	3005
20433	242	1	1	3005
20433	249	1	1	3005
20434	16	1	1	3005
20434	174	1	1	3005
20434	186	1	1	3005
20434	193	1	1	3005
20435	97	1	1	3005
20435	130	1	1	3005
20435	160	2	2	6010
20435	181	1	1	3005
20435	225	1	1	3005
20435	227	1	1	3005
20435	245	1	1	3005
20435	246	1	1	3005
20435	258	1	1	3005
20436	2	1	1	3005
20436	40	2	2	6010
20436	63	1	1	3005
20436	117	1	1	3005
20437	106	1	1	3005
20437	175	1	1	3005
20438	95	1	1	3005
20438	230	3	3	4134
20438	250	1	1	3005
20439	84	1	1	3005
20439	277	1	1	3005
20440	53	3	3	4134
20440	72	1	1	3005
20440	73	1	1	3005
20440	91	1	1	3005
20441	11	1	1	3005
20441	60	1	1	3005
20441	136	4	4	9015
20441	166	1	1	3005
20441	170	1	1	3005
20441	255	4	4	9015
20442	53	5	5	12020
20442	60	1	1	3005
20442	86	1	1	3005
20442	136	1	1	3005
20442	143	1	1	3005
20443	35	1	1	3005
20443	123	2	2	6010
20443	251	1	1	3005
20443	264	1	1	3005
20443	274	5	4	44808
20443	275	2	2	4127
20444	20	1	1	3005
20444	47	1	1	3005
20444	119	1	1	3005
20444	244	1	1	3005
20445	8	1	1	3005
20445	13	1	1	3005
20445	78	1	1	3005
20445	229	1	1	3005
20446	0	1	1	3005
20446	84	1	1	3005
20446	91	1	1	3005
20446	147	1	1	3005
20446	180	1	1	3005
20446	276	1	1	3005
20447	105	1	1	3005
20447	262	1	1	3005
20448	240	1	1	3005
20448	252	1	1	3005
20449	241	1	1	3005
20450	26	1	1	3005
20450	27	1	1	3005
20450	139	2	2	6010
20450	234	1	1	3005
1	0	0	1	5	0	29408838	29410942	0	29408838	29407598	0	/.env.local
1	0	0	1	1	0	29408838	29408251	0	29408838	29408251	0	/sendgrid.env
1	0	0	0	1	0	0	29410942	0	0	29410942	0	/storage/logs/laravel.log
1	0	0	0	3	0	0	29410942	0	0	29407599	0	/_debug
1	0	0	0	1	0	0	29410942	0	0	29410942	0	/p.php
1	0	0	0	3	0	0	29410942	0	0	29407599	0	/.env.test
1	0	0	0	1	0	0	29410942	0	0	29410942	0	/api/v1/config
1	0	0	0	1	0	0	29410942	0	0	29410942	0	/.env.prod.local
1	0	0	1	6	0	29408838	29410744	0	29408838	29384433	0	/config.js
1	0	0	0	1	0	0	29410942	0	0	29410942	0	/phpinfo.php.txt
1	0	0	0	3	0	0	29410942	0	0	29407599	0	/Dockerfile
1	0	0	0	3	0	0	29410942	0	0	29407599	0	/core/Datavase/.env
1	0	0	0	1	0	0	29410942	0	0	29410942	0	/probe.php
1	0	0	0	1	0	0	29410942	0	0	29410942	0	/check.php
1	0	0	0	1	0	0	29410942	0	0	29410942	0	/includes/config.php
1	0	0	1	1	0	29408838	29408251	0	29408838	29408251	0	/sendgrid.json
1	0	0	1	1	0	29408838	29408251	0	29408838	29408251	0	/admin.php
1	0	0	0	1	0	0	29410942	0	0	29410942	0	/modules/.env
1	0	0	2	0	0	29417673	0	0	29384070	0	0	/auth/register
1	0	0	0	1	0	0	29410942	0	0	29410942	0	/server.php
1	0	0	0	3	0	0	29410942	0	0	29407599	0	/.env.save
1	0	0	0	3	0	0	29436745	0	0	29435720	0	/_ignition/execute-solution
1	0	0	0	1	0	0	29410942	0	0	29410942	0	/app/logs/prod.log
1	0	0	0	3	0	0	29439290	0	0	29384062	0	/_es
1	0	0	0	1	0	0	29410942	0	0	29410942	0	/phpinfo.php.old
1	0	0	0	2	0	0	29422738	0	0	29411093	0	/.git/config?16.145.233.247
1	0	0	0	3	0	0	29439290	0	0	29384062	0	/home/admintus/unbaner.php
1	0	0	0	3	0	0	29439290	0	0	29384062	0	/home/system/unbaner.php
1	0	0	0	3	0	0	29410942	0	0	29407599	0	/.env.old
1	0	0	0	3	0	0	29439290	0	0	29384062	0	/entra
1	0	0	0	3	0	0	29439290	0	0	29384062	0	/_en
1	0	0	1	1	0	29408838	29408251	0	29408838	29408251	0	/aws/config
1	0	0	0	1	0	0	29410942	0	0	29410942	0	/config/database.php
1	0	0	0	3	0	0	29410942	0	0	29407599	0	/.dockerenv
1	0	0	0	4	0	0	29426870	0	0	29415859	0	/robots.txt?44.251.100.94
1	0	0	0	1	0	0	29410942	0	0	29410942	0	/upload/phpinfo.php
1	0	0	0	4	0	0	29406634	0	0	29384062	0	/swagger/v1/swagger.json
1	0	0	0	1	0	0	29410942	0	0	29410942	0	/docker-compose.override.yml
1	0	0	1	8	0	29408838	29410942	0	29408838	29384433	0	/wp-config.php
1	0	0	1	25	0	29408838	29438943	0	29408838	29384062	0	/.env
1	0	0	0	1	0	0	29384062	0	0	29384062	0	/%3FC%3DD%3BO%3DA
1	0	0	0	8	0	0	29410942	0	0	29384433	0	/core/.env
1	0	0	0	3	0	0	29410942	0	0	29407599	0	/application.properties
1	0	0	0	1	0	0	29410942	0	0	29410942	0	/html/info.php
1	0	0	1	1	0	29408838	29408251	0	29408838	29408251	0	/brevo
1	0	0	0	3	0	0	29410942	0	0	29407599	0	/psnlink/.env
1	0	0	0	1	0	0	29410942	0	0	29410942	0	/admin/config.php
1	0	0	1	14	0	29408838	29410942	0	29408838	29384062	0	/config.json
1	0	0	0	3	0	0	29410942	0	0	29407599	0	/errors.log
1	0	0	0	9	0	0	29414322	0	0	29385100	0	/js/lkk_ch.js
1	0	0	0	2	0	0	29412471	0	0	29384120	0	/#
1	0	0	0	4	0	0	29406634	0	0	29384062	0	/about
1	0	0	0	3	0	0	29410942	0	0	29407599	0	/.api_keys
1	0	0	0	1	0	0	29410942	0	0	29410942	0	/tmp/phpinfo.php
1	0	0	1	8	0	29408838	29410942	0	29408838	29384062	0	/info.php
1	0	0	1	1	0	29408838	29408251	0	29408838	29408251	0	/settings
1	0	0	0	4	0	0	29427203	0	0	29421959	0	/api/action
1	0	0	0	1	0	0	29410942	0	0	29410942	0	/web/phpinfo.php
1	0	0	0	2	0	0	29439290	0	0	29384062	0	/phpmyadmin
1	0	0	0	9	0	0	29445854	0	0	29400769	0	/robots.txt?16.145.233.247
1	0	0	0	3	0	0	29410942	0	0	29407599	0	/s3.yml
1	0	0	0	3	0	0	29410942	0	0	29407599	0	/api_keys.json
1	0	0	0	3	0	0	29439290	0	0	29384062	0	/dni
1	0	0	0	3	0	0	29439290	0	0	29384062	0	/login
1	0	0	0	3	0	0	29410942	0	0	29407599	0	/en/.env
1	0	0	0	3	0	0	29410942	0	0	29407599	0	/configuration.json
1	0	0	0	3	0	0	29439290	0	0	29384062	0	/info/system/unbaner.php
1	0	0	0	3	0	0	29410942	0	0	29407599	0	/.env.staging
1	0	0	0	3	0	0	29439290	0	0	29384062	0	/inicio/system/unbaner.php
1	7	7	0	0	29396676	0	0	29385249	0	0	21035	/?104.253.252.167
1	0	0	0	1	0	0	29410942	0	0	29410942	0	/config/app.php
1	0	0	1	1	0	29408838	29408251	0	29408838	29408251	0	/brevo/config
1	0	0	0	1	0	0	29410942	0	0	29410942	0	/info1.php
1	0	0	0	3	0	0	29410942	0	0	29407599	0	/auth.json
1	0	0	0	4	0	0	29406634	0	0	29384062	0	/ecp/Current/exporttool/microsoft.exchange.ediscovery.exporttool.application
1	0	0	0	1	0	0	29410942	0	0	29410942	0	/cgi-bin/phpinfo.php
1	0	0	1	1	0	29408838	29408251	0	29408838	29408251	0	/composer.json
1	0	0	0	1	0	0	29410942	0	0	29410942	0	/logs/application.log
1	0	0	1	1	0	29408838	29408251	0	29408838	29408251	0	/credentials
1	0	0	0	3	0	0	29439290	0	0	29384062	0	/html
1	0	0	1	4	0	29408838	29410942	0	29408838	29407599	0	/config.php
1	0	0	0	3	0	0	29439290	0	0	29384062	0	/caja/system/unbaner.php
1	0	0	1	1	0	29408838	29408251	0	29408838	29408251	0	/env.yml
1	0	0	0	4	0	0	29384062	0	0	29384062	0	/cgi-bin/
1	0	0	0	4	0	0	29406634	0	0	29384062	0	/server
1	0	0	1	1	0	29408838	29408251	0	29408838	29408251	0	/aws-keys.js
1	0	0	1	1	0	29408838	29408251	0	29408838	29408251	0	/config.ini
1	0	0	0	3	0	0	29410942	0	0	29407599	0	/keys.json
1	0	0	0	3	0	0	29410942	0	0	29407599	0	/.azure/credentials
1	0	0	0	1	0	0	29410942	0	0	29410942	0	/old/info.php
1	0	0	0	1	0	0	29410942	0	0	29410942	0	/backup/phpinfo.php
1	0	0	0	3	0	0	29439290	0	0	29384062	0	/php/insert_online_offline.js
1	0	0	1	1	0	29408838	29408251	0	29408838	29408251	0	/mailgun.php
1	0	0	1	1	0	29408838	29408251	0	29408838	29408251	0	/aws/credentials
1	0	0	1	4	0	29408838	29410942	0	29408838	29407599	0	/phpinfo
1	0	0	0	1	0	0	29410942	0	0	29410942	0	/log/error.log
1	0	0	1	1	0	29408838	29408251	0	29408838	29408251	0	/env.yaml
1	0	0	0	3	0	0	29410942	0	0	29407599	0	/oauth.json
1	0	0	0	1	0	0	29410942	0	0	29410942	0	/phpinfo.php.tmp
1	0	0	0	3	0	0	29439290	0	0	29384062	0	/dgt
1	0	0	0	1	0	0	29410942	0	0	29410942	0	/Thumbs.db
1	0	0	0	1	0	0	29395366	0	0	29395366	0	/.git/config?104.253.252.167
1	0	0	0	3	0	0	29439290	0	0	29384062	0	/caja/admintus/unbaner.php
1	0	0	0	1	0	0	29410942	0	0	29410942	0	/php_version.php
1	0	0	0	3	0	0	29410942	0	0	29407599	0	/aws-config.json
1	0	0	0	2	0	0	29410942	0	0	29407941	0	/saas/.env
1	9	9	0	0	29433869	0	0	29384070	0	0	1209	/auth/register/
1	0	0	0	1	0	0	29410942	0	0	29410942	0	/wp-config.php.old
1	0	0	0	1	0	0	29410942	0	0	29410942	0	/dump.sql
1	0	0	0	1	0	0	29410942	0	0	29410942	0	/www/test.php
1	0	0	0	4	0	0	29406634	0	0	29384062	0	/@vite/env
1	0	0	0	6	0	0	29410744	0	0	29384433	0	/.git/logs/HEAD
1	0	0	0	2	0	0	29439290	0	0	29384062	0	/pma
1	0	0	0	3	0	0	29410942	0	0	29407599	0	/.s3cfg
1	0	0	0	5	0	0	29410744	0	0	29384433	0	/aws.config.js
1	0	0	1	0	0	29384070	0	0	29384070	0	0	/auth/login
1	1	1	0	0	29386676	0	0	29386676	0	0	1045	/auth/login/?104.253.252.167
1	0	0	0	3	0	0	29410942	0	0	29407599	0	/config/secrets.yml
1	0	0	0	1	0	0	29410942	0	0	29410942	0	/api/v2/config
1	0	0	0	1	0	0	29410942	0	0	29410942	0	/files/info.php
1	0	0	0	1	0	0	29410942	0	0	29410942	0	/admin/info.php
1	17	17	0	0	29433869	0	0	29384070	0	0	20227	/auth/login/
1	0	0	0	1	0	0	29410942	0	0	29410942	0	/includes/phpinfo.php
1	0	0	0	3	0	0	29410942	0	0	29407599	0	/administrator/.env
1	0	0	0	3	0	0	29439290	0	0	29384062	0	/web
1	0	0	0	1	0	0	29410942	0	0	29410942	0	/phpinfo.php.bak
1	0	0	0	1	0	0	29410942	0	0	29410942	0	/assets/info.php
1	0	0	1	7	0	29408838	29410942	0	29408838	29384433	0	/.env.bak
1	0	0	2	102	0	29409167	29449489	0	29409027	29384062	0	/robots.txt
1	0	0	0	3	0	0	29410942	0	0	29407599	0	/.env.sample
1	0	0	0	1	0	0	29410942	0	0	29410942	0	/frontend/.env
1	0	0	1	1	0	29408838	29408251	0	29408838	29408251	0	/php
1	0	0	0	1	0	0	29410942	0	0	29410942	0	/old/phpinfo.php
1	0	0	0	1	0	0	29410942	0	0	29410942	0	/1.php
1	0	0	0	1	0	0	29410942	0	0	29410942	0	/php_info.php.old
1	0	0	0	3	0	0	29439290	0	0	29384062	0	/_en/admintus/unbaner.php
1	0	0	0	3	0	0	29439290	0	0	29384062	0	/entra/admintus/unbaner.php
1	0	0	0	3	0	0	29410942	0	0	29407599	0	/public/.env
1	0	0	0	3	0	0	29436745	0	0	29435720	0	/vendor/phpunit/phpunit/src/Util/PHP/eval-stdin.php
1	0	0	1	1	0	29408838	29408251	0	29408838	29408251	0	/sendgrid
1	0	0	0	1	0	0	29410942	0	0	29410942	0	/info.php.save
1	0	0	0	4	0	0	29406634	0	0	29384062	0	/v2/api-docs
1	0	0	0	3	0	0	29439290	0	0	29384062	0	/inicio/admintus/unbaner.php
1	0	0	0	4	0	0	29406634	0	0	29384062	0	/api/gql
1	0	0	0	3	0	0	29410942	0	0	29407599	0	/exapi/.env
1	0	0	0	3	0	0	29410942	0	0	29407599	0	/gcp-credentials.json
1	0	0	0	1	0	0	29410942	0	0	29410942	0	/info2.php
1	0	0	0	2	0	0	29410942	0	0	29407941	0	/sitemaps/.env
1	0	0	0	1	0	0	29410942	0	0	29410942	0	/public/phpinfo.php
1	0	0	0	1	0	0	29418265	0	0	29418265	0	/.env?44.251.100.94
1	0	0	0	1	0	0	29410942	0	0	29410942	0	/upload/info.php
1	0	0	0	1	0	0	29410942	0	0	29410942	0	/assets/phpinfo.php
1	0	0	0	3	0	0	29439290	0	0	29384062	0	/_es/system/unbaner.php
1	0	0	0	4	0	0	29406634	0	0	29384062	0	/swagger.json
1	0	0	0	4	0	0	29406634	0	0	29384062	0	/api-docs/swagger.json
1	0	0	0	4	0	0	29406634	0	0	29384062	0	/webjars/swagger-ui/
1	0	0	0	3	0	0	29439290	0	0	29384062	0	/caja
1	1	0	0	0	29384090	0	0	29384090	0	0	186	/auth/data/totp.php
1	0	0	0	3	0	0	29410942	0	0	29407599	0	/debug.log
1	0	0	0	1	0	0	29410942	0	0	29410942	0	/cgi-bin/info.php
1	0	0	0	3	0	0	29410942	0	0	29407599	0	/.gcloud/credentials
1	0	0	0	4	0	0	29406634	0	0	29384062	0	/s/1333e26373e2231313e24373/_/
1	0	0	1	4	0	29408838	29410942	0	29408838	29407599	0	/test.php
1	0	0	1	1	0	29408838	29408251	0	29408838	29408251	0	/sendgrid.php
1	0	0	0	1	0	0	29410942	0	0	29410942	0	/static/phpinfo.php
1	0	0	0	1	0	0	29410942	0	0	29410942	0	/uploads/info.php
1	0	0	0	3	0	0	29410942	0	0	29407599	0	/.env.remote
1	0	0	0	3	0	0	29439290	0	0	29384062	0	/apps/system/unbaner.php
1	0	0	0	2	0	0	29444206	0	0	29441453	0	/robots.txt?44.218.6.122
1	0	0	0	1	0	0	29410942	0	0	29410942	0	/site/phpinfo.php
1	0	0	0	1	0	0	29410942	0	0	29410942	0	/php_info.php.save
1	0	0	0	3	0	0	29410942	0	0	29407599	0	/_profiler/phpinfo
1	0	0	1	1	0	29408838	29408251	0	29408838	29408251	0	/mailgun.json
1	0	0	0	4	0	0	29406634	0	0	29384062	0	/server-status
1	0	0	0	1	0	0	29410942	0	0	29410942	0	/app/logs/dev.log
1	0	0	0	1	0	0	29410942	0	0	29410942	0	/storage/.env
1	0	0	0	3	0	0	29439290	0	0	29384062	0	/_es/admintus/unbaner.php
1	0	0	0	3	0	0	29410942	0	0	29407599	0	/docker-compose.yml
1	0	0	0	1	0	0	29410942	0	0	29410942	0	/.dockerignore
1	0	0	0	3	0	0	29439290	0	0	29384062	0	/apps/admintus/unbaner.php
1	1	1	0	0	29438536	0	0	29438536	0	0	3005	/?44.218.6.122
1	0	0	0	1	0	0	29447471	0	0	29447471	0	/.env?44.218.6.122
1	0	0	0	1	0	0	29410942	0	0	29410942	0	/html/phpinfo.php
1	0	0	0	3	0	0	29410942	0	0	29407599	0	/v2/.env
1	0	0	0	3	0	0	29410942	0	0	29407599	0	/docker-compose.yaml
1	0	0	0	5	0	0	29410942	0	0	29384062	0	/.DS_Store
1	0	0	0	1	0	0	29384062	0	0	29384062	0	/%3FC%3DM%3BO%3DA
1	0	0	0	3	0	0	29439290	0	0	29384062	0	/es/assets/js/live.js
1	7	0	0	0	29409167	0	0	29408788	0	0	53424	/cgi-sys/suspendedpage.cgi
1	0	0	1	1	0	29408838	29408251	0	29408838	29408251	0	/brevo.json
1	0	0	0	1	0	0	29410942	0	0	29410942	0	/tmp/info.php
1	0	0	0	1	0	0	29410942	0	0	29410942	0	/info_php.php
1	0	0	0	4	0	0	29406634	0	0	29384062	0	/telescope/requests
1	0	0	0	3	0	0	29439290	0	0	29384062	0	/login/admintus/unbaner.php
1	0	0	0	3	0	0	29439290	0	0	29384062	0	/assets/js/live.js
1	0	0	0	3	0	0	29410942	0	0	29407599	0	/php_info.php
1	0	0	0	4	0	0	29406634	0	0	29384062	0	/api/swagger.json
1	0	0	0	1	0	0	29410942	0	0	29410942	0	/public/info.php
1	0	0	0	3	0	0	29410942	0	0	29407599	0	/azure.json
1	0	0	0	1	0	0	29410942	0	0	29410942	0	/.wp-config.php.swp
1	0	0	0	1	0	0	29410942	0	0	29410942	0	/wp-config.php~
1	0	0	0	1	0	0	29410942	0	0	29410942	0	/wp-config.php.bak
1	0	0	0	1	0	0	29410942	0	0	29410942	0	/php_info.php.tmp
1	14	14	0	0	29448697	0	0	29400941	0	0	39065	/?16.145.233.247
1	0	0	1	1	0	29408838	29408251	0	29408838	29408251	0	/config
1	0	0	0	3	0	0	29410942	0	0	29407599	0	/vendor/.env
1	0	0	0	3	0	0	29410942	0	0	29407599	0	/database/.env
1	0	0	0	1	0	0	29410942	0	0	29410942	0	/scripts/info.php
1	0	0	0	1	0	0	29410942	0	0	29410942	0	/2.php
1	0	0	0	4	0	0	29406634	0	0	29384062	0	/debug/default/view?panel=config
1	0	0	0	3	0	0	29410942	0	0	29407599	0	/core/app/.env
1	0	0	0	3	0	0	29410942	0	0	29407599	0	/.secrets
1	0	0	0	2	0	0	29410942	0	0	29407941	0	/app/.env
1	0	0	1	1	0	29408838	29408251	0	29408838	29408251	0	/mailgun/config
1	0	0	1	4	0	29408838	29410942	0	29408838	29407599	0	/phpinfo.php
1	0	0	0	2	0	0	29439290	0	0	29384062	0	/plesk-stat
1	0	0	0	1	0	0	29410942	0	0	29410942	0	/config/mail.php
1	0	0	0	3	0	0	29436745	0	0	29435720	0	/public/vendor/laravel-filemanager/js/script.js
1	0	0	0	1	0	0	29410942	0	0	29410942	0	/info3.php
1	0	0	0	1	0	0	29410942	0	0	29410942	0	/themes/.env
1	0	0	0	2	0	0	29412471	0	0	29384120	0	/https:/fonts.googleapis.com/css2%3Ffamily%3DTomorrow%26display%3Dswap
1	0	0	0	3	0	0	29410942	0	0	29407599	0	/site/.env
1	0	0	1	1	0	29408838	29408251	0	29408838	29408251	0	/keys.js
1	0	0	0	3	0	0	29410942	0	0	29407599	0	/laravel/.env
1	0	0	0	9	0	0	29414322	0	0	29385100	0	/css/support_parent.css
1	0	0	0	1	0	0	29410942	0	0	29410942	0	/test.php.save
1	0	0	0	3	0	0	29439290	0	0	29384062	0	/empresa/system/unbaner.php
1	0	0	0	3	0	0	29439290	0	0	29384062	0	/app
1	0	0	0	3	0	0	29439290	0	0	29384062	0	/beext
1	0	0	0	3	0	0	29410942	0	0	29407599	0	/kubernetes.yml
1	1	1	0	0	29384062	0	0	29384062	0	0	623	/?C=M;O=D
1	0	0	0	1	0	0	29410942	0	0	29410942	0	/admin/test.php
1	0	0	1	4	0	29408838	29410942	0	29408838	29407599	0	/.aws/config
1	0	0	0	2	0	0	29410942	0	0	29407941	0	/uploads/.env
1	0	0	0	1	0	0	29410942	0	0	29410942	0	/php_info.php.bak
1	0	0	0	4	0	0	29406634	0	0	29384062	0	/swagger/swagger-ui.html
1	1	1	0	0	29384062	0	0	29384062	0	0	623	/?C=M;O=A
1	0	0	0	3	0	0	29439290	0	0	29384062	0	/_app/system/unbaner.php
1	0	0	0	3	0	0	29410942	0	0	29407599	0	/config/database.yml
1	0	0	0	4	0	0	29406634	0	0	29384062	0	/api
1	0	0	0	1	0	0	29410942	0	0	29410942	0	/plugins/.env
1	0	0	0	3	0	0	29439290	0	0	29384062	0	/es
1	0	0	0	1	0	0	29410942	0	0	29410942	0	/config.zip
1	0	0	0	1	0	0	29410942	0	0	29410942	0	/web/info.php
1	0	0	0	3	0	0	29439290	0	0	29384062	0	/en
1	0	0	0	1	0	0	29410942	0	0	29410942	0	/infophp.php
1	0	0	0	1	0	0	29410942	0	0	29410942	0	/htdocs/info.php
1	0	0	0	1	0	0	29410942	0	0	29410942	0	/client/.env
1	0	0	0	3	0	0	29410942	0	0	29407599	0	/lab/.env
1	0	0	0	3	0	0	29410942	0	0	29407599	0	/tokens.json
1	0	0	1	4	0	29408838	29410942	0	29408838	29407599	0	/.env.production
1	0	0	0	3	0	0	29439290	0	0	29384062	0	/es/info/logsVisitors.txt
1	0	0	0	3	0	0	29439290	0	0	29384062	0	/ec
1	0	0	0	4	0	0	29406634	0	0	29384062	0	/api/graphql
1	0	0	0	1	0	0	29410942	0	0	29410942	0	/src/.env
1	0	0	0	3	0	0	29439290	0	0	29384062	0	/ap/admintus/unbaner.php
1	0	0	0	3	0	0	29410942	0	0	29407599	0	/web/.env
1	0	0	0	4	0	0	29406634	0	0	29384062	0	/actuator/env
1	0	0	0	3	0	0	29439290	0	0	29384062	0	/web/admintus/unbaner.php
1	0	0	0	1	0	0	29410942	0	0	29410942	0	/backup.tar.gz
1	0	0	0	3	0	0	29439290	0	0	29384062	0	/app/info/logsVisitors.txt
1	0	0	1	4	0	29408838	29410942	0	29408838	29407599	0	/.env.development
1	0	0	0	1	0	0	29410942	0	0	29410942	0	/info.php.txt
1	0	0	0	3	0	0	29410942	0	0	29407599	0	/tools/.env
1	0	0	0	3	0	0	29410942	0	0	29407599	0	/docker/.env
1	8	8	0	0	29439296	0	0	29384077	0	0	8976	/auth/
1	0	0	1	4	0	29408838	29410942	0	29408838	29407599	0	/config.yaml
1	0	0	0	1	0	0	29410942	0	0	29410942	0	/pi.php
1	0	0	0	1	0	0	29410942	0	0	29410942	0	/logs/error.log
1	0	0	0	3	0	0	29410942	0	0	29407599	0	/app.config
1	0	0	0	3	0	0	29439290	0	0	29384062	0	/ap
1	0	0	0	1	0	0	29410942	0	0	29410942	0	/dev/phpinfo.php
1	0	0	0	1	0	0	29410942	0	0	29410942	0	/dev/info.php
1	0	0	0	1	0	0	29410942	0	0	29410942	0	/info.php.old
1	0	0	0	3	0	0	29410942	0	0	29407599	0	/credentials.json
1	0	0	0	3	0	0	29410942	0	0	29407599	0	/config/app.yml
1	0	0	0	1	0	0	29406668	0	0	29406668	0	/.env?16.145.233.247
1	0	0	0	4	0	0	29406634	0	0	29384062	0	/.vscode/sftp.json
1	0	0	0	3	0	0	29439290	0	0	29384062	0	/empresa
1	0	0	0	3	0	0	29439290	0	0	29384062	0	/envios
1	0	0	0	3	0	0	29410942	0	0	29407599	0	/error.log
1	0	0	0	3	0	0	29439290	0	0	29384062	0	/_login
1	0	0	0	4	0	0	29406634	0	0	29384062	0	/graphql
1	0	0	1	4	0	29408838	29410942	0	29408838	29407599	0	/config.yml
1	0	0	0	1	0	0	29410942	0	0	29410942	0	/admin/php.php
1	1	1	0	0	29384062	0	0	29384062	0	0	623	/?C=S;O=D
1	0	0	0	1	0	0	29410942	0	0	29410942	0	/test.php.old
1	1	1	0	0	29384062	0	0	29384062	0	0	623	/?C=S;O=A
1	0	0	1	1	0	29408838	29408251	0	29408838	29408251	0	/configuration
1	0	0	0	1	0	0	29384062	0	0	29384062	0	/%3FC%3DS%3BO%3DA
1	0	0	1	1	0	29408838	29408251	0	29408838	29408251	0	/env.json
1	0	0	0	1	0	0	29410942	0	0	29410942	0	/static/info.php
1	0	0	0	1	0	0	29410942	0	0	29410942	0	/3.php
1	0	0	0	4	0	0	29406634	0	0	29384062	0	/v3/api-docs
1	0	0	0	1	0	0	29410942	0	0	29410942	0	/www/phpinfo.php
1	0	0	0	7	0	0	29439290	0	0	29384062	0	/apps
1	0	0	0	3	0	0	29410942	0	0	29407599	0	/web.config
1	0	0	0	1	0	0	29410942	0	0	29410942	0	/test/info.php
1	0	0	0	1	0	0	29410942	0	0	29410942	0	/scripts/phpinfo.php
1	0	0	0	1	0	0	29410942	0	0	29410942	0	/db_backup.sql
1	0	0	0	4	0	0	29406634	0	0	29384062	0	/swagger/
1	0	0	0	1	0	0	29410942	0	0	29410942	0	/i.php
1	0	0	0	1	0	0	29410942	0	0	29410942	0	/var/log/apache2/error.log
1	0	0	1	1	0	29408838	29408251	0	29408838	29408251	0	/mailgun
1	0	0	0	1	0	0	29410942	0	0	29410942	0	/inc/config.php
1	0	0	0	1	0	0	29410942	0	0	29410942	0	/wp-config.php.save
1	0	0	0	3	0	0	29439290	0	0	29384062	0	/_app/admintus/unbaner.php
1	0	0	0	1	0	0	29410942	0	0	29410942	0	/database.sql
1	0	0	0	1	0	0	29410942	0	0	29410942	0	/app/etc/env.php
1	0	0	1	4	0	29408838	29410942	0	29408838	29407599	0	/.aws/credentials
1	0	0	0	3	0	0	29439290	0	0	29384062	0	/_en/system/unbaner.php
1	0	0	0	3	0	0	29439290	0	0	29384062	0	/entra/system/unbaner.php
1	0	0	0	1	0	0	29410942	0	0	29410942	0	/tmp/test.php
1	0	0	0	1	0	0	29410942	0	0	29410942	0	/configuration.php
1	0	0	0	3	0	0	29439290	0	0	29384062	0	/informacion
1	0	0	1	4	0	29408838	29410942	0	29408838	29407599	0	/settings.json
1	1	1	0	0	29384062	0	0	29384062	0	0	623	/?C=N;O=D
1	0	0	0	1	0	0	29384064	0	0	29384064	0	/register.html
1	0	0	0	1	0	0	29409921	0	0	29409921	0	/.env_sample
1	0	0	2	41	0	29409223	29439037	0	29408838	29384062	0	/.git/config
1	0	0	0	1	0	0	29410942	0	0	29410942	0	/.env.2
1	0	0	0	1	0	0	29410942	0	0	29410942	0	/.env.1
1	1	1	0	0	29384062	0	0	29384062	0	0	623	/?C=N;O=A
1	0	0	0	1	0	0	29410942	0	0	29410942	0	/public/test.php
1	0	0	0	1	0	0	29410942	0	0	29410942	0	/t.php
1	0	0	0	9	0	0	29410942	0	0	29384433	0	/admin/.env
1	0	0	0	8	0	0	29414322	0	0	29385100	0	/js/twint_ch.js
1	0	0	0	3	0	0	29410942	0	0	29407599	0	/v1/.env
1	0	0	0	1	0	0	29410942	0	0	29410942	0	/includes/.env
1	0	0	1	1	0	29408838	29408251	0	29408838	29408251	0	/brevo.php
1	0	0	0	3	0	0	29410942	0	0	29407599	0	/.env.backup
1	0	0	0	3	0	0	29439290	0	0	29384062	0	/app/assets/js/live.js
1	0	0	0	1	0	0	29410942	0	0	29410942	0	/backup/info.php
1	0	0	0	4	0	0	29406634	0	0	29384062	0	/swagger-ui.html
1	0	0	0	1	0	0	29410942	0	0	29410942	0	/security.txt
1	4	4	0	0	29406634	0	0	29384062	0	0	7256	/?rest_route=/wp/v2/users/
1	0	0	0	3	0	0	29410942	0	0	29407599	0	/application.yml
1	0	0	0	1	0	0	29410942	0	0	29410942	0	/var/www/html/error_log
1	0	0	0	1	0	0	29410942	0	0	29410942	0	/test/phpinfo.php
1	0	0	0	4	0	0	29406634	0	0	29384062	0	/_all_dbs
1	0	0	0	3	0	0	29439290	0	0	29384062	0	/particulares
1	0	0	0	1	0	0	29410942	0	0	29410942	0	/phptest.php
1	0	0	0	1	0	0	29410942	0	0	29410942	0	/server/.env
1	0	0	0	4	0	0	29427203	0	0	29421959	0	/api/actions
1	0	0	1	1	0	29408838	29408251	0	29408838	29408251	0	/admin
1	0	0	0	4	0	0	29406634	0	0	29384062	0	/v2/_catalog
1	0	0	1	4	0	29408838	29409921	0	29408838	29407599	0	/.env.example
1	0	0	1	121	0	29409083	29449171	0	29409083	29384062	0	/favicon.ico
1	0	0	0	4	0	0	29427203	0	0	29421959	0	/_next/data
1	0	0	0	3	0	0	29410942	0	0	29407599	0	/apikeys.json
1	0	0	0	1	0	0	29410942	0	0	29410942	0	/site/info.php
1	0	0	0	1	0	0	29384062	0	0	29384062	0	/%3FC%3DN%3BO%3DD
1	0	0	1	4	0	29408838	29439290	0	29408838	29384062	0	/info
1	0	0	0	6	0	0	29410744	0	0	29384433	0	/.gitlab-ci.yml
1	0	0	0	1	0	0	29410942	0	0	29410942	0	/admin/phpinfo.php
1	0	0	0	3	0	0	29439290	0	0	29384062	0	/info/logsVisitors.txt
1	0	0	0	1	0	0	29410942	0	0	29410942	0	/info.php.tmp
1	0	0	0	1	0	0	29410942	0	0	29410942	0	/k8s-config.yml
1	0	0	0	3	0	0	29410942	0	0	29407599	0	/cron/.env
1	0	0	0	2	0	0	29410942	0	0	29407941	0	/api/.env
1	0	0	0	1	0	0	29410942	0	0	29410942	0	/php-info.php
1	0	0	0	1	0	0	29410942	0	0	29410942	0	/api/config
1	0	0	0	3	0	0	29436745	0	0	29435720	0	/vendor/laravel-filemanager/js/script.js
1	0	0	0	7	0	0	29410942	0	0	29384433	0	/backend/.env
1	0	0	0	3	0	0	29410942	0	0	29407599	0	/lib/.env
1	0	0	0	3	0	0	29439290	0	0	29384062	0	/_login/admintus/unbaner.php
1	0	0	0	2	0	0	29410942	0	0	29399296	0	/.well-known/security.txt
1	0	0	0	1	0	0	29410942	0	0	29410942	0	/site-backup.zip
1	0	0	0	3	0	0	29410942	0	0	29407599	0	/debug.php
1	0	0	0	1	0	0	29410942	0	0	29410942	0	/test.php.tmp
1	0	0	0	1	0	0	29410942	0	0	29410942	0	/diagnostic.php
1	0	0	0	1	0	0	29410942	0	0	29410942	0	/web/test.php
1	0	0	0	3	0	0	29410942	0	0	29407599	0	/settings.yml
1	0	0	0	4	0	0	29406634	0	0	29384062	0	/graphql/api
1	0	0	0	2	0	0	29439290	0	0	29384062	0	/plesk/login
1	0	0	0	1	0	0	29410942	0	0	29410942	0	/var/log/nginx/error.log
1	0	0	0	3	0	0	29439290	0	0	29384062	0	/ap/system/unbaner.php
1	0	0	0	3	0	0	29410942	0	0	29407599	0	/.config
1	0	0	0	3	0	0	29410942	0	0	29407599	0	/.docker/config.json
1	0	0	9	1	0	29439296	29384062	0	29384077	29384062	0	/auth
1	0	0	1	4	0	29408838	29410942	0	29408838	29407599	0	/secrets.json
1	0	0	0	3	0	0	29439290	0	0	29384062	0	/pages
1	0	0	0	3	0	0	29439290	0	0	29384062	0	/esp
1	0	0	0	1	0	0	29410942	0	0	29410942	0	/php.php
1	0	0	0	1	0	0	29410942	0	0	29410942	0	/sites/default/settings.php
1	0	0	0	1	0	0	29410942	0	0	29410942	0	/conf/config.php
1	0	0	0	3	0	0	29439290	0	0	29384062	0	/en/admintus/unbaner.php
1	1	1	0	0	29384062	0	0	29384062	0	0	623	/?C=D;O=D
1	0	0	0	1	0	0	29410942	0	0	29410942	0	/info.php.bak
1	0	0	0	4	0	0	29406634	0	0	29384062	0	/login.action
1	1	1	0	0	29384062	0	0	29384062	0	0	623	/?C=D;O=A
1	0	0	1	4	0	29408838	29410942	0	29408838	29407599	0	/aws.json
1	0	0	0	3	0	0	29439290	0	0	29384062	0	/web/system/unbaner.php
1	0	0	0	3	0	0	29410942	0	0	29407599	0	/assets/.env
1	0	0	0	1	0	0	29410942	0	0	29410942	0	/settings/config.php
1	0	0	0	3	0	0	29439290	0	0	29384062	0	/inicio
1	0	0	0	1	0	0	29410942	0	0	29410942	0	/test.php.bak
1	0	0	0	5	0	0	29410744	0	0	29384433	0	/aws-config.js
1	0	0	0	3	0	0	29410942	0	0	29407599	0	/php_error.log
1	383	383	4	4	29449171	29408925	29445072	29384061	29408788	29384182	1020779	/
1	0	0	0	3	0	0	29439290	0	0	29384062	0	/info/admintus/unbaner.php
1	0	0	0	1	0	0	29410942	0	0	29410942	0	/includes/info.php
1	0	0	0	3	0	0	29410942	0	0	29407599	0	/kubernetes/.env
1	0	0	0	1	0	0	29410942	0	0	29410942	0	/testphp.php
1	0	0	0	3	0	0	29439290	0	0	29384062	0	/_login/system/unbaner.php
1	0	0	0	1	0	0	29410942	0	0	29410942	0	/dev/test.php
1	0	0	0	1	0	0	29410942	0	0	29410942	0	/backup.sql
1	0	0	0	3	0	0	29410942	0	0	29407599	0	/config/config.yml
1	0	0	0	2	0	0	29410942	0	0	29407941	0	/apps/.env
1	1	1	0	0	29384090	0	0	29384090	0	0	965	/auth/data/
1	0	0	0	3	0	0	29439290	0	0	29384062	0	/empresa/admintus/unbaner.php
1	1	1	0	0	29398047	0	0	29398047	0	0	3005	/?74.7.227.189
1	0	0	0	3	0	0	29439290	0	0	29384062	0	/_app
1	0	0	0	1	0	0	29410942	0	0	29410942	0	/htdocs/phpinfo.php
1	0	0	1	1	0	29408838	29408251	0	29408838	29408251	0	/sendgrid/config
1	0	0	0	3	0	0	29410942	0	0	29407599	0	/config/.env
1	0	0	1	1	0	29408838	29408251	0	29408838	29408251	0	/env
1	0	0	0	3	0	0	29439290	0	0	29384062	0	/en/system/unbaner.php
1	0	0	0	1	0	0	29410942	0	0	29410942	0	/backup.zip
1	0	0	1	1	0	29408838	29408251	0	29408838	29408251	0	/app.config.js
1	0	0	0	3	0	0	29439290	0	0	29384062	0	/login/system/unbaner.php
1	0	0	0	1	0	0	29410942	0	0	29410942	0	/.env.dev.local
1	0	0	0	1	0	0	29410942	0	0	29410942	0	/files/phpinfo.php
1	0	0	0	3	0	0	29436745	0	0	29435720	0	/public/_ignition/execute-solution
1	0	0	0	3	0	0	29410942	0	0	29407599	0	/secrets.yml
1	0	0	0	3	0	0	29439290	0	0	29384062	0	/i
1	0	0	0	3	0	0	29439290	0	0	29384062	0	/home
1	0	0	0	1	0	0	29410942	0	0	29410942	0	/uploads/phpinfo.php
1	0	0	0	3	0	0	29439290	0	0	29384062	0	/particular
1	0	0	0	1	0	0	29410942	0	0	29410942	0	/www/info.php
1	0	0	0	1	0	0	29410942	0	0	29410942	0	/test/test.php
1	0	0	1	2	0	29408838	29410942	0	29408838	29408251	0	/phpversion.php
1	2	0	0	0	29439290	0	0	29384062	0	0	69342	/cpanel
1	0	0	0	3	0	0	29410942	0	0	29407599	0	/cronlab/.env
1	0	0	0	1	0	0	29410942	0	0	29410942	0	/phpinfo.php.save
1	0	0	0	1	0	0	29410942	0	0	29410942	0	/app/etc/local.xml
1	0	0	0	1	0	0	29410942	0	0	29410942	0	/serverinfo.php
3	1	1	1	5	29384070	29384070	29387766	29384070	29384070	29385115	621	https://bank.magentaweb.org/auth/login/
3	2	2	0	0	29384091	0	0	29384090	0	0	2196	https://bank.magentaweb.org/auth/
3	5	5	0	83	29384070	0	29449171	29384062	0	29384062	4401	https://bank.magentaweb.org/
3	1	0	1	0	29409083	29409083	0	29409083	29409083	0	7632	https://bank.magentaweb.org/cgi-sys/suspendedpage.cgi
3	1	1	0	0	29384062	0	0	29384062	0	0	623	https://bank.magentaweb.org/?C=D;O=A
3	2	0	0	0	29409167	0	0	29409027	0	0	15264	https://www.bank.magentaweb.org/robots.txt
3	1	0	0	0	29384090	0	0	29384090	0	0	186	https://bank.magentaweb.org/auth/data/
3	1	1	0	0	29384062	0	0	29384062	0	0	623	https://bank.magentaweb.org/?C=S;O=A
3	1	1	0	0	29417673	0	0	29417673	0	0	84	https://www.bank.magentaweb.org/auth/register
3	1	1	0	0	29384062	0	0	29384062	0	0	623	https://bank.magentaweb.org/?C=N;O=D
3	1	1	0	0	29384084	0	0	29384084	0	0	1122	https://bank.magentaweb.org/auth/register/
3	1	1	0	0	29384062	0	0	29384062	0	0	623	https://bank.magentaweb.org/?C=M;O=A
3	0	0	0	17	0	0	29435096	0	0	29384062	0	https://www.bank.magentaweb.org/
4	1	1	0	0	29434056	0	0	29434056	0	0	3005	Mozilla/5.0 (Windows NT 10.0; Win64; x64) AppleWebKit/537.36 (KHTML, like Gecko) HeadlessChrome/138.0.0.0 Safari/537.36
4	2	2	0	4	29406709	0	29406709	29384068	0	29384068	5990	Mozilla/5.0 (Windows NT 10.0; Win64; x64) AppleWebKit/537.36 (KHTML, like Gecko) Chrome/130.0.0.0 Safari/537.36
4	0	0	0	1	0	0	29407506	0	0	29407506	0	Mozilla/5.0 (X11; Linux x86_64) AppleWebKit/537.36 (KHTML, like Gecko) Chrome/122.0.0.0 Safari/537.36
4	1	1	0	0	29448697	0	0	29448697	0	0	3005	Mozilla/5.0 (Windows NT 10.0; Win64; x64) AppleWebKit/537.36 (KHTML, like Gecko) Chrome/121.0.0.0 Safari/537.36
4	1	1	0	0	29412471	0	0	29412471	0	0	3005	Mozilla/5.0 (Macintosh; Intel Mac OS X 10_15_7) AppleWebKit/537.36 (KHTML, like Gecko) Chrome/116.0.0.0 Safari/537.36
4	2	2	0	26	29408515	0	29408515	29407796	0	29407796	6010	Python/3.10 aiohttp/3.13.2
4	2	2	0	26	29384740	0	29384740	29384433	0	29384433	6010	Python/3.10 aiohttp/3.13.1
4	1	1	0	0	29384077	0	0	29384077	0	0	3005	Mozilla/5.0 (Linux; Android 12; K) AppleWebKit/537.36 (KHTML, like Gecko) Chrome/139.0.0.0 Mobile Safari/537.36
4	0	0	0	1	0	0	29419046	0	0	29419046	0	Mozilla/5.0 (Macintosh; Intel Mac OS X 10_14_4) AppleWebKit/537.36 (KHTML, like Gecko) Chrome/76.0.3809.100 Safari/537.36
4	0	0	0	1	0	0	29406668	0	0	29406668	0	Mozilla/5.0 (Macintosh; U; Intel Mac OS X 10_6_5; en-US) AppleWebKit/534.13 (KHTML, like Gecko) Chrome/9.0.597.15 Safari/534.13
4	4	4	0	4	29408193	0	29408193	29385466	0	29385466	12020	Mozilla/5.0 (Windows NT 10.0; Win64; x64) AppleWebKit/537.36 (KHTML, like Gecko) Chrome/137.0.0.0 Safari/537.36
4	1	1	0	0	29384093	0	0	29384093	0	0	3005	Mozilla/5.0 (Linux; Android 14; SM-S911U) AppleWebKit/537.36 (KHTML, like Gecko) Chrome/136.0.0.0 Mobile Safari/537.36
4	0	0	0	1	0	0	29410794	0	0	29410794	0	Mozilla/5.0 (Macintosh; Intel Mac OS X 10_13_6) AppleWebKit/608.2.11 (KHTML, like Gecko) Version/13 Safari/608.2.11
4	6	6	0	132	29406634	0	29406634	29384062	0	29384062	13266	Mozilla/5.0 (l9scan/2.0.1333e26373e2231313e24373; +https://leakix.net)
4	2	2	0	0	29428041	0	0	29428040	0	0	6010	Scrapy/2.13.4 (+https://scrapy.org)
4	1	1	1	0	29439296	29439296	0	29439296	29439296	0	1122	Mozilla/5.0 (Linux; Android 10; SM-G973F) AppleWebKit/537.36 (KHTML, like Gecko) Chrome/138.0.0.0 Mobile Safari/537.36
4	0	0	0	1	0	0	29429289	0	0	29429289	0	Mozilla/5.0 (X11; Linux x86_64) AppleWebKit/537.36 (KHTML, like Gecko) Chrome/129.0.0.0 Safari/537.36
4	17	16	3	4	29385115	29384090	29385115	29384064	29384070	29384064	23829	Mozilla/5.0 (Windows NT 10.0; Win64; x64) AppleWebKit/537.36 (KHTML, like Gecko) Chrome/138.0.0.0 Safari/537.36 OPR/122.0.0.0
4	0	0	0	1	0	0	29428786	0	0	29428786	0	Mozilla/5.0 (Windows NT 10.0; Win64; x64; rv:90.0) Gecko/20100101 Firefox/90.0
4	1	1	0	0	29423907	0	0	29423907	0	0	3005	Mozilla/5.0 (Macintosh; Intel Mac OS X 10_15_7) AppleWebKit/537.36 (KHTML, like Gecko) Chrome/124.0.0.0 Safari/537.36
4	1	1	0	0	29427692	0	0	29427692	0	0	3005	Mozilla/5.0 (compatible; VertexWP/1.0; +https://vertexwp.com/bot)
4	1	1	0	0	29446322	0	0	29446322	0	0	3005	Mozilla/5.0 (Windows NT 10.0; Win64; x64)
4	1	1	0	0	29385907	0	0	29385907	0	0	3005	Mozilla/5.0 (Linux; Android 8.0.0; d-02K) AppleWebKit/537.36 (KHTML, like Gecko) Chrome/72.0.3626.105 Safari/537.36
4	1	1	1	0	29384093	29384093	0	29384093	29384093	0	1122	Mozilla/5.0 (Linux; Android 10; K) AppleWebKit/537.36 (KHTML, like Gecko) Chrome/140.0.0.0 Mobile Safari/537.36
4	0	0	0	1	0	0	29409316	0	0	29409316	0	axios/1.6.2 (+https://axios-http.com/)
4	3	1	2	0	29411189	29408925	0	29408788	29408788	0	18269	Mozilla/5.0 (Windows NT 10.0; Win64; x64) AppleWebKit/537.36 (KHTML, like Gecko) Chrome/120.0.0.0 Safari/537.36
4	1	1	0	0	29384550	0	0	29384550	0	0	3005	Mozilla/5.0 (Windows NT 10.0; Win64; x64) AppleWebKit/537.36 (KHTML, like Gecko) Chrome/119.0.0.0 Safari/537.36
4	2	2	0	0	29422949	0	0	29422949	0	0	6010	Mozilla/5.0 (Windows NT 10.0; Win64; x64) AppleWebKit/537.36
4	8	8	0	0	29441191	0	0	29425928	0	0	24040	Python/3.14 aiohttp/3.13.2
4	1	1	1	0	29384077	29384077	0	29384077	29384077	0	1122	Mozilla/5.0 (Linux; Android 13; SM-S901U) AppleWebKit/537.36 (KHTML, like Gecko) Chrome/138.0.0.0 Mobile Safari/537.36
4	1	1	0	0	29422969	0	0	29422969	0	0	3005	Mozilla/5.0 (Macintosh; Intel Mac OS X 10.15; rv:135.0) Gecko/20100101 Firefox/135.0
4	1	1	0	0	29408481	0	0	29408481	0	0	3005	Mozilla/5.0 (Linux; Android 9; ANE-LX1) AppleWebKit/537.36 (KHTML, like Gecko) Chrome/74.0.3729.157 Mobile Safari/537.36
4	1	1	0	0	29385263	0	0	29385263	0	0	3005	Mozilla/5.0 (Windows NT 6.1; WOW64; rv:12.0) Gecko/20120422 Firefox/12.0 SeaMonkey/2.9
4	0	0	0	1	0	0	29422738	0	0	29422738	0	Mozilla/5.0 (Macintosh; Intel Mac OS X 10_14_1) AppleWebKit/537.36 (KHTML, like Gecko) Chrome/75.0.3770.100 Safari/537.36
4	0	0	0	1	0	0	29422959	0	0	29422959	0	Mozilla/5.0 (Windows; U; Windows NT 5.1; en-US; BOLT/2.800) AppleWebKit/534.6 (KHTML, like Gecko) Version/5.0 Safari/534.6.3
4	1	1	0	0	29384087	0	0	29384087	0	0	3005	Mozilla/5.0 (Linux; Android 12; SM-G973F) AppleWebKit/537.36 (KHTML, like Gecko) Chrome/137.0.0.0 Mobile Safari/537.36
4	12	12	0	0	29407469	0	0	29384416	0	0	36060	Mozilla/5.0 (Linux; Android 12; Pixel 6) AppleWebKit/537.36 (KHTML, like Gecko) Chrome/114.0.0.0 Mobile Safari/537.36
4	0	0	0	1	0	0	29410683	0	0	29410683	0	Mozilla/5.0 (Linux; Android 5.1.1; KYOCERA-C6742) AppleWebKit/537.36 (KHTML, like Gecko) Chrome/76.0.3809.111 Mobile Safari/537.36
4	0	0	0	2	0	0	29410312	0	0	29384182	0	Mozilla/5.0 (X11; Linux x86_64) AppleWebKit/537.36 (KHTML, like Gecko) Chrome/137.0.0.0 Safari/537.36
4	1	1	0	1	29440867	0	29440867	29440867	0	29440867	3005	Mozilla/5.0 (Linux; Android 8.0.0; SM-G965U Build/R16NW) AppleWebKit/537.36 (KHTML, like Gecko) Chrome/143.0.7499.146 Mobile Safari/537.36
4	1	1	0	0	29407675	0	0	29407675	0	0	3005	Mozilla/5.0 (Linux; Android 8.0.0; SM-A910F) AppleWebKit/537.36 (KHTML, like Gecko) Chrome/76.0.3809.111 Mobile Safari/537.36
4	4	4	0	4	29384063	0	29384063	29384063	0	29384063	2492	Mozilla/5.0 (iPhone; CPU iPhone OS 18_5 like Mac OS X) AppleWebKit/605.1.15 (KHTML, like Gecko) CriOS/138.0.7204.156 Mobile/15E148 Safari/604.1
4	1	1	0	0	29442977	0	0	29442977	0	0	3005	Mozilla/5.0 (X11; Linux x86_64) AppleWebKit/537.36 (KHTML, like Gecko) Chrome/128.0.0.0 Safari/537.36
4	4	4	0	0	29441946	0	0	29385286	0	0	12020	Mozilla/5.0 (compatible; InternetMeasurement/1.0; +https://internet-measurement.com/)
4	4	4	0	5	29442664	0	29447471	29395094	0	29391302	12020	Mozilla/5.0 (Windows NT 10.0; Win64; x64) AppleWebKit/537.36 (KHTML, like Gecko) Chrome/134.0.0.0 Safari/537.3
4	1	1	1	0	29384088	29384088	0	29384088	29384088	0	1122	Mozilla/5.0 (Linux; Android 12; SM-S908B) AppleWebKit/537.36 (KHTML, like Gecko) Chrome/141.0.0.0 Mobile Safari/537.36
4	0	0	0	192	0	0	29407941	0	0	29407598	0	python-httpx/0.22.0
4	1	1	0	0	29433545	0	0	29433545	0	0	3005	Mozilla/5.0 (Windows NT 10.0; Win64; x64) AppleWebKit/537.36 (KHTML, like Gecko) Chrome/109.0.0.0 Safari/537.36
4	14	14	0	14	29422891	0	29422891	29384144	0	29384144	42070	Mozilla/5.0 (Windows NT 10.0; Win64; x64) AppleWebKit/537.36 (KHTML, like Gecko) Chrome/70.0.3538.102 Safari/537.36 Edge/18.19582
4	0	0	0	1	0	0	29385675	0	0	29385675	0	Mozilla/5.0 (X11; Linux x86_64; rv:137.0) Gecko/20100101 Firefox/137.0
4	0	0	0	1	0	0	29421981	0	0	29421981	0	Lynx/2.8.5rel.1 libwww-FM/2.14 SSL-MM/1.4.1 GNUTLS/0.8.12
4	8	7	1	0	29420094	29408838	0	29385247	29408838	0	28667	Mozilla/5.0 (Windows NT 10.0; Win64; x64) Chrome/91.0.4472.124
4	1	1	0	0	29420238	0	0	29420238	0	0	3005	Mozilla/5.0 (compatible; Konqueror/4.5; FreeBSD) KHTML/4.5.4 (like Gecko)
4	4	4	0	0	29424768	0	0	29422921	0	0	12020	Mozilla/5.0 (compatible; NetcraftSurveyAgent/1.0; +info@netcraft.com)
4	1	1	0	0	29384085	0	0	29384085	0	0	3005	Mozilla/5.0 (X11; Ubuntu; Linux x86_64; rv:134.0) Gecko/20100101 Firefox/134.0
4	2	2	56	302	29408251	29408838	29410942	29408251	29408838	29408251	6010	python-httpx/0.28.1
4	1	1	0	0	29384082	0	0	29384082	0	0	3005	Mozilla/5.0 (Linux; Android 12; SM-G973F) AppleWebKit/537.36 (KHTML, like Gecko) Chrome/141.0.0.0 Mobile Safari/537.36
4	1	1	0	0	29412392	0	0	29412392	0	0	3005	Mozilla/5.0 (Windows NT 10.0; Win64; x64) AppleWebKit/537.36 (KHTML, like Gecko) Chrome/117.0.0.0 Safari/537.36
4	0	0	0	1	0	0	29439037	0	0	29439037	0	Mozilla/5.0 (Macintosh; Intel Mac OS X 10.6; rv:9.0) Gecko/20100101 Firefox/9.0
4	0	0	0	1	0	0	29406636	0	0	29406636	0	python-requests/2.25.1
4	1	1	0	0	29384101	0	0	29384101	0	0	3005	Mozilla/5.0 (X11; Linux x86_64) AppleWebKit/537.36 (KHTML, like Gecko) Chrome/55.0.2883.87 Safari/537.36
4	1	1	0	0	29385056	0	0	29385056	0	0	3005	Mozilla/5.0 (Symbian/3; Series60/5.2 NokiaC6-01/011.010; Profile/MIDP-2.1 Configuration/CLDC-1.1 ) AppleWebKit/525 (KHTML, like Gecko) Version/3.0 BrowserNG/7.2.7.2 3gpp-gba
4	0	0	0	1	0	0	29411093	0	0	29411093	0	Mozilla/5.0 (Linux; Android 7.0; LG-H918 Build/NRD90M) AppleWebKit/537.36 (KHTML, like Gecko) Chrome/56.0.2924.87 Mobile Safari/537.36
4	15	15	0	15	29433964	0	29433964	29384181	0	29384181	45075	Mozilla/5.0 (Macintosh; Intel Mac OS X 10_15_7) AppleWebKit/537.36 (KHTML, like Gecko) Chrome/113.0.0.0 Safari/537.36
4	0	0	0	1	0	0	29419089	0	0	29419089	0	Mozilla/5.0 (X11; Linux x86_64) AppleWebKit/537.36 (KHTML, like Gecko) Chrome/72.0.3626.96 Safari/537.36
4	1	1	0	0	29406636	0	0	29406636	0	0	3005	Mozilla/5.0 (Windows NT 10.0; Win64; x64) AppleWebKit/537.36 (KHTML, like Gecko) Chrome/108.0.0.0 Safari/537.36
4	0	0	0	1	0	0	29409316	0	0	29409316	0	Ruby/3.2.2 (http.rb/5.2.0)
4	2	2	0	0	29384062	0	0	29384062	0	0	1246	Mozilla/5.0 (Linux; Android 6.0; HTC One M9 Build/MRA876937) AppleWebKit/537.36 (KHTML, like Gecko) Chrome/52.0.1248.98 Mobile Safari/537.3
4	1	1	0	1	29442242	0	29442242	29442242	0	29442242	3005	Mozilla/5.0 (Macintosh; Intel Mac OS X 10_15_7) AppleWebKit/537.36 (KHTML, like Gecko) Chrome/143.0.7499.169 Safari/537.36
4	8	8	0	16	29427203	0	29427203	29421959	0	29421959	24040	Mozilla/5.0 (Windows NT 10.0; Win64; x64) AppleWebKit/537.36 (KHTML, like Gecko) Chrome/60.0.3112.113 Safari/537.36 Assetnote/1.0.0
4	2	2	0	0	29419972	0	0	29419909	0	0	6010	Mozilla/5.0 (X11; Linux i686; rv:124.0) Gecko/20100101 Firefox/124.0
4	2	2	0	2	29439462	0	29439462	29436783	0	29436783	6010	Mozilla/5.0 (Macintosh; Intel Mac OS X 10_15_7) AppleWebKit/537.36 (KHTML, like Gecko) Chrome/143.0.7499.146 Safari/537.36
4	0	0	0	1	0	0	29433164	0	0	29433164	0	Mozilla/5.0 (X11; Linux x86_64) AppleWebKit/537.36 (KHTML, like Gecko) Chrome/75.0.3770.145 Safari/537.36 Vivaldi/2.6.1566.51
4	1	1	0	0	29411785	0	0	29411785	0	0	3005	Mozilla/5.0 (Windows NT 11.0; WOW64; rv:124.0.1) Gecko/20100101 Firefox/124.0.1
4	2	2	0	0	29384243	0	0	29384243	0	0	6010	Mozilla/5.0 (X11; Linux x86_64; rv:83.0) Gecko/20100101 Firefox/83.0
4	1	1	1	0	29439291	29439291	0	29439291	29439291	0	1122	Mozilla/5.0 (Linux; Android 14; SM-S911U) AppleWebKit/537.36 (KHTML, like Gecko) Chrome/143.0.0.0 Mobile Safari/537.36
4	12	12	0	21	29436745	0	29436745	29435720	0	29435720	27045	Mozilla/5.0 (Windows NT 10.0; Win64; x64) AppleWebKit/537.36 (KHTML, like Gecko) Chrome/125.0.0.0 Safari/537.36
4	2	2	0	0	29385602	0	0	29385425	0	0	6010	Mozilla/5.0 (Windows NT 10.0; Win64; x64) AppleWebKit/537.36 (KHTML, like Gecko) Chrome/58.0.3029.110 Safari/537.3
4	0	0	0	1	0	0	29410534	0	0	29410534	0	Mozilla/5.0 (Windows NT 10.0; WOW64) AppleWebKit/537.36 (KHTML, like Gecko) Chrome/74.0.3729.157 Safari/537.36
4	1	1	0	0	29439290	0	0	29439290	0	0	3005	Mozilla/5.0 (Linux; Android 10; SM-G973F) AppleWebKit/537.36 (KHTML, like Gecko) Chrome/140.0.0.0 Mobile Safari/537.36
4	1	1	0	0	29425891	0	0	29425891	0	0	3005	cypex.ai/scanning Mozilla/5.0 (Macintosh; Intel Mac OS X 10_15_7) Chrome/126.0.0.0 Safari/537.36
4	1	1	0	0	29385124	0	0	29385124	0	0	3005	Mozilla/5.0 (Macintosh; Intel Mac OS X 10_12_6) AppleWebKit/537.36 (KHTML, like Gecko) Chrome/75.0.3770.100 Safari/537.36
4	2	2	0	5	29384119	0	29384062	29384062	0	29384062	3628	Mozilla/5.0 (X11; Linux x86_64) AppleWebKit/537.36 (KHTML, like Gecko) Chrome/117.0.0.0 Safari/537.36
4	0	0	0	1	0	0	29407888	0	0	29407888	0	Mozilla/5.0 (Macintosh; Intel Mac OS X 10.9; rv:30.0) Gecko/20100101 Firefox/30.0
4	6	6	0	2	29442696	0	29412471	29412393	0	29412471	13149	Mozilla/5.0 (Windows NT 10.0; Win64; x64) AppleWebKit/537.36 (KHTML, like Gecko) Chrome/116.0.0.0 Safari/537.36
4	17	15	1	15	29429813	29409083	29429813	29384144	29409083	29384144	60339	Mozilla/5.0 (Linux; Android 8.0.0; SM-G965U Build/R16NW) AppleWebKit/537.36 (KHTML, like Gecko) Chrome/63.0.3239.111 Mobile Safari/537.36
4	2	2	0	0	29384134	0	0	29384133	0	0	6010	Scrapy/2.13.3 (+https://scrapy.org)
4	5	5	0	4	29408572	0	29408572	29385103	0	29385103	15025	Mozilla/5.0 (compatible; CensysInspect/1.1; +https://about.censys.io/)
4	2	2	0	0	29384144	0	0	29384144	0	0	6010	Mozilla/5.0 (Windows NT 10.0; Win64; x64) AppleWebKit/537.36 (KHTML, like Gecko) Chrome/142.0.0.0 Safari/537.36
4	3	3	1	3	29417673	29417673	29417673	29417606	29417673	29417606	6094	Mozilla/5.0 AppleWebKit/537.36 (KHTML, like Gecko; compatible; ClaudeBot/1.0; +claudebot@anthropic.com)
4	4	4	0	24	29410744	0	29427692	29384062	0	29384062	7256	Go-http-client/1.1
4	1	1	0	0	29439296	0	0	29439296	0	0	3005	Mozilla/5.0 (Linux; Android 15; SM-S911B) AppleWebKit/537.36 (KHTML, like Gecko) Chrome/141.0.0.0 Mobile Safari/537.36
4	2	0	2	111	29409167	29409167	29449489	29409027	29409027	29384144	15264	Mozilla/5.0 (Macintosh; Intel Mac OS X 10_15_7) AppleWebKit/537.36 (KHTML, like Gecko) Chrome/131.0.0.0 Safari/537.36; compatible; OAI-SearchBot/1.3; robots.txt; +https://openai.com/searchbot
4	1	1	0	0	29385642	0	0	29385642	0	0	3005	Mozilla/5.0 (Macintosh; Intel Mac OS X 10_14_4) AppleWebKit/537.36 (KHTML, like Gecko) Chrome/72.0.3626.121 Safari/537.36
4	0	0	0	1	0	0	29395872	0	0	29395872	0	Mozilla/5.0 (Macintosh; Intel Mac OS X 10_14_6) AppleWebKit/537.36 (KHTML, like Gecko) Chrome/78.0.3888.0 Safari/537.36
4	0	0	0	1	0	0	29408535	0	0	29408535	0	Mozilla/5.0 (Linux; Android 8.0.0; SAMSUNG-SM-G930A) AppleWebKit/537.36 (KHTML, like Gecko) Chrome/76.0.3809.111 Mobile Safari/537.36
4	0	0	0	1	0	0	29384395	0	0	29384395	0	Mozilla/5.0 (Fedora; Linux i686) AppleWebKit/537.36 (KHTML, like Gecko) Chrome/135.0.0.0 Safari/537.36
4	41	41	0	2	29448135	0	29434670	29384144	0	29408554	103681	Mozilla/5.0 AppleWebKit/537.36 (KHTML, like Gecko; compatible; GPTBot/1.3; +https://openai.com/gptbot)
4	0	0	1	0	0	29409223	0	0	29409223	0	0	Mozilla/5.0 (Linux; Android 9; Redmi Note 7) AppleWebKit/537.36 (KHTML, like Gecko) Chrome/76.0.3809.89 Mobile Safari/537.36
4	1	1	0	0	29384277	0	0	29384277	0	0	3005	Mozilla/5.0 (Macintosh; Intel Mac OS X 10_15_7) AppleWebKit/537.36 (KHTML, like Gecko) Chrome/119.0.0.0 Safari/537.36
4	2	2	0	0	29448697	0	0	29417821	0	0	6010	Mozilla/5.0 (Macintosh; Intel Mac OS X 10_15_7) AppleWebKit/537.36 (KHTML, like Gecko) Chrome/120.0.0.0 Safari/537.36
4	1	1	0	1	29406646	0	29406648	29406646	0	29406648	3005	Mozilla/5.0 (iPhone; CPU iPhone OS 16_0 like Mac OS X) AppleWebKit/605.1.15 (KHTML, like Gecko) Version/16.0 Mobile/15E148 Safari/604.1
4	3	3	0	0	29384119	0	0	29384061	0	0	4251	Mozilla/5.0 (X11; Linux x86_64) AppleWebKit/537.36 (KHTML, like Gecko) Chrome/116.0.0.0 Safari/537.36
4	1	1	0	0	29408397	0	0	29408397	0	0	3005	Mozilla/5.0 (Linux; Android 8.0.0; SM-N950F) AppleWebKit/537.36 (KHTML, like Gecko) Chrome/76.0.3809.89 Mobile Safari/537.36
4	0	0	0	1	0	0	29406882	0	0	29406882	0	Mozilla/5.0 (Linux; Android 8.0.0; LLD-L31) AppleWebKit/537.36 (KHTML, like Gecko) Chrome/73.0.3683.90 Mobile Safari/537.36
4	2	2	0	1	29397033	0	29399296	29395768	0	29399296	6010	Hello from Palo Alto Networks, find out more about our scans in https://docs-cortex.paloaltonetworks.com/r/1/Cortex-Xpanse/Scanning-activity
4	16	16	0	16	29449171	0	29449171	29384144	0	29384144	48080	Mozilla/5.0 (iPhone; CPU iPhone OS 14_6 like Mac OS X) AppleWebKit/605.1.15 (KHTML, like Gecko) Version/14.0.3 Mobile/15E148 Safari/604.1
4	0	0	0	2	0	0	29445072	0	0	29427627	0	RecordedFuture Global Inventory Crawler
4	6	6	0	6	29435096	0	29435096	29390196	0	29390196	18030	Mozilla/5.0 (X11; Linux x86_64; rv:139.0) Gecko/20100101 Firefox/139.0
4	2	2	0	2	29400941	0	29400941	29384105	0	29384105	6010	Mozilla/5.0 (X11; Linux x86_64) AppleWebKit/537.36 (KHTML, like Gecko) Chrome/142.0.0.0 Safari/537.36
4	0	0	0	1	0	0	29420094	0	0	29420094	0	python-httpx/0.27.2
4	1	1	0	0	29437163	0	0	29437163	0	0	3005	Mozilla/5.0 (Windows NT 10.0; Win64; x64) AppleWebKit/537.36 (KHTML, like Gecko) Chrome/135.0.0.0 Safari/537.36 Edg/135.0.0.0
4	0	0	0	2	0	0	29385259	0	0	29385247	0	python-httpx/0.27.0
4	5	5	0	2	29406889	0	29448697	29384249	0	29448697	15025	Mozilla/5.0
4	1	1	0	1	29384062	0	29384062	29384062	0	29384062	623	Mozilla/5.0 (iPhone; CPU iPhone OS 16_1_2 like Mac OS X) AppleWebKit/605.1.15 (KHTML, like Gecko) Version/16.1 Mobile/15E148 Safari/604.1
4	30	30	0	0	29427633	0	0	29384175	0	0	90150	Mozilla/5.0 (X11; Linux i686; rv:109.0) Gecko/20100101 Firefox/120.0
4	0	0	0	1	0	0	29418517	0	0	29418517	0	Mozilla/5.0 (X11; U; Linux i686; en-US) AppleWebKit/532.4 (KHTML, like Gecko) Chrome/4.0.237.0 Safari/532.4 Debian
4	9	9	0	26	29414322	0	29414322	29385100	0	29385100	27045	Mozilla/5.0 (Linux; Android 6.0; Nexus 5 Build/MRA58N) AppleWebKit/537.36 (KHTML, like Gecko) Chrome/130.0.0.0 Mobile Safari/537.36
4	2	2	0	2	29384072	0	29384072	29384072	0	29384072	6010	Mozilla/5.0 (iPhone; CPU iPhone OS 16_6_1 like Mac OS X) AppleWebKit/605.1.15 (KHTML, like Gecko) Version/16.5 Mobile/15E148 Safari/604.1
4	1	1	0	0	29408219	0	0	29408219	0	0	3005	SonyEricssonK750i/R1CA Browser/SEMC-Browser/4.2 Profile/MIDP-2.0 Configuration/CLDC-1.1
4	0	0	0	1	0	0	29424624	0	0	29424624	0	Mozilla/5.0 (Macintosh; Intel Mac OS X 10_12_6) AppleWebKit/605.1.15 (KHTML, like Gecko) Version/12.0.3 Safari/605.1.15
4	3	3	0	4	29409918	0	29409921	29409918	0	29409918	4134	Mozilla/5.0 (Windows NT 6.1; Win64; x64; rv:47.0) Gecko/20100101 Firefox/47.0
4	1	1	0	0	29413734	0	0	29413734	0	0	3005	Mozilla/5.0 (Macintosh; Intel Mac OS X 10.9; rv:35.0) Gecko/20100101 Firefox/35.0
4	2	2	0	2	29384243	0	29384243	29384243	0	29384243	6010	Mozilla/5.0 (Macintosh; Intel Mac OS X 10_9_2) AppleWebKit/537.36 (KHTML, like Gecko) Chrome/33.0.1750.152 Safari/537.36
4	2	2	0	2	29446384	0	29446384	29443623	0	29443623	6010	Mozilla/5.0 (Linux; Android 8.0.0; SM-G965U Build/R16NW) AppleWebKit/537.36 (KHTML, like Gecko) Chrome/143.0.7499.169 Mobile Safari/537.36
4	2	2	0	2	29384243	0	29384243	29384243	0	29384243	6010	Mozilla/5.0 (X11; Linux x86_64) AppleWebKit/537.36 (KHTML, like Gecko) Chrome/132.0.0.0 Safari/537.36
4	3	3	0	3	29387766	0	29387766	29386676	0	29386676	3135	Mozilla/5.0 (Windows NT 10.0; Win64; x64) AppleWebKit/537.36 (KHTML, like Gecko) Chrome/139.0.0.0 Safari/537.36 OPR/123.0.0.0
4	1	1	0	0	29436745	0	0	29436745	0	0	3005	Mozilla/5.0 (X11; Linux x86_64) AppleWebKit/537.36 (KHTML, like Gecko) HeadlessChrome/132.0.0.0 Safari/537.36
4	0	0	0	1	0	0	29395366	0	0	29395366	0	Mozilla/5.0 (Windows Phone 8.1; ARM; Trident/7.0; Touch; rv:11.0; IEMobile/11.0; NOKIA; Lumia 920) like Gecko
4	2	2	0	2	29447768	0	29447768	29444994	0	29444994	6010	Mozilla/5.0 (Windows NT 10.0; Win64; x64) AppleWebKit/537.36 (KHTML, like Gecko) Chrome/143.0.7499.169 Safari/537.36 Edge/18.19582
4	4	4	0	2	29412393	0	29384120	29384119	0	29384120	7055	Mozilla/5.0 (Macintosh; Intel Mac OS X 10_15_7) AppleWebKit/537.36 (KHTML, like Gecko) Chrome/117.0.0.0 Safari/537.36
4	0	0	0	1	0	0	29384650	0	0	29384650	0	Mozilla/5.0 (SS; Linux i686; rv:134.0) Gecko/20100101 Firefox/134.0
4	9	9	0	1	29384062	0	29384062	29384062	0	29384062	5607	'Mozilla/5.0
4	1	1	0	0	29419546	0	0	29419546	0	0	3005	HTMLParser/1.6
4	1	1	0	0	29406646	0	0	29406646	0	0	3005	Mozilla/5.0 (Linux; Android 10; K) AppleWebKit/537.36 (KHTML, like Gecko) Chrome/131.0.0.0 Mobile Safari/537.36
4	0	0	0	1	0	0	29384974	0	0	29384974	0	Mozilla/5.0 (Macintosh; Intel Mac OS X 10_10_3) AppleWebKit/537.36 (KHTML, like Gecko) Chrome/41.0.2272.105 Safari/537.36 Vivaldi/1.0.162.9
4	59	57	2	209	29439290	29439290	29439290	29384061	29384077	29384062	155300	Mozilla/5.0 (Linux; Android 10; K) AppleWebKit/537.36 (KHTML, like Gecko) Chrome/136.0.0.0 Mobile Safari/537.36
4	1	1	0	0	29384747	0	0	29384747	0	0	3005	Mozilla/5.0 (X11; Ubuntu; Linux x86_64; rv:55.0) Gecko/20100101 Firefox/55.0
4	2	2	0	0	29403703	0	0	29403703	0	0	6010	Mozilla/5.0 (compatible; UGAResearchAgent/1.0; Please visit: NISLabUGA.github.io)
4	0	0	0	1	0	0	29418265	0	0	29418265	0	Mozilla/5.0 (iPod; U; CPU iPhone OS 2_2_1 like Mac OS X; en-us) AppleWebKit/525.18.1 (KHTML, like Gecko) Version/3.1.1 Mobile/5H11a Safari/525.20
4	10	10	0	10	29412541	0	29412541	29387273	0	29387273	30050	Mozilla/5.0 (X11; Linux x86_64) AppleWebKit/537.36 (KHTML, like Gecko) Chrome/139.0.0.0 Safari/537.36
4	2	2	0	0	29438536	0	0	29438536	0	0	6010	Mozilla/5.0 (Windows NT 10.0; Win64; x64) AppleWebKit/537.36 (KHTML, like Gecko) Chrome/104.0.0.0 Safari/537.36
4	1	1	0	0	29427853	0	0	29427853	0	0	3005	Mozilla/5.0 (Macintosh; Intel Mac OS X 10_15_6) AppleWebKit/537.36 (KHTML, like Gecko) Chrome/130.0.0.0 Safari/537.36
4	1	1	1	0	29384082	29384082	0	29384082	29384082	0	1122	Mozilla/5.0 (Linux; Android 14; SM-S908B) AppleWebKit/537.36 (KHTML, like Gecko) Chrome/138.0.0.0 Mobile Safari/537.36
5	1	1	0	0	29384119	0	0	29384119	0	0	3005	104.252.191.9
5	0	0	0	1	0	0	29422959	0	0	29422959	0	45.148.10.154
5	1	1	0	1	29440867	0	29440867	29440867	0	29440867	3005	35.93.2.46
5	2	2	0	2	29384062	0	29384062	29384062	0	29384062	1246	51.89.167.1
5	0	0	0	1	0	0	29385675	0	0	29385675	0	2.57.122.173
5	4	4	0	0	29448132	0	0	29437198	0	0	12020	74.7.243.244
5	1	1	0	1	29444994	0	29444994	29444994	0	29444994	3005	54.218.88.159
5	1	1	0	1	29408572	0	29408572	29408572	0	29408572	3005	199.45.155.90
5	1	1	0	1	29408193	0	29408193	29408193	0	29408193	3005	138.199.6.201
5	4	4	0	5	29442664	0	29447471	29395094	0	29391302	12020	204.76.203.25
5	1	1	0	0	29427853	0	0	29427853	0	0	3005	91.92.243.241
5	1	1	0	1	29403974	0	29403974	29403974	0	29403974	3005	199.45.155.86
5	1	1	0	0	29412471	0	0	29412471	0	0	3005	104.164.126.121
5	1	1	0	1	29436783	0	29436783	29436783	0	29436783	3005	16.145.80.228
5	1	1	0	0	29435894	0	0	29435894	0	0	3005	74.7.243.212
5	1	1	0	1	29442242	0	29442242	29442242	0	29442242	3005	44.247.253.71
5	1	1	0	0	29428040	0	0	29428040	0	0	3005	34.141.178.234
5	1	1	0	0	29428157	0	0	29428157	0	0	3005	74.7.243.208
5	0	0	0	2	0	0	29445072	0	0	29427627	0	54.86.115.253
5	1	1	0	1	29384063	0	29384063	29384063	0	29384063	623	104.253.247.120
5	1	1	0	0	29426887	0	0	29426887	0	0	3005	74.7.243.201
5	1	1	0	0	29384082	0	0	29384082	0	0	3005	62.82.31.96
5	1	1	0	1	29447768	0	29447768	29447768	0	29447768	3005	34.222.149.46
5	1	1	0	0	29384093	0	0	29384093	0	0	3005	188.26.193.14
5	1	1	0	0	29384072	0	0	29384072	0	0	3005	94.139.228.10
5	1	1	0	0	29395768	0	0	29395768	0	0	3005	147.185.132.73
5	1	1	0	1	29391900	0	29391900	29391900	0	29391900	3005	159.65.181.122
5	1	1	0	1	29443623	0	29443623	29443623	0	29443623	3005	18.237.77.219
5	1	1	0	1	29449171	0	29449171	29449171	0	29449171	3005	34.209.155.18
5	1	1	0	1	29385249	0	29385249	29385249	0	29385249	3005	199.45.154.158
5	0	0	0	1	0	0	29448697	0	0	29448697	0	143.255.252.153
5	2	2	0	2	29384218	0	29384218	29384218	0	29384218	6010	35.91.251.99
5	3	3	0	0	29448135	0	0	29439595	0	0	9015	74.7.242.63
5	1	1	0	0	29394602	0	0	29394602	0	0	3005	74.7.242.62
5	1	1	0	0	29412393	0	0	29412393	0	0	3005	104.164.126.63
5	4	4	0	7	29436745	0	29436745	29436745	0	29436745	9015	209.38.22.133
5	3	3	0	1	29433869	0	29434670	29433869	0	29434670	4134	74.7.242.54
5	2	2	0	0	29434056	0	0	29433545	0	0	6010	100.30.248.17
5	1	1	0	0	29415859	0	0	29415859	0	0	3005	74.7.242.50
5	1	1	0	1	29400801	0	29400801	29400801	0	29400801	3005	34.214.117.215
5	4	4	0	7	29435720	0	29435720	29435720	0	29435720	9015	170.64.215.255
5	1	1	0	0	29425041	0	0	29425041	0	0	3005	74.7.241.5
5	1	1	0	0	29406646	0	0	29406646	0	0	3005	195.132.35.238
5	2	0	1	0	29409083	29409083	0	29409083	29409083	0	15264	52.38.27.186
5	20	19	3	7	29387766	29384090	29387766	29384064	29384070	29384064	26964	80.134.135.17
5	4	4	0	7	29436317	0	29436317	29436317	0	29436317	9015	170.64.181.181
5	2	2	0	2	29384219	0	29384219	29384219	0	29384219	6010	54.149.197.60
5	1	1	0	0	29385417	0	0	29385417	0	0	3005	23.27.145.75
5	1	1	0	0	29384061	0	0	29384061	0	0	623	103.196.9.61
5	1	1	0	1	29387029	0	29387029	29387029	0	29387029	3005	52.41.43.252
5	2	2	0	0	29412393	0	0	29412392	0	0	6010	103.196.9.59
5	2	2	0	0	29441191	0	0	29439179	0	0	6010	139.59.133.87
5	1	1	0	1	29418748	0	29418748	29418748	0	29418748	3005	44.251.169.224
5	0	0	0	2	0	0	29432714	0	0	29431870	0	74.7.228.63
5	1	1	0	1	29390196	0	29390196	29390196	0	29390196	3005	188.166.32.31
5	1	1	0	0	29413734	0	0	29413734	0	0	3005	45.148.10.80
5	1	1	0	0	29439958	0	0	29439958	0	0	3005	185.247.137.248
5	1	1	0	0	29390050	0	0	29390050	0	0	3005	23.27.145.66
5	1	1	0	1	29433964	0	29433964	29433964	0	29433964	3005	54.184.133.150
5	0	0	0	15	0	0	29412450	0	0	29397574	0	74.7.228.55
5	1	1	0	247	29410942	0	29410942	29410942	0	29410942	3005	54.153.0.202
5	1	1	0	1	29388385	0	29388385	29388385	0	29388385	3005	35.88.155.99
5	0	0	0	2	0	0	29418022	0	0	29394792	0	74.7.228.50
5	1	1	1	0	29384082	29384082	0	29384082	29384082	0	1122	46.232.169.69
5	0	0	0	2	0	0	29407888	0	0	29407506	0	54.196.17.149
5	1	1	0	0	29427535	0	0	29427535	0	0	3005	23.27.145.50
5	1	1	0	0	29394549	0	0	29394549	0	0	3005	23.27.145.48
5	2	2	0	2	29384210	0	29384210	29384210	0	29384210	6010	35.160.47.18
5	1	1	0	1	29396676	0	29396676	29396676	0	29396676	3005	18.237.236.253
5	1	1	0	1	29403578	0	29403578	29403578	0	29403578	3005	52.13.107.250
5	2	2	0	5	29384062	0	29384062	29384061	0	29384062	1246	103.196.9.31
5	1	1	0	1	29391193	0	29391193	29391193	0	29391193	3005	35.90.242.96
5	1	1	0	1	29394609	0	29394609	29394609	0	29394609	3005	157.230.235.57
5	1	1	0	1	29410421	0	29410421	29410421	0	29410421	3005	165.22.239.252
5	1	1	0	0	29448697	0	0	29448697	0	0	3005	143.208.3.216
5	0	0	0	2	0	0	29384650	0	0	29384395	0	98.87.12.199
5	1	1	0	0	29424768	0	0	29424768	0	0	3005	54.194.162.73
5	1	1	0	1	29384062	0	29384062	29384062	0	29384062	623	95.215.36.92
5	1	1	0	0	29385674	0	0	29385674	0	0	3005	23.27.145.36
5	0	0	0	1	0	0	29419446	0	0	29419446	0	74.7.228.26
5	0	0	1	3	0	29409223	29408535	0	29409223	29395366	0	93.123.109.7
5	1	1	0	0	29424730	0	0	29424730	0	0	3005	34.255.196.115
5	1	1	0	0	29441946	0	0	29441946	0	0	3005	185.247.137.210
5	1	1	0	1	29413152	0	29413152	29413152	0	29413152	3005	143.198.110.208
5	1	1	0	1	29410322	0	29410322	29410322	0	29410322	3005	165.232.86.66
5	1	1	0	1	29431196	0	29431196	29431196	0	29431196	3005	44.249.136.54
5	2	2	0	0	29384452	0	0	29384448	0	0	6010	136.118.83.11
5	1	1	0	1	29446384	0	29446384	29446384	0	29446384	3005	34.216.150.2
5	1	1	0	0	29384747	0	0	29384747	0	0	3005	54.167.207.206
5	0	0	0	1	0	0	29420726	0	0	29420726	0	74.7.244.48
5	0	0	0	1	0	0	29422767	0	0	29422767	0	74.7.244.47
5	1	1	0	1	29398047	0	29398047	29398047	0	29398047	3005	44.249.55.125
5	1	1	0	1	29384063	0	29384063	29384063	0	29384063	623	92.114.60.90
5	2	2	0	1	29385907	0	29411093	29385642	0	29411093	6010	213.209.157.81
5	0	0	0	11	0	0	29445928	0	0	29436206	0	74.7.244.36
5	0	0	0	2	0	0	29421367	0	0	29417941	0	74.7.244.35
5	1	1	0	0	29405637	0	0	29405637	0	0	3005	167.94.138.166
5	0	0	0	1	0	0	29384072	0	0	29384072	0	94.139.232.146
5	1	1	0	0	29384077	0	0	29384077	0	0	3005	62.37.240.2
5	0	0	0	4	0	0	29416043	0	0	29415859	0	74.7.244.31
5	3	3	0	33	29384063	0	29384063	29384062	0	29384062	1869	165.227.173.41
5	1	1	0	0	29428041	0	0	29428041	0	0	3005	34.91.119.153
5	1	1	0	1	29410460	0	29410460	29410460	0	29410460	3005	34.220.184.84
5	1	1	0	1	29428427	0	29428427	29428427	0	29428427	3005	52.34.231.192
5	0	0	0	2	0	0	29425501	0	0	29425041	0	74.7.244.22
5	4	4	0	4	29409918	0	29409921	29409918	0	29409918	7139	13.217.27.152
5	1	1	0	0	29384416	0	0	29384416	0	0	3005	35.199.154.207
5	0	0	0	4	0	0	29436051	0	0	29433869	0	74.7.244.18
5	2	2	0	0	29385602	0	0	29385425	0	0	6010	18.234.206.109
5	1	1	0	99	29407941	0	29407941	29407941	0	29407941	3005	3.122.159.48
5	0	0	0	2	0	0	29414271	0	0	29413608	0	74.7.244.14
5	1	1	0	1	29420094	0	29420094	29420094	0	29420094	3005	52.196.246.212
5	3	3	0	55	29408251	0	29408251	29408251	0	29408251	9015	13.40.72.130
5	1	1	0	0	29385263	0	0	29385263	0	0	3005	34.221.123.171
5	2	2	0	2	29384181	0	29384181	29384181	0	29384181	6010	54.218.79.246
5	3	3	0	0	29384449	0	0	29384249	0	0	9015	195.164.49.144
5	1	1	0	0	29384144	0	0	29384144	0	0	3005	64.15.129.120
5	1	1	0	1	29385103	0	29385103	29385103	0	29385103	3005	162.142.125.214
5	1	1	0	0	29422958	0	0	29422958	0	0	3005	34.250.215.96
5	1	1	0	0	29384066	0	0	29384066	0	0	2985	98.84.1.175
5	1	1	0	0	29397412	0	0	29397412	0	0	3005	198.235.24.185
5	1	1	0	1	29431971	0	29431971	29431971	0	29431971	3005	134.122.41.246
5	3	3	0	0	29384144	0	0	29384144	0	0	4134	74.7.227.242
5	3	1	2	0	29411189	29408925	0	29408788	29408788	0	18269	13.217.204.224
5	1	1	0	1	29411899	0	29411899	29411899	0	29411899	3005	35.93.16.36
5	4	4	0	12	29414322	0	29414322	29395701	0	29395701	12020	157.143.30.12
5	1	1	0	1	29390201	0	29390201	29390201	0	29390201	3005	159.203.36.245
5	1	1	0	0	29384144	0	0	29384144	0	0	3005	64.15.129.102
5	1	1	0	0	29391375	0	0	29391375	0	0	3005	74.7.227.235
5	1	1	0	93	29407599	0	29407599	29407599	0	29407598	3005	54.199.188.71
5	2	2	0	4	29423178	0	29423178	29423178	0	29423178	6010	15.223.188.248
5	1	1	0	1	29385466	0	29385466	29385466	0	29385466	3005	31.169.53.78
5	1	1	0	1	29407399	0	29407399	29407399	0	29407399	3005	104.236.63.45
5	2	2	0	2	29384198	0	29384198	29384198	0	29384198	6010	44.243.70.26
5	1	1	0	1	29417372	0	29417372	29417372	0	29417372	3005	44.255.9.162
5	0	0	0	1	0	0	29448697	0	0	29448697	0	37.239.38.134
5	2	2	0	0	29422949	0	0	29422949	0	0	6010	34.124.135.103
5	1	1	0	1	29406646	0	29406648	29406646	0	29406648	3005	62.93.176.95
5	1	1	0	0	29384133	0	0	29384133	0	0	3005	34.90.222.110
5	2	2	0	2	29384197	0	29384197	29384197	0	29384197	6010	34.219.54.128
5	2	2	0	0	29406889	0	0	29406757	0	0	6010	217.182.64.155
5	0	0	0	1	0	0	29410794	0	0	29410794	0	93.123.109.132
5	1	1	0	0	29448697	0	0	29448697	0	0	3005	186.174.15.105
5	0	0	0	2	0	0	29425487	0	0	29425057	0	74.7.175.169
5	0	0	0	2	0	0	29409316	0	0	29409316	0	46.105.92.110
5	1	1	0	1	29385553	0	29385553	29385553	0	29385553	3005	179.43.189.74
5	3	3	0	0	29384148	0	0	29384148	0	0	4134	74.7.227.189
5	1	1	0	1	29413257	0	29413257	29413257	0	29413257	3005	44.251.100.94
5	1	1	0	1	29427692	0	29427692	29427692	0	29427692	3005	57.131.35.166
5	0	0	0	1	0	0	29430159	0	0	29430159	0	74.7.175.156
5	0	0	0	1	0	0	29428157	0	0	29428157	0	74.7.175.148
5	2	2	0	2	29384181	0	29384181	29384181	0	29384181	6010	44.248.227.179
5	1	1	0	0	29417941	0	0	29417941	0	0	3005	74.7.227.175
5	2	2	0	2	29384198	0	29384198	29384198	0	29384198	6010	16.145.205.140
5	1	1	0	0	29392228	0	0	29392228	0	0	3005	74.7.227.169
5	0	0	0	3	0	0	29433164	0	0	29421981	0	185.177.72.75
5	3	3	0	33	29406634	0	29406634	29406634	0	29406634	9015	147.182.149.75
5	1	1	0	1	29400941	0	29400941	29400941	0	29400941	3005	84.19.175.165
5	1	1	0	1	29395473	0	29395473	29395473	0	29395473	3005	44.255.25.182
5	1	1	0	0	29417821	0	0	29417821	0	0	3005	159.203.118.48
5	1	1	0	0	29438536	0	0	29438536	0	0	3005	3.93.149.57
5	1	1	0	1	29414625	0	29414625	29414625	0	29414625	3005	35.85.156.161
5	1	1	0	1	29387318	0	29387318	29387318	0	29387318	3005	64.227.143.87
5	3	3	0	33	29406634	0	29406634	29406634	0	29406634	9015	167.99.182.39
5	1	1	0	0	29414271	0	0	29414271	0	0	3005	74.7.241.58
5	0	0	0	1	0	0	29384974	0	0	29384974	0	45.144.212.58
5	1	1	0	1	29425834	0	29425834	29425834	0	29425834	3005	44.245.211.198
5	1	1	0	0	29421367	0	0	29421367	0	0	3005	74.7.241.52
5	1	1	0	1	29385259	0	29385259	29385259	0	29385259	3005	51.20.87.143
5	1	1	0	1	29406636	0	29406636	29406636	0	29406636	3005	51.81.245.138
5	2	2	0	0	29427309	0	0	29425928	0	0	6010	207.154.244.234
5	1	1	0	0	29430159	0	0	29430159	0	0	3005	74.7.241.47
5	1	1	0	0	29394350	0	0	29394350	0	0	3005	23.27.145.3
5	2	2	0	0	29442977	0	0	29442696	0	0	6010	34.239.214.15
5	4	4	0	1	29411240	0	29408554	29399344	0	29408554	12020	74.7.241.43
5	4	4	0	2	29384120	0	29384120	29384119	0	29384120	7055	107.172.195.43
5	0	0	0	1	0	0	29439037	0	0	29439037	0	45.144.212.43
5	5	5	0	14	29390114	0	29390114	29385100	0	29385100	15025	91.84.86.2
5	1	1	0	1	29407400	0	29407400	29407400	0	29407400	3005	67.205.138.158
5	1	1	0	1	29404960	0	29404960	29404960	0	29404960	3005	54.190.137.43
5	1	1	0	1	29389754	0	29389754	29389754	0	29389754	3005	44.255.194.47
5	3	3	0	0	29431870	0	0	29431870	0	0	4134	74.7.241.38
5	1	1	0	1	29413178	0	29413178	29413178	0	29413178	3005	64.227.23.243
5	1	1	0	1	29435341	0	29435341	29435341	0	29435341	3005	54.212.29.153
5	1	1	0	0	29384085	0	0	29384085	0	0	3005	91.231.89.18
5	1	1	0	1	29393914	0	29393914	29393914	0	29393914	3005	35.86.166.151
5	1	1	0	0	29425891	0	0	29425891	0	0	3005	3.138.185.30
5	1	1	0	1	29429813	0	29429813	29429813	0	29429813	3005	44.248.35.90
5	1	1	0	0	29398939	0	0	29398939	0	0	3005	149.57.180.198
5	1	1	0	0	29384277	0	0	29384277	0	0	3005	149.57.180.195
5	0	0	0	1	0	0	29399296	0	0	29399296	0	198.235.24.69
5	1	1	0	0	29384087	0	0	29384087	0	0	3005	85.58.129.99
5	1	1	0	1	29439462	0	29439462	29439462	0	29439462	3005	34.221.190.106
5	0	0	0	1	0	0	29384182	0	0	29384182	0	173.244.42.171
5	1	1	0	0	29446322	0	0	29446322	0	0	3005	158.173.23.157
5	2	2	0	0	29436913	0	0	29435870	0	0	6010	167.71.58.65
5	2	2	0	4	29421959	0	29421959	29421959	0	29421959	6010	52.195.9.159
5	1	1	0	0	29403703	0	0	29403703	0	0	3005	128.192.12.118
5	2	2	0	0	29440842	0	0	29439242	0	0	6010	207.154.238.236
5	4	4	0	0	29411897	0	0	29397574	0	0	12020	74.7.227.58
5	2	2	0	2	29384144	0	29384144	29384144	0	29384144	6010	44.249.224.43
5	1	1	0	0	29384417	0	0	29384417	0	0	3005	34.168.173.109
5	1	1	0	0	29403703	0	0	29403703	0	0	3005	128.192.12.105
5	1	1	0	1	29421510	0	29421510	29421510	0	29421510	3005	34.217.59.242
5	1	1	0	0	29390218	0	0	29390218	0	0	3005	149.57.180.160
5	1	1	0	1	29387273	0	29387273	29387273	0	29387273	3005	143.198.121.77
5	1	1	0	0	29411785	0	0	29411785	0	0	3005	34.12.137.238
5	1	1	0	0	29398661	0	0	29398661	0	0	3005	23.27.145.243
5	1	1	1	0	29384077	29384077	0	29384077	29384077	0	1122	79.117.150.25
5	1	1	0	1	29432580	0	29432580	29432580	0	29432580	3005	44.252.6.221
5	2	2	0	4	29422917	0	29422917	29422917	0	29422917	6010	3.99.151.53
5	1	1	0	0	29385329	0	0	29385329	0	0	3005	185.247.137.76
5	1	1	0	0	29419454	0	0	29419454	0	0	3005	74.7.227.20
5	1	1	0	0	29422768	0	0	29422768	0	0	3005	74.7.227.19
5	1	1	0	1	29427051	0	29427051	29427051	0	29427051	3005	54.244.202.233
5	0	0	0	1	0	0	29410312	0	0	29410312	0	95.181.232.132
5	1	1	0	0	29423907	0	0	29423907	0	0	3005	64.225.5.221
5	0	0	0	1	0	0	29430178	0	0	29430178	0	74.7.241.182
5	4	4	0	2	29412471	0	29412471	29412471	0	29412471	7139	154.28.229.11
5	3	3	0	33	29384062	0	29384062	29384062	0	29384062	1869	206.81.24.227
5	1	1	0	1	29385247	0	29385247	29385247	0	29385247	3005	3.107.210.20
5	1	1	0	0	29398692	0	0	29398692	0	0	3005	23.27.145.224
5	0	0	0	1	0	0	29421496	0	0	29421496	0	74.7.241.177
5	1	1	0	1	29384063	0	29384063	29384063	0	29384063	623	104.253.252.167
5	1	1	0	0	29394350	0	0	29394350	0	0	3005	23.27.145.220
5	0	0	0	1	0	0	29449464	0	0	29449464	0	74.7.241.171
5	0	0	0	2	0	0	29432782	0	0	29431880	0	74.7.241.170
5	0	0	0	1	0	0	29428185	0	0	29428185	0	74.7.241.166
5	1	1	0	0	29384101	0	0	29384101	0	0	3005	143.110.128.10
5	0	0	0	9	0	0	29449078	0	0	29436679	0	74.7.230.5
5	0	0	0	1	0	0	29424144	0	0	29424144	0	74.7.241.164
5	1	1	0	1	29392554	0	29392554	29392554	0	29392554	3005	35.163.86.102
5	1	1	0	0	29384399	0	0	29384399	0	0	3005	23.27.145.198
5	1	1	0	0	29398937	0	0	29398937	0	0	3005	149.57.180.114
5	1	1	0	1	29384063	0	29384063	29384063	0	29384063	623	104.253.252.152
5	3	3	0	0	29407468	0	0	29407458	0	0	9015	34.169.213.19
5	0	0	0	2	0	0	29413510	0	0	29413393	0	74.7.241.158
5	1	1	0	0	29427633	0	0	29427633	0	0	3005	23.27.145.205
5	1	1	0	0	29387212	0	0	29387212	0	0	3005	149.57.180.108
5	1	1	0	0	29404603	0	0	29404603	0	0	3005	23.27.145.191
5	1	1	0	0	29384429	0	0	29384429	0	0	3005	23.27.145.200
5	1	1	0	0	29385855	0	0	29385855	0	0	3005	23.27.145.185
5	1	1	0	0	29422921	0	0	29422921	0	0	3005	3.253.246.94
5	1	1	0	0	29397033	0	0	29397033	0	0	3005	205.210.31.52
5	0	0	0	2	0	0	29416044	0	0	29415915	0	74.7.241.143
5	0	0	0	1	0	0	29384144	0	0	29384144	0	74.7.230.63
5	0	0	0	5	0	0	29436023	0	0	29433231	0	74.7.241.139
5	0	0	0	2	0	0	29449489	0	0	29449467	0	74.7.241.137
5	1	1	0	1	29406362	0	29406362	29406362	0	29406362	3005	35.94.57.12
5	0	0	0	1	0	0	29426887	0	0	29426887	0	74.7.230.57
5	0	0	0	4	0	0	29448206	0	0	29448135	0	74.7.241.134
5	1	1	0	1	29407696	0	29407697	29407696	0	29407697	3005	35.91.135.208
5	1	1	0	0	29422969	0	0	29422969	0	0	3005	138.197.122.140
5	1	1	0	0	29394579	0	0	29394579	0	0	3005	23.27.145.160
5	1	1	0	1	29412541	0	29412541	29412541	0	29412541	3005	134.199.235.8
5	1	1	0	0	29437163	0	0	29437163	0	0	3005	98.88.142.13
5	1	1	0	1	29438099	0	29438099	29438099	0	29438099	3005	34.217.195.8
5	1	1	0	0	29385673	0	0	29385673	0	0	3005	149.57.180.85
5	1	1	0	1	29385619	0	29385619	29385619	0	29385619	3005	34.221.214.229
5	1	1	0	0	29384134	0	0	29384134	0	0	3005	34.90.220.251
5	2	2	0	0	29385124	0	0	29385056	0	0	6010	54.198.232.190
5	1	1	0	1	29415983	0	29415983	29415983	0	29415983	3005	44.252.95.67
5	0	0	0	1	0	0	29426870	0	0	29426870	0	74.7.230.32
5	1	1	0	0	29438536	0	0	29438536	0	0	3005	13.218.130.38
5	0	0	0	2	0	0	29429289	0	0	29428786	0	45.148.10.238
5	2	0	2	17	29409167	29409167	29412874	29409027	29409027	29399344	15264	74.7.230.22
5	0	0	0	1	0	0	29414869	0	0	29414869	0	74.7.230.21
5	1	1	1	0	29384093	29384093	0	29384093	29384093	0	1122	151.248.21.97
5	6	6	0	4	29384243	0	29384243	29384243	0	29384243	18030	52.16.245.145
5	1	1	0	0	29384071	0	0	29384071	0	0	3005	13.219.121.241
5	2	2	0	0	29408481	0	0	29408397	0	0	6010	54.91.241.242
5	1	1	0	0	29427629	0	0	29427629	0	0	3005	149.57.180.60
5	3	1	0	48	29439290	0	29439290	29384062	0	29384062	69965	151.237.187.221
5	1	1	0	0	29404691	0	0	29404691	0	0	3005	23.27.145.125
5	1	1	0	0	29385855	0	0	29385855	0	0	3005	23.27.145.124
5	1	0	57	0	29408838	29408838	0	29408838	29408838	0	7632	54.249.76.97
5	1	1	0	0	29384175	0	0	29384175	0	0	3005	23.27.145.122
5	1	1	0	0	29387357	0	0	29387357	0	0	3005	149.57.180.52
5	1	1	0	2	29384068	0	29384068	29384068	0	29384068	2985	3.93.162.46
5	0	0	0	4	0	0	29419089	0	0	29410534	0	195.178.110.223
5	2	2	0	0	29427529	0	0	29390218	0	0	6010	149.57.180.50
5	1	1	1	0	29384088	29384088	0	29384088	29384088	0	1122	194.220.204.215
5	1	1	0	1	29384072	0	29384072	29384072	0	29384072	3005	172.111.15.209
5	0	0	0	1	0	0	29419454	0	0	29419454	0	74.7.228.8
5	3	3	2	39	29439296	29439296	29439290	29384061	29439290	29384062	4750	151.237.187.198
5	0	0	0	2	0	0	29394711	0	0	29394602	0	74.7.228.7
5	1	1	0	1	29435096	0	29435096	29435096	0	29435096	3005	209.38.33.180
5	1	1	0	1	29384105	0	29384105	29384105	0	29384105	3005	31.13.189.253
5	1	1	0	0	29387355	0	0	29387355	0	0	3005	23.27.145.112
5	1	1	0	1	29424315	0	29424315	29424315	0	29424315	3005	44.244.34.88
5	0	0	0	4	0	0	29448191	0	0	29448132	0	74.7.228.3
5	0	0	0	1	0	0	29384148	0	0	29384148	0	74.7.228.2
5	2	2	0	2	29384211	0	29384211	29384211	0	29384211	6010	35.92.242.22
5	1	1	0	1	29414651	0	29414651	29414651	0	29414651	3005	143.110.154.56
5	1	1	0	46	29439290	0	29439290	29439290	0	29384062	3005	151.237.187.189
5	1	1	0	0	29404693	0	0	29404693	0	0	3005	23.27.145.104
5	1	1	0	1	29402261	0	29402261	29402261	0	29402261	3005	34.211.172.69
5	4	4	0	0	29420238	0	0	29407675	0	0	12020	195.178.110.54
5	1	1	0	0	29384550	0	0	29384550	0	0	3005	149.57.180.32
5	3	3	2	38	29439291	29439291	29439290	29384077	29384077	29384062	7132	151.237.187.184
5	1	1	0	0	29385286	0	0	29385286	0	0	3005	87.236.176.78
5	2	2	0	4	29427203	0	29427203	29427203	0	29427203	6010	100.26.100.247
5	60	60	0	1	29384065	0	29384062	29384062	0	29384062	78299	167.235.36.41
5	2	2	0	38	29439290	0	29439290	29384077	0	29384062	6010	151.237.187.181
5	6	6	0	73	29410744	0	29410744	29384433	0	29384433	18030	195.178.110.201
5	1	1	0	1	29420128	0	29420128	29420128	0	29420128	3005	34.209.140.74
5	4	4	0	0	29407469	0	0	29397356	0	0	12020	136.118.181.199
5	1	1	0	0	29384450	0	0	29384450	0	0	3005	136.118.42.33
5	3	3	1	3	29417673	29417673	29417673	29417606	29417673	29417606	6094	216.73.216.112
5	2	2	0	0	29419972	0	0	29419909	0	0	6010	34.221.21.250
5	2	2	0	2	29384144	0	29384144	29384144	0	29384144	6010	34.219.44.2
5	0	0	0	5	0	0	29424624	0	0	29406668	0	45.139.104.171
5	1	1	0	1	29422891	0	29422891	29422891	0	29422891	3005	54.189.180.104
5	1	1	0	1	29408163	0	29408163	29408163	0	29408163	3005	45.130.200.126
5	1	1	0	0	29404604	0	0	29404604	0	0	3005	149.57.180.11
5	1	1	0	2	29406709	0	29406709	29406709	0	29406709	3005	3.82.144.83
5	1	1	0	1	29399417	0	29399417	29399417	0	29399417	3005	16.145.233.247
5	1	1	0	0	29436745	0	0	29436745	0	0	3005	44.218.6.122
z	0	8	8	29436745	0
z	2	7	7	29433869	588
z	3	60	59	29384090	37283
z	4	387	380	29449171	1147290
z	5	2	0	29439290	69342
c	200	463	29449171
c	301	12	29439296
c	302	63	29409223
c	304	1	29384064
c	404	1262	29449489
c	499	4	29445072
