CACHE type 5 produced by analog 6.0/Unix. Do not modify or delete!
T	0	0	472	400	22	1189	611327
D	29351781	29449783
20383	52	10	10	6230
20383	54	2	2	1594
20383	55	8	6	8171
20383	58	1	1	797
20383	59	2	2	6707
20383	60	1	1	797
20383	61	1	1	797
20383	67	2	2	1594
20383	71	6	0	11362
20383	76	2	2	1594
20383	81	70	31	157979
20383	82	30	9	88766
20383	92	4	4	8301
20383	94	2	2	1594
20383	104	5	5	9098
20383	108	3	3	7504
20383	109	3	3	7504
20383	115	4	4	8301
20383	119	1	1	797
20383	120	1	1	797
20383	128	1	1	797
20383	136	1	1	797
20383	141	2	2	1594
20383	145	4	4	3188
20383	153	2	2	1594
20383	162	1	1	797
20383	206	1	1	797
20384	37	1	1	797
20384	51	1	1	797
20384	58	1	1	797
20384	59	1	1	797
20384	60	1	1	797
20384	79	1	1	797
20384	84	3	3	2391
20384	107	1	1	797
20384	125	2	2	1594
20384	127	1	1	797
20384	137	1	1	797
20384	138	1	1	797
20384	257	1	1	797
20384	282	1	1	797
20385	95	1	1	797
20385	97	1	1	797
20385	144	2	2	1594
20385	147	3	3	7504
20385	225	1	1	797
20386	39	1	1	797
20386	101	1	1	797
20387	66	1	1	797
20387	97	1	1	797
20387	98	1	1	797
20387	145	1	1	797
20387	150	1	1	797
20390	91	2	2	1594
20390	100	1	1	797
20390	128	1	1	797
20390	132	1	1	797
20390	135	1	1	797
20390	138	1	1	797
20390	139	1	1	797
20390	211	3	3	21400
20391	5	1	1	0
20391	42	2	2	7835
20391	47	1	1	8561
20391	64	1	1	0
20392	22	2	0	15292
20392	26	3	3	17122
20393	116	1	1	0
20393	119	1	1	0
20393	146	2	2	0
20393	219	1	1	8561
20393	227	1	1	0
20394	72	3	3	0
20394	172	1	1	0
20394	176	1	1	0
20396	51	1	1	8561
20396	78	8	8	46060
20396	111	6	6	9244
20396	113	1	1	8561
20396	126	2	2	1423
20396	190	1	1	8561
20396	194	1	1	0
20396	199	1	1	0
20397	45	1	1	0
20397	48	1	1	0
20397	83	2	2	0
20397	99	1	1	0
20397	105	1	1	0
20397	132	1	1	0
20397	136	2	2	0
20397	169	1	1	0
20400	126	2	2	9984
20400	127	3	3	1538
20401	104	1	1	0
20401	105	1	1	0
20403	119	1	1	0
20404	43	1	1	0
20404	122	1	1	0
20404	258	1	1	0
20405	18	1	1	0
20405	170	1	1	0
20405	200	1	1	0
20407	27	1	1	0
20407	37	1	1	0
20407	71	1	1	0
20407	84	1	1	0
20407	101	1	1	0
20407	118	1	1	0
20407	119	1	1	0
20407	133	1	1	0
20407	138	1	1	0
20407	222	1	1	0
20407	223	2	2	0
20407	253	1	1	0
20407	285	1	1	0
20408	19	1	1	0
20408	97	1	1	0
20410	224	1	1	0
20410	247	1	1	0
20410	280	1	1	0
20411	59	1	1	0
20411	86	1	1	0
20411	95	1	1	0
20412	213	1	1	0
20412	274	1	1	0
20413	27	1	1	0
20413	130	1	1	0
20413	133	1	1	0
20414	253	1	1	0
20416	39	1	1	0
20417	33	1	1	0
20417	152	1	1	0
20418	8	1	1	0
20418	274	1	1	0
20419	31	2	2	17122
20419	60	1	1	0
20421	91	1	1	0
20421	218	1	1	0
20422	40	1	1	0
20422	226	1	0	7646
20423	35	1	0	7646
20424	10	1	1	0
20424	157	1	1	0
20424	265	1	1	0
20425	9	1	1	0
20425	59	1	1	0
20425	135	1	1	0
20425	263	1	1	0
20426	9	1	1	0
20426	40	1	1	0
20428	233	1	1	0
20429	35	1	1	0
20429	139	1	1	0
20431	61	1	1	0
20431	150	1	1	0
20431	241	1	1	0
20432	171	1	1	0
20432	182	1	1	0
20432	193	1	1	0
20432	202	1	1	0
20433	256	1	1	0
20433	284	1	1	0
20434	35	1	1	0
20434	42	1	1	0
20434	192	2	2	0
20435	93	4	4	11407
20436	35	1	1	0
20436	74	1	1	0
20438	34	1	1	0
20438	225	1	1	0
20438	256	1	1	0
20439	209	1	1	0
20439	228	1	1	0
20439	230	1	1	0
20440	4	2	2	0
20441	77	2	2	0
20441	135	1	1	0
20441	151	1	1	0
20441	168	4	4	0
20441	284	1	1	0
20441	287	4	4	0
20442	64	3	3	8561
20442	70	4	4	0
20443	148	1	1	0
20444	40	6	6	0
20444	41	4	4	0
20444	56	1	1	0
20444	70	1	1	0
20444	72	1	1	0
20444	169	1	1	0
20444	201	1	1	0
20444	203	1	1	0
20444	283	1	1	0
20445	70	2	2	0
20445	108	1	1	0
20445	138	3	3	0
20445	164	3	3	0
20445	165	2	2	0
20445	171	2	2	0
20445	175	1	1	0
20445	199	1	1	0
20445	213	1	1	0
20445	214	1	1	0
20445	217	1	1	0
20445	221	1	1	0
20445	233	1	1	0
20445	241	2	2	0
20445	251	2	2	0
20445	269	1	1	0
20446	44	1	1	0
20446	52	1	1	0
20446	62	1	1	0
20446	68	1	1	0
20446	69	1	1	0
20446	82	1	1	0
20446	107	1	1	0
20446	111	1	1	0
20446	117	1	1	0
20446	124	1	1	0
20446	126	2	2	0
20446	129	2	2	0
20446	164	1	1	0
20446	202	2	2	0
20446	248	2	2	0
20446	265	2	2	0
20447	12	1	1	0
20447	13	1	1	0
20447	23	1	1	0
20447	208	1	1	0
20447	250	1	1	0
20448	44	1	1	0
20448	106	1	1	0
20448	150	1	1	0
20448	236	1	1	0
20449	145	8	8	0
20449	195	1	1	0
20449	197	1	1	0
20450	102	2	2	9401
20450	106	1	1	0
20450	139	2	2	0
20451	17	1	1	0
20451	47	4	4	0
1	0	0	0	3	0	0	29442460	0	0	29353496	0	/.env.local
1	0	0	0	1	0	0	29442458	0	0	29442458	0	/API/.env
1	0	0	0	1	0	0	29411345	0	0	29411345	0	/storage/logs/laravel.log
1	0	0	0	3	0	0	29449783	0	0	29442457	0	/sendgrid.env
1	0	0	0	1	0	0	29411345	0	0	29411345	0	/_debug
1	0	0	0	1	0	0	29411345	0	0	29411345	0	/api/v1/config
1	0	0	0	1	0	0	29442460	0	0	29442460	0	/current/phpinfo.php
1	0	0	0	1	0	0	29442458	0	0	29442458	0	/.docker/.env
1	0	0	0	1	0	0	29411345	0	0	29411345	0	/.env.prod.local
1	0	0	0	1	0	0	29442457	0	0	29442457	0	/laravel/.env.production
1	0	0	0	1	0	0	29442457	0	0	29442457	0	/cron/.env.local
1	0	0	0	1	0	0	29411345	0	0	29411345	0	/Dockerfile
1	0	0	0	1	0	0	29411345	0	0	29411345	0	/core/Datavase/.env
1	2	0	0	0	29351930	0	0	29351926	0	0	3336	/error/400.shtml
1	0	0	0	1	0	0	29442460	0	0	29442460	0	/help/info.php
1	0	0	0	1	0	0	29442460	0	0	29442460	0	/service/phpinfo.php
1	0	0	0	1	0	0	29442458	0	0	29442458	0	/crm/.env.local
1	0	0	0	2	0	0	29411345	0	0	29353496	0	/modules/.env
1	0	0	0	1	0	0	29442460	0	0	29442460	0	/linusadmin-phpinfo.php
1	0	0	0	1	0	0	29411345	0	0	29411345	0	/app/logs/prod.log
1	4	0	0	0	29351930	0	0	29351795	0	0	6807	/error/401.shtml
1	0	0	0	1	0	0	29353496	0	0	29353496	0	/core/.env.old
1	0	0	0	1	0	0	29442457	0	0	29442457	0	/project/settings/payment.py
1	0	0	0	1	0	0	29442459	0	0	29442459	0	/.env.development.local
1	0	0	0	1	0	0	29442457	0	0	29442457	0	/mailer/.env
1	0	0	0	1	0	0	29442457	0	0	29442457	0	/crm/.env
1	0	0	0	30	0	0	29446720	0	0	29351781	0	/.env
1	0	0	0	4	0	0	29352097	0	0	29351927	0	/%3FC%3DD%3BO%3DA
1	0	0	0	1	0	0	29387135	0	0	29387135	0	/.git/info/exclude
1	3	0	0	0	29351930	0	0	29351875	0	0	5029	/error/402.shtml
1	0	0	0	1	0	0	29353497	0	0	29353497	0	/frontend/.env.old
1	0	0	0	1	0	0	29442457	0	0	29442457	0	/config/webhook.php
1	0	0	0	1	0	0	29442458	0	0	29442458	0	/server/.env.staging
1	0	0	0	1	0	0	29416050	0	0	29416050	0	/_fragment?_path=what%3D-1%26_controller%3Dphpinfo&_hash=LVNSOHq/jNhZlEtjIi782tUkos/0gq2H6Yd/kR/qbNw%3D
1	0	0	0	1	0	0	29411345	0	0	29411345	0	/.api_keys
1	0	0	0	9	0	0	29392135	0	0	29352042	0	/js/lkk_ch.js
1	0	0	0	1	0	0	29353496	0	0	29353496	0	/backend/.env.old
1	0	0	0	1	0	0	29442459	0	0	29442459	0	/product/.env
1	0	0	0	1	0	0	29442457	0	0	29442457	0	/.env.test.local
1	0	0	0	1	0	0	29411345	0	0	29411345	0	/s3.yml
1	4	0	0	0	29351930	0	0	29351796	0	0	6714	/error/403.shtml
1	0	0	0	1	0	0	29411345	0	0	29411345	0	/api_keys.json
1	0	0	0	1	0	0	29353496	0	0	29353496	0	/src/.env.bak
1	0	0	0	1	0	0	29442460	0	0	29442460	0	/project/.env
1	0	0	0	1	0	0	29442457	0	0	29442457	0	/app/.env.production
1	0	0	0	1	0	0	29353496	0	0	29353496	0	/.env.template
1	0	0	0	1	0	0	29353496	0	0	29353496	0	/vendor/.env.bak
1	2	0	0	0	29351930	0	0	29351926	0	0	3364	/error/404.shtml
1	0	0	0	1	0	0	29442456	0	0	29442456	0	/app/settings_stripe.py
1	0	0	0	1	0	0	29411345	0	0	29411345	0	/info1.php
1	0	0	0	1	0	0	29442460	0	0	29442460	0	/backend/info.php
1	0	0	0	1	0	0	29442459	0	0	29442459	0	/stg/.env.local
1	0	0	0	1	0	0	29442459	0	0	29442459	0	/test/.env.production
1	0	0	0	11	0	0	29355136	0	0	29351781	0	/cgi-bin/
1	2	0	0	0	29351929	0	0	29351926	0	0	4028	/error/405.shtml
1	0	0	0	1	0	0	29353496	0	0	29353496	0	/themes/.env.bak
1	0	0	0	1	0	0	29411345	0	0	29411345	0	/keys.json
1	0	0	0	1	0	0	29442457	0	0	29442457	0	/website/.env
1	0	0	0	1	0	0	29442461	0	0	29442461	0	/backup/phpinfo.php
1	0	0	0	1	0	0	29442457	0	0	29442457	0	/development/.env.production
1	0	0	0	1	0	0	29442459	0	0	29442459	0	/qa/.env.staging
1	0	0	0	1	0	0	29442457	0	0	29442457	0	/functions/webhook.js
1	0	0	0	1	0	0	29442457	0	0	29442457	0	/.circleci/config.yml
1	2	0	0	0	29351930	0	0	29351926	0	0	4042	/error/406.shtml
1	0	0	0	1	0	0	29442460	0	0	29442460	0	/backup/.env.production
1	0	0	0	1	0	0	29442459	0	0	29442459	0	/usr/.env
1	0	0	0	1	0	0	29353496	0	0	29353496	0	/.env.swp
1	0	0	0	1	0	0	29382524	0	0	29382524	0	/.gitignore
1	0	0	0	1	0	0	29353496	0	0	29353496	0	/app/.env.bak
1	0	0	0	1	0	0	29442460	0	0	29442460	0	/marketing/.env.local
1	0	0	0	1	0	0	29411345	0	0	29411345	0	/oauth.json
1	10	10	0	0	29355136	0	0	29351815	0	0	59100	/error/
1	1	1	0	0	29376636	0	0	29376636	0	0	769	/de/?C=N;O=D
1	0	0	0	1	0	0	29411345	0	0	29411345	0	/Thumbs.db
1	0	0	0	1	0	0	29353496	0	0	29353496	0	/.env.tmp
1	0	0	0	1	0	0	29353496	0	0	29353496	0	/plugins/.env.old
1	0	0	0	1	0	0	29442458	0	0	29442458	0	/marketing/.env.production
1	3	0	0	0	29351929	0	0	29351875	0	0	6205	/error/407.shtml
1	0	0	0	1	0	0	29442457	0	0	29442457	0	/backup/.env.staging
1	0	0	0	1	0	0	29411345	0	0	29411345	0	/aws-config.json
1	0	0	0	1	0	0	29411345	0	0	29411345	0	/saas/.env
1	0	0	0	1	0	0	29353496	0	0	29353496	0	/assets/.env.old
1	0	0	0	1	0	0	29415694	0	0	29415694	0	/app_dev.php/_profiler/open?file=app/config/config.yml
1	0	0	0	1	0	0	29442460	0	0	29442460	0	/development/phpinfo.php
1	0	0	0	1	0	0	29442457	0	0	29442457	0	/cron/.env.staging
1	0	0	0	10	0	0	29439560	0	0	29351781	0	/@vite/env
1	0	0	0	1	0	0	29387135	0	0	29387135	0	/.git/logs/HEAD
1	0	0	0	1	0	0	29442457	0	0	29442457	0	/test/.env.local
1	0	0	0	1	0	0	29353496	0	0	29353496	0	/config/.env.local
1	0	0	0	1	0	0	29411345	0	0	29411345	0	/.s3cfg
1	0	0	0	1	0	0	29442456	0	0	29442456	0	/app/config/stripe.yml
1	3	0	0	0	29351929	0	0	29351875	0	0	6106	/error/408.shtml
1	0	0	0	1	0	0	29442457	0	0	29442457	0	/server/.env.production
1	0	0	0	1	0	0	29442457	0	0	29442457	0	/stg/.env.staging
1	0	0	0	1	0	0	29411345	0	0	29411345	0	/api/v2/config
1	0	0	0	1	0	0	29353496	0	0	29353496	0	/.env.orig
1	0	0	0	1	0	0	29411345	0	0	29411345	0	/administrator/.env
1	2	0	0	0	29351930	0	0	29351926	0	0	3968	/error/410.shtml
1	3	0	0	0	29351930	0	0	29351875	0	0	6098	/error/409.shtml
1	0	0	0	1	0	0	29442461	0	0	29442461	0	/crm/info.php
1	0	0	0	1	0	0	29353496	0	0	29353496	0	/core/.env.bak
1	0	0	0	1	0	0	29442458	0	0	29442458	0	/dev/.env.staging
1	0	0	0	1	0	0	29353496	0	0	29353496	0	/.env.secrets
1	0	0	0	1	0	0	29442459	0	0	29442459	0	/backup/.env
1	0	0	0	1	0	0	29411345	0	0	29411345	0	/1.php
1	2	0	0	0	29351930	0	0	29351926	0	0	4096	/error/411.shtml
1	0	0	0	1	0	0	29442458	0	0	29442458	0	/laravel/core/.env
1	0	0	0	1	0	0	29442460	0	0	29442460	0	/lms/.env
1	0	0	0	1	0	0	29353497	0	0	29353497	0	/frontend/.env.bak
1	0	0	0	1	0	0	29442460	0	0	29442460	0	/xampp/.env.staging
1	0	0	0	1	0	0	29442459	0	0	29442459	0	/media/.env
1	0	0	0	1	0	0	29442457	0	0	29442457	0	/config/stripe.yaml
1	0	0	0	1	0	0	29442459	0	0	29442459	0	/stg/.env
1	0	0	0	1	0	0	29442457	0	0	29442457	0	/.github/workflows/stripe.yml
1	0	0	0	1	0	0	29387135	0	0	29387135	0	/.git/ORIG_HEAD
1	0	0	0	1	0	0	29442460	0	0	29442460	0	/dev/.env.production
1	0	0	0	1	0	0	29353496	0	0	29353496	0	/backend/.env.bak
1	0	0	0	1	0	0	29353496	0	0	29353496	0	/config/.env.old
1	0	0	0	1	0	0	29442458	0	0	29442458	0	/old/.env.staging
1	2	2	0	0	29351930	0	0	29351927	0	0	11820	/error/?C=S;O=D
1	2	0	0	0	29351930	0	0	29351926	0	0	4094	/error/412.shtml
1	2	2	0	0	29351930	0	0	29351926	0	0	11820	/error/?C=S;O=A
1	0	0	0	1	0	0	29442457	0	0	29442457	0	/webhook/stripe.php
1	0	0	0	1	0	0	29442460	0	0	29442460	0	/lara/phpinfo.php
1	0	0	0	4	0	0	29439560	0	0	29351781	0	/webjars/swagger-ui/
1	0	0	0	1	0	0	29411345	0	0	29411345	0	/debug.log
1	2	0	0	0	29351930	0	0	29351926	0	0	4062	/error/413.shtml
1	0	0	0	2	0	0	29442460	0	0	29411345	0	/test.php
1	0	0	0	1	0	0	29442457	0	0	29442457	0	/.github/workflows/build.yml
1	0	0	0	1	0	0	29442457	0	0	29442457	0	/service/.env.local
1	0	0	0	2	0	0	29442460	0	0	29411345	0	/_profiler/phpinfo
1	0	0	0	1	0	0	29442460	0	0	29442460	0	/infos.php
1	2	0	0	0	29351930	0	0	29351926	0	0	4080	/error/500.shtml
1	0	0	0	1	0	0	29442460	0	0	29442460	0	/xampp/.env
1	0	0	0	1	0	0	29442461	0	0	29442461	0	/_environment
1	0	0	0	4	0	0	29439560	0	0	29351781	0	/server-status
1	2	0	0	0	29351930	0	0	29351926	0	0	4044	/error/414.shtml
1	0	0	0	1	0	0	29442458	0	0	29442458	0	/.env.production.local
1	0	0	0	3	0	0	29442458	0	0	29353496	0	/storage/.env
1	0	0	0	1	0	0	29442458	0	0	29442458	0	/website/.env.local
1	0	0	0	1	0	0	29442456	0	0	29442456	0	/app/config/payment.php
1	2	2	0	0	29351930	0	0	29351926	0	0	11820	/error/?C=N;O=D
1	0	0	0	1	0	0	29442461	0	0	29442461	0	/helper/info.php
1	0	0	0	1	0	0	29442458	0	0	29442458	0	/laravel/core/.env.local
1	2	2	0	0	29351930	0	0	29351927	0	0	11820	/error/?C=N;O=A
1	2	0	0	0	29351930	0	0	29351926	0	0	4050	/error/501.shtml
1	0	0	0	1	0	0	29411345	0	0	29411345	0	/docker-compose.yaml
1	0	0	0	1	0	0	29353496	0	0	29353496	0	/system/.env
1	2	0	0	0	29351929	0	0	29351926	0	0	4098	/error/415.shtml
1	0	0	0	5	0	0	29439561	0	0	29351781	0	/.DS_Store
1	0	0	0	1	0	0	29442456	0	0	29442456	0	/config/services.php
1	0	0	0	1	0	0	29442459	0	0	29442459	0	/client/.env.local
1	0	0	0	1	0	0	29442458	0	0	29442458	0	/.envrc
1	0	0	0	1	0	0	29442456	0	0	29442456	0	/config/settings/stripe.py
1	0	0	0	4	0	0	29439561	0	0	29351781	0	/telescope/requests
1	0	0	0	1	0	0	29442458	0	0	29442458	0	/current/.env.production
1	2	0	0	0	29351929	0	0	29351926	0	0	4062	/error/502.shtml
1	0	0	0	1	0	0	29353496	0	0	29353496	0	/plugins/.env.bak
1	0	0	0	1	0	0	29442456	0	0	29442456	0	/config/stripe.php
1	2	0	0	0	29351930	0	0	29351926	0	0	4134	/error/416.shtml
1	0	0	0	1	0	0	29411345	0	0	29411345	0	/azure.json
1	0	0	0	1	0	0	29442456	0	0	29442456	0	/settings_stripe.py
1	0	0	0	1	0	0	29353496	0	0	29353496	0	/api/.env.old
1	0	0	0	1	0	0	29353496	0	0	29353496	0	/assets/.env.bak
1	0	0	0	1	0	0	29442459	0	0	29442459	0	/portal/.env.staging
1	0	0	0	1	0	0	29442458	0	0	29442458	0	/shop/.env
1	2	0	0	0	29351929	0	0	29351926	0	0	4036	/error/503.shtml
1	0	0	0	2	0	0	29442459	0	0	29353496	0	/.env~
1	2	0	0	0	29351930	0	0	29351926	0	0	4058	/error/417.shtml
1	0	0	0	1	0	0	29442457	0	0	29442457	0	/market/.env
1	0	0	0	1	0	0	29442457	0	0	29442457	0	/backend/.env.staging
1	0	0	0	1	0	0	29411345	0	0	29411345	0	/core/app/.env
1	0	0	0	4	0	0	29439560	0	0	29351781	0	/debug/default/view?panel=config
1	0	0	0	1	0	0	29442458	0	0	29442458	0	/old/.env.production
1	0	0	0	1	0	0	29442457	0	0	29442457	0	/.envs
1	0	0	0	2	0	0	29442460	0	0	29411345	0	/phpinfo.php
1	2	0	0	0	29351929	0	0	29351926	0	0	4036	/error/504.shtml
1	0	0	0	1	0	0	29442459	0	0	29442459	0	/staging/.env.staging
1	0	0	0	3	0	0	29436834	0	0	29435884	0	/public/vendor/laravel-filemanager/js/script.js
1	0	0	0	1	0	0	29411345	0	0	29411345	0	/info3.php
1	0	0	0	2	0	0	29411345	0	0	29353496	0	/themes/.env
1	0	0	0	1	0	0	29442461	0	0	29442461	0	/api/info.php
1	0	0	0	1	0	0	29442458	0	0	29442458	0	/web/.env.staging
1	0	0	0	1	0	0	29442458	0	0	29442458	0	/crm/.env.production
1	0	0	0	2	0	0	29442458	0	0	29411345	0	/laravel/.env
1	0	0	0	1	0	0	29442457	0	0	29442457	0	/laravel/core/.env.production
1	0	0	0	1	0	0	29442456	0	0	29442456	0	/app/Services/StripeService.php
1	2	0	0	0	29351930	0	0	29351926	0	0	4098	/error/505.shtml
1	0	0	0	1	0	0	29442460	0	0	29442460	0	/xampp/.env.production
1	0	0	0	1	0	0	29411345	0	0	29411345	0	/kubernetes.yml
1	2	2	0	0	29351929	0	0	29351927	0	0	1594	/?C=M;O=D
1	0	0	0	1	0	0	29411345	0	0	29411345	0	/.aws/config
1	0	0	0	5	0	0	29447022	0	0	29437270	0	/robots.txt?149.57.180.11
1	2	2	0	0	29351929	0	0	29351926	0	0	1594	/?C=M;O=A
1	0	0	0	1	0	0	29442460	0	0	29442460	0	/help/phpinfo.php
1	0	0	0	2	0	0	29411345	0	0	29353496	0	/plugins/.env
1	2	2	0	0	29351930	0	0	29351927	0	0	11820	/error/?C=D;O=D
1	0	0	0	1	0	0	29370727	0	0	29370727	0	/favicon.ico?104.164.173.3
1	2	2	0	0	29351930	0	0	29351926	0	0	11820	/error/?C=D;O=A
1	2	0	0	0	29351930	0	0	29351926	0	0	4112	/error/506.shtml
1	0	0	0	1	0	0	29353496	0	0	29353496	0	/config/.env.bak
1	0	0	0	2	0	0	29442459	0	0	29411345	0	/client/.env
1	0	0	0	1	0	0	29411345	0	0	29411345	0	/lab/.env
1	0	0	0	3	0	0	29442458	0	0	29353496	0	/.env.production
1	0	0	0	4	0	0	29439560	0	0	29351781	0	/api/graphql
1	0	0	0	1	0	0	29442458	0	0	29442458	0	/back/.env
1	0	0	0	1	0	0	29351797	0	0	29351797	0	/ea
1	0	0	0	1	0	0	29442458	0	0	29442458	0	/current/.env.staging
1	0	0	0	1	0	0	29442459	0	0	29442459	0	/service/.env.production
1	2	0	0	0	29351930	0	0	29351926	0	0	4078	/error/507.shtml
1	0	0	0	4	0	0	29439560	0	0	29351781	0	/actuator/env
1	0	0	0	1	0	0	29411345	0	0	29411345	0	/backup.tar.gz
1	0	0	0	2	0	0	29411345	0	0	29353496	0	/.env.development
1	0	0	0	1	0	0	29411345	0	0	29411345	0	/tools/.env
1	2	0	0	0	29351930	0	0	29351926	0	0	4050	/error/422.shtml
1	0	0	0	1	0	0	29442459	0	0	29442459	0	/live/.env.local
1	0	0	0	1	0	0	29411345	0	0	29411345	0	/docker/.env
1	0	0	0	1	0	0	29442458	0	0	29442458	0	/web/.env.production
1	0	0	0	1	0	0	29418103	0	0	29418103	0	/.git/
1	0	0	0	1	0	0	29442457	0	0	29442457	0	/public/.env.staging
1	0	0	0	1	0	0	29411345	0	0	29411345	0	/logs/error.log
1	0	0	0	1	0	0	29442458	0	0	29442458	0	/backup/.env.local
1	0	0	0	1	0	0	29442457	0	0	29442457	0	/routes/webhook.js
1	0	0	0	1	0	0	29442459	0	0	29442459	0	/development/.env.local
1	0	0	0	1	0	0	29353496	0	0	29353496	0	/.env.yaml
1	2	0	0	0	29351929	0	0	29351926	0	0	3994	/error/423.shtml
1	0	0	0	1	0	0	29442460	0	0	29442460	0	/dev/phpinfo.php
1	0	0	0	1	0	0	29411345	0	0	29411345	0	/credentials.json
1	0	0	0	10	0	0	29439560	0	0	29351781	0	/.vscode/sftp.json
1	0	0	0	1	0	0	29442456	0	0	29442456	0	/modules/stripe.js
1	0	0	0	1	0	0	29442457	0	0	29442457	0	/live/.env.staging
1	0	0	0	1	0	0	29442460	0	0	29442460	0	/staging/.env.production
1	0	0	0	4	0	0	29439560	0	0	29351781	0	/graphql
1	2	0	0	0	29351929	0	0	29351926	0	0	4016	/error/510.shtml
1	0	0	0	1	0	0	29442458	0	0	29442458	0	/demo/.env.local
1	0	0	0	1	0	0	29442456	0	0	29442456	0	/controllers/stripeController.js
1	2	0	0	0	29351930	0	0	29351926	0	0	3574	/error/424.shtml
1	0	0	0	2	0	0	29442457	0	0	29353496	0	/app/.env.local
1	1	1	0	0	29362055	0	0	29362055	0	0	797	/?23.27.145.60
1	0	0	0	1	0	0	29363758	0	0	29363758	0	/.env?23.27.145.60
1	0	0	0	1	0	0	29411345	0	0	29411345	0	/3.php
1	0	0	0	4	0	0	29439560	0	0	29351781	0	/v3/api-docs
1	0	0	0	1	0	0	29442457	0	0	29442457	0	/APP/.env
1	0	0	0	1	0	0	29442457	0	0	29442457	0	/shop/.env.production
1	0	0	0	1	0	0	29436802	0	0	29436802	0	/tellter/doogle
1	0	0	0	1	0	0	29442460	0	0	29442460	0	/time.php
1	0	0	0	1	0	0	29442458	0	0	29442458	0	/marketing/.env.staging
1	0	0	4	0	0	29355136	0	0	29351815	0	0	/error
1	0	0	0	1	0	0	29353496	0	0	29353496	0	/modules/.env.local
1	0	0	0	1	0	0	29442460	0	0	29442460	0	/develop/info.php
1	0	0	0	2	0	0	29442460	0	0	29411345	0	/i.php
1	0	0	0	1	0	0	29411345	0	0	29411345	0	/var/log/apache2/error.log
1	0	0	0	1	0	0	29353496	0	0	29353496	0	/api/.env.bak
1	0	0	0	1	0	0	29442460	0	0	29442460	0	/development/.env.staging
1	0	0	0	1	0	0	29411345	0	0	29411345	0	/database.sql
1	0	0	0	1	0	0	29442459	0	0	29442459	0	/public_html/.env.local
1	0	0	0	1	0	0	29442456	0	0	29442456	0	/functions/payment.js
1	0	0	0	1	0	0	29442460	0	0	29442460	0	/service/.env
1	0	0	0	1	0	0	29353496	0	0	29353496	0	/system/.env.local
1	0	0	0	1	0	0	29442459	0	0	29442459	0	/new/.env.staging
1	0	0	0	1	0	0	29442459	0	0	29442459	0	/nodeapi/.env
1	0	0	0	2	0	0	29442459	0	0	29353496	0	/.env.prod
1	0	0	0	1	0	0	29442460	0	0	29442460	0	/helper/phpinfo.php
1	0	0	0	9	0	0	29392135	0	0	29352042	0	/js/twint_ch.js
1	0	0	0	3	0	0	29442459	0	0	29353496	0	/admin/.env
1	0	0	0	1	0	0	29442458	0	0	29442458	0	/services/.env.production
1	0	0	0	1	0	0	29442459	0	0	29442459	0	/portal/.env.production
1	0	0	0	1	0	0	29411345	0	0	29411345	0	/v1/.env
1	0	0	0	2	0	0	29411345	0	0	29353496	0	/includes/.env
1	0	0	0	1	0	0	29442456	0	0	29442456	0	/storage/app/keys/stripe.key
1	0	0	0	1	0	0	29442458	0	0	29442458	0	/staging/.env.local
1	0	0	0	3	0	0	29442458	0	0	29353496	0	/.env.backup
1	0	0	0	1	0	0	29353496	0	0	29353496	0	/plugins/.env.local
1	0	0	0	1	0	0	29442458	0	0	29442458	0	/qa/.env
1	0	0	0	1	0	0	29442461	0	0	29442461	0	/backup/info.php
1	0	0	0	4	0	0	29439560	0	0	29351781	0	/swagger-ui.html
1	4	4	0	0	29439561	0	0	29351781	0	0	1246	/?rest_route=/wp/v2/users/
1	0	0	0	1	0	0	29442458	0	0	29442458	0	/node/.env
1	0	0	0	1	0	0	29442461	0	0	29442461	0	/crm/phpinfo.php
1	0	0	0	1	0	0	29411345	0	0	29411345	0	/var/www/html/error_log
1	0	0	0	1	0	0	29442460	0	0	29442460	0	/service/.env.staging
1	0	0	0	4	0	0	29439560	0	0	29351781	0	/_all_dbs
1	0	0	0	1	0	0	29442459	0	0	29442459	0	/config.env
1	0	0	0	2	0	0	29442459	0	0	29411345	0	/server/.env
1	0	0	0	1	0	0	29442458	0	0	29442458	0	/.environment
1	0	0	0	1	0	0	29442460	0	0	29442460	0	/current/.env
1	0	0	1	77	0	29364594	29448513	0	29364594	29351787	0	/favicon.ico
1	0	0	0	1	0	0	29442456	0	0	29442456	0	/app/Http/Controllers/StripeController.php
1	0	0	0	1	0	0	29442457	0	0	29442457	0	/config/stripe.json
1	0	0	0	1	0	0	29442457	0	0	29442457	0	/admin/.env.staging
1	0	0	0	1	0	0	29411345	0	0	29411345	0	/k8s-config.yml
1	0	0	0	1	0	0	29442460	0	0	29442460	0	/laravel/phpinfo.php
1	0	0	0	3	0	0	29442457	0	0	29353496	0	/api/.env
1	0	0	0	1	0	0	29442457	0	0	29442457	0	/demo/.env.production
1	0	0	0	2	0	0	29442460	0	0	29411345	0	/php-info.php
1	0	0	0	3	0	0	29436834	0	0	29435884	0	/vendor/laravel-filemanager/js/script.js
1	0	0	0	1	0	0	29442458	0	0	29442458	0	/beta/.env.production
1	0	0	0	3	0	0	29442457	0	0	29353496	0	/backend/.env
1	2	2	0	0	29445652	0	0	29441341	0	0	0	/?149.57.180.11
1	0	0	0	2	0	0	29411345	0	0	29353496	0	/lib/.env
1	0	0	0	1	0	0	29353496	0	0	29353496	0	/vendor/.env.local
1	0	0	0	1	0	0	29411345	0	0	29411345	0	/site-backup.zip
1	0	0	0	1	0	0	29351788	0	0	29351788	0	/,kjflisdujtgiodjglwutkdujhfkgjkisehjtlkisui
1	0	0	0	1	0	0	29391159	0	0	29391159	0	/.git/config?61.8.128.147
1	0	0	0	1	0	0	29442460	0	0	29442460	0	/development/iinfo.php
1	3	3	0	0	29370798	0	0	29370632	0	0	18488	/fr/doogle/
1	0	0	0	4	0	0	29439560	0	0	29351781	0	/graphql/api
1	0	0	0	1	0	0	29411345	0	0	29411345	0	/var/log/nginx/error.log
1	0	0	0	1	0	0	29442458	0	0	29442458	0	/production/.env.local
1	0	0	0	1	0	0	29411345	0	0	29411345	0	/.docker/config.json
1	0	0	0	1	0	0	29353496	0	0	29353496	0	/includes/.env.old
1	0	0	0	1	0	0	29411345	0	0	29411345	0	/secrets.json
1	0	0	0	1	0	0	29442459	0	0	29442459	0	/test/.env
1	0	0	0	2	0	0	29442461	0	0	29411345	0	/php.php
1	0	0	0	2	0	0	29442459	0	0	29353496	0	/.env.dev
1	0	0	0	1	0	0	29411345	0	0	29411345	0	/aws.json
1	0	0	0	1	0	0	29442459	0	0	29442459	0	/services/.env
1	0	0	0	2	0	0	29411345	0	0	29353496	0	/assets/.env
1	0	0	0	1	0	0	29442460	0	0	29442460	0	/client/.env.staging
1	0	0	0	17	0	0	29435093	0	0	29369957	0	/robots.txt?61.8.128.147
1	0	0	0	1	0	0	29442458	0	0	29442458	0	/api/.env.production
1	0	0	0	1	0	0	29442460	0	0	29442460	0	/live/.env.production
1	0	0	0	1	0	0	29442458	0	0	29442458	0	/develop/.env.production
1	0	0	0	1	0	0	29411345	0	0	29411345	0	/php_error.log
1	0	0	0	1	0	0	29442460	0	0	29442460	0	/kyc/.env.production
1	0	0	0	1	0	0	29353496	0	0	29353496	0	/lib/.env.old
1	6	6	0	0	29422939	0	0	29366502	0	0	0	/?61.8.128.147
1	0	0	0	1	0	0	29353496	0	0	29353496	0	/lib/.env.local
1	0	0	0	1	0	0	29442458	0	0	29442458	0	/demo/.env.staging
1	0	0	0	1	0	0	29411345	0	0	29411345	0	/backup.zip
1	0	0	0	2	0	0	29442459	0	0	29353496	0	/.env.php
1	0	0	0	1	0	0	29442456	0	0	29442456	0	/storage/app/stripe.json
1	0	0	0	2	0	0	29442458	0	0	29353496	0	/application/.env
1	0	0	0	1	0	0	29418192	0	0	29418192	0	/.git/?104.164.173.3
1	0	0	0	2	0	0	29442459	0	0	29353496	0	/backend/.env.local
1	0	0	0	2	0	0	29442459	0	0	29353496	0	/storage/.env.local
1	0	0	0	1	0	0	29353496	0	0	29353496	0	/application/.env.local
1	0	0	0	1	0	0	29442457	0	0	29442457	0	/staging/.env
1	0	0	0	3	0	0	29436834	0	0	29435884	0	/public/_ignition/execute-solution
1	0	0	0	1	0	0	29411345	0	0	29411345	0	/secrets.yml
1	0	0	0	1	0	0	29442461	0	0	29442461	0	/old_phpinfo.php
1	0	0	0	1	0	0	29442457	0	0	29442457	0	/live/.env
1	0	0	0	1	0	0	29442458	0	0	29442458	0	/storage/.env.staging
1	0	0	0	2	0	0	29442460	0	0	29411345	0	/phpversion.php
1	0	0	0	1	0	0	29442457	0	0	29442457	0	/.github/workflows/deploy.yml
1	0	0	0	1	0	0	29351797	0	0	29351797	0	/a
1	0	0	0	1	0	0	29442458	0	0	29442458	0	/stg/.env.production
1	0	0	0	1	0	0	29442458	0	0	29442458	0	/storage/.env.production
1	0	0	0	1	0	0	29442457	0	0	29442457	0	/market/.env.production
1	0	0	0	1	0	0	29351787	0	0	29351787	0	/%C3%96LKKKZL-K%C3%96PG%C3%96XOKIGODI%C3%96ZPORDIZLOVICO)EUUZLOOIUDSJ:KIZSDZHLOG)JIDRFK%C3%96OLOTRDU%C3%96KIZIJERD:KLGLKJSDPGOIZKHGFD%C3%96LO)ZHUJHRE%C3%96LP=KUZHJER%C3%96)KUGDLKDIKUZ(%C3%96OL&%T(H/P=TRUIZ$WP%C3%9C=GUOLOZHER%C3%96%C3%84PLUZK%C3%96LROEKLZ/%C3%84P%C3%96D)ERJIK&FZHR%C3%9C*EZI
1	0	0	0	1	0	0	29442458	0	0	29442458	0	/website/.env.staging
1	0	0	0	1	0	0	29442460	0	0	29442460	0	/backend/.env.production
1	0	0	0	1	0	0	29411345	0	0	29411345	0	/serverinfo.php
1	0	0	0	1	0	0	29442460	0	0	29442460	0	/kyc/.env.staging
1	0	0	0	1	0	0	29353496	0	0	29353496	0	/.env.private
1	0	0	0	1	0	0	29353496	0	0	29353496	0	/core/.env.local
1	0	0	0	1	0	0	29411345	0	0	29411345	0	/p.php
1	0	0	0	1	0	0	29442458	0	0	29442458	0	/new/.env.production
1	0	0	0	3	0	0	29442458	0	0	29353496	0	/.env.test
1	0	0	0	2	0	0	29442458	0	0	29353496	0	/api/.env.local
1	0	0	0	1	0	0	29411345	0	0	29411345	0	/probe.php
1	0	0	0	1	0	0	29411345	0	0	29411345	0	/check.php
1	0	0	0	2	0	0	29352045	0	0	29351927	0	/cgi-bin/https:/fonts.googleapis.com/css2%3Ffamily%3DNabla%26family%3DNova+Square%26display%3Dswap
1	0	0	0	1	0	0	29387135	0	0	29387135	0	/.git/refs/remotes/origin/HEAD
1	0	0	0	1	0	0	29411345	0	0	29411345	0	/server.php
1	0	0	0	1	0	0	29442458	0	0	29442458	0	/old/.env
1	0	0	0	1	0	0	29442459	0	0	29442459	0	/public_html/.env.staging
1	0	0	0	3	0	0	29442460	0	0	29353496	0	/.env.save
1	0	0	0	3	0	0	29436834	0	0	29435884	0	/_ignition/execute-solution
1	0	0	0	1	0	0	29442460	0	0	29442460	0	/portal/.env
1	0	0	0	1	0	0	29442457	0	0	29442457	0	/develop/.env
1	0	0	0	2	0	0	29411345	0	0	29353496	0	/.env.old
1	0	0	0	1	0	0	29442460	0	0	29442460	0	/server/phpinfo.php
1	0	0	0	1	0	0	29411345	0	0	29411345	0	/.dockerenv
1	0	0	0	17	0	0	29435715	0	0	29366077	0	/robots.txt?104.164.173.3
1	0	0	0	1	0	0	29442460	0	0	29442460	0	/services/.env.staging
1	0	0	0	4	0	0	29439560	0	0	29351781	0	/swagger/v1/swagger.json
1	0	0	0	1	0	0	29411345	0	0	29411345	0	/docker-compose.override.yml
1	0	0	0	2	0	0	29411345	0	0	29353496	0	/core/.env
1	0	0	0	1	0	0	29411345	0	0	29411345	0	/psnlink/.env
1	0	0	0	6	0	0	29354246	0	0	29351781	0	/actutor/env
1	0	0	0	1	0	0	29353496	0	0	29353496	0	/includes/.env.bak
1	0	0	0	4	0	0	29439561	0	0	29351781	0	/config.json
1	0	0	0	1	0	0	29411345	0	0	29411345	0	/errors.log
1	0	0	0	4	0	0	29439560	0	0	29351781	0	/about
1	0	0	0	7	0	0	29442460	0	0	29351781	0	/info.php
1	0	0	0	1	0	0	29442460	0	0	29442460	0	/backend/phpinfo.php
1	0	0	0	1	0	0	29353496	0	0	29353496	0	/.env.json
1	0	0	0	11	0	0	29443567	0	0	29435425	0	/api/action
1	0	0	0	1	0	0	29411345	0	0	29411345	0	/en/.env
1	0	0	0	1	0	0	29442457	0	0	29442457	0	/.bitbucket/pipelines.yml
1	0	0	0	3	0	0	29442459	0	0	29353496	0	/.env.staging
1	0	0	3	0	0	29355136	0	0	29352063	0	0	/cgi-bin
1	0	0	0	1	0	0	29353496	0	0	29353496	0	/storage/.env.old
1	0	0	0	1	0	0	29442460	0	0	29442460	0	/laravel/.env.local
1	0	0	0	1	0	0	29442461	0	0	29442461	0	/pinfo.php
1	0	0	0	4	0	0	29439560	0	0	29351781	0	/ecp/Current/exporttool/microsoft.exchange.ediscovery.exporttool.application
1	0	0	0	1	0	0	29411345	0	0	29411345	0	/auth.json
1	0	0	0	1	0	0	29442456	0	0	29442456	0	/routes/payment.js
1	0	0	0	1	0	0	29353496	0	0	29353496	0	/lib/.env.bak
1	0	0	0	2	0	0	29442459	0	0	29353496	0	/.env.dist
1	0	0	0	1	0	0	29411345	0	0	29411345	0	/logs/application.log
1	0	0	0	1	0	0	29442457	0	0	29442457	0	/.env.sample.php
1	0	0	0	1	0	0	29442459	0	0	29442459	0	/product/.env.staging
1	0	0	0	4	0	0	29439560	0	0	29351781	0	/server
1	0	0	0	1	0	0	29442459	0	0	29442459	0	/user/.env
1	0	0	0	1	0	0	29442458	0	0	29442458	0	/web/.env.local
1	0	0	0	1	0	0	29442460	0	0	29442460	0	/client/.env.production
1	0	0	0	1	0	0	29411345	0	0	29411345	0	/.azure/credentials
1	0	0	0	1	0	0	29442460	0	0	29442460	0	/current/info.php
1	0	0	0	1	0	0	29442461	0	0	29442461	0	/develop/phpinfo.php
1	0	0	0	3	0	0	29442460	0	0	29411345	0	/phpinfo
1	0	0	0	1	0	0	29411345	0	0	29411345	0	/log/error.log
1	0	0	0	1	0	0	29442458	0	0	29442458	0	/website/.env.production
1	0	0	0	1	0	0	29442459	0	0	29442459	0	/xampp/.env.local
1	0	0	0	1	0	0	29353496	0	0	29353496	0	/admin/.env.old
1	0	0	0	1	0	0	29411345	0	0	29411345	0	/php_version.php
1	0	0	0	1	0	0	29353496	0	0	29353496	0	/.env.default
1	0	0	0	1	0	0	29442459	0	0	29442459	0	/public_html/.env
1	2	2	0	0	29351930	0	0	29351927	0	0	11820	/error/?C=M;O=D
1	0	0	0	1	0	0	29353496	0	0	29353496	0	/src/.env.local
1	0	0	0	1	0	0	29442457	0	0	29442457	0	/secrets/stripe.json
1	0	0	0	1	0	0	29442459	0	0	29442459	0	/project/.env.local
1	2	2	0	0	29351930	0	0	29351926	0	0	11820	/error/?C=M;O=A
1	0	0	0	1	0	0	29411345	0	0	29411345	0	/dump.sql
1	0	0	0	1	0	0	29442459	0	0	29442459	0	/api/.env.staging
1	0	0	0	1	0	0	29442457	0	0	29442457	0	/config/payment.yml
1	0	0	1	0	0	29448513	0	0	29448513	0	0	/doogle?149.57.180.11
1	0	0	0	1	0	0	29442458	0	0	29442458	0	/settings.py
1	0	0	0	1	0	0	29442459	0	0	29442459	0	/BACKEND/.env
1	0	0	0	1	0	0	29442460	0	0	29442460	0	/dashboard/phpinfo.php
1	0	0	0	1	0	0	29442460	0	0	29442460	0	/.gitlab-ci/.env
1	0	0	0	1	0	0	29442458	0	0	29442458	0	/marketing/.env
1	0	0	0	1	0	0	29442458	0	0	29442458	0	/FRONT/.env
1	0	0	0	1	0	0	29442459	0	0	29442459	0	/apis/.env.staging
1	0	0	0	1	0	0	29442457	0	0	29442457	0	/config/secrets.yml
1	0	0	0	1	0	0	29442459	0	0	29442459	0	/env.backup
1	0	0	0	1	0	0	29442457	0	0	29442457	0	/current/.env.local
1	0	0	0	1	0	0	29442459	0	0	29442459	0	/twitter/.env
1	10	10	0	0	29436803	0	0	29370631	0	0	77049	/de/doogle/
1	0	0	0	2	0	0	29445873	0	0	29440777	0	/pl/p/p1/index.php
1	0	0	0	3	0	0	29442459	0	0	29353496	0	/.env.bak
1	0	0	0	1	0	0	29442461	0	0	29442461	0	/xampp/phpinfo
1	0	0	0	1	0	0	29442460	0	0	29442460	0	/new/.env
1	0	0	1	128	0	29409299	29449671	0	29409299	29351925	0	/robots.txt
1	0	0	0	2	0	0	29411345	0	0	29353496	0	/.env.sample
1	0	0	0	3	0	0	29442458	0	0	29353497	0	/frontend/.env
1	0	0	0	3	0	0	29442457	0	0	29353496	0	/public/.env
1	0	0	0	3	0	0	29436834	0	0	29435884	0	/vendor/phpunit/phpunit/src/Util/PHP/eval-stdin.php
1	0	0	0	1	0	0	29442457	0	0	29442457	0	/instance/config.py
1	0	0	0	4	0	0	29439560	0	0	29351781	0	/v2/api-docs
1	10	10	0	0	29426869	0	0	29352042	0	0	4782	/?104.164.173.3
1	0	0	0	1	0	0	29411345	0	0	29411345	0	/gcp-credentials.json
1	0	0	0	1	0	0	29411345	0	0	29411345	0	/exapi/.env
1	0	0	0	4	0	0	29439560	0	0	29351781	0	/api/gql
1	0	0	0	1	0	0	29411345	0	0	29411345	0	/sitemaps/.env
1	0	0	0	1	0	0	29411345	0	0	29411345	0	/info2.php
1	0	0	0	1	0	0	29442457	0	0	29442457	0	/config/credentials.yml.enc
1	0	0	0	3	0	0	29409960	0	0	29360343	0	/.env?104.164.173.3
1	0	0	0	1	0	0	29442458	0	0	29442458	0	/dev/.env.local
1	0	0	0	1	0	0	29353496	0	0	29353496	0	/themes/.env.local
1	0	0	0	1	0	0	29442459	0	0	29442459	0	/develop/.env.staging
1	0	0	0	4	0	0	29439560	0	0	29351781	0	/swagger.json
1	0	0	0	4	0	0	29439560	0	0	29351781	0	/api-docs/swagger.json
1	0	0	0	1	0	0	29442458	0	0	29442458	0	/product/.env.production
1	0	0	0	1	0	0	29442459	0	0	29442459	0	/demo/.env
1	0	0	0	1	0	0	29411345	0	0	29411345	0	/.gcloud/credentials
1	0	0	0	1	0	0	29353496	0	0	29353496	0	/storage/.env.bak
1	0	0	0	4	0	0	29439561	0	0	29351781	0	/s/1333e26373e2231313e24373/_/
1	0	0	0	1	0	0	29442459	0	0	29442459	0	/admin/.env.production
1	0	0	0	1	0	0	29353496	0	0	29353496	0	/.env.config
1	0	0	0	1	0	0	29442457	0	0	29442457	0	/internal/stripe/keys.go
1	0	0	0	1	0	0	29411345	0	0	29411345	0	/.env.remote
1	1	1	0	0	29376636	0	0	29376636	0	0	769	/de/
1	0	0	0	1	0	0	29442459	0	0	29442459	0	/server/.env.local
1	0	0	0	1	0	0	29442458	0	0	29442458	0	/public_html/.env.production
1	0	0	0	1	0	0	29442460	0	0	29442460	0	/lara/info.php
1	0	0	0	1	0	0	29442459	0	0	29442459	0	/.env.stage
1	0	0	0	1	0	0	29442458	0	0	29442458	0	/apis/.env.production
1	0	0	0	1	0	0	29442458	0	0	29442458	0	/develop/.env.local
1	0	0	0	1	0	0	29411345	0	0	29411345	0	/docker-compose.yml
1	0	0	0	1	0	0	29411345	0	0	29411345	0	/app/logs/dev.log
1	0	0	0	1	0	0	29353496	0	0	29353496	0	/public/.env.old
1	0	0	0	1	0	0	29411345	0	0	29411345	0	/.dockerignore
1	0	0	0	2	0	0	29442459	0	0	29353496	0	/public/.env.local
1	0	0	0	1	0	0	29411345	0	0	29411345	0	/v2/.env
1	0	0	0	1	0	0	29442458	0	0	29442458	0	/project/.env.staging
1	0	0	0	4	0	0	29352097	0	0	29351927	0	/%3FC%3DM%3BO%3DA
1	0	0	0	1	0	0	29353496	0	0	29353496	0	/.env.yml
1	4	0	0	0	29409299	0	0	29364594	0	0	30584	/cgi-sys/suspendedpage.cgi
1	0	0	0	1	0	0	29442459	0	0	29442459	0	/beta/.env
1	0	0	0	1	0	0	29411345	0	0	29411345	0	/info_php.php
1	0	0	0	1	0	0	29442459	0	0	29442459	0	/front/.env
1	0	0	0	1	0	0	29353496	0	0	29353496	0	/admin/.env.bak
1	0	0	0	1	0	0	29442457	0	0	29442457	0	/beta/.env.local
1	0	0	0	1	0	0	29411345	0	0	29411345	0	/php_info.php
1	0	0	0	4	0	0	29439560	0	0	29351781	0	/api/swagger.json
1	0	0	0	1	0	0	29442460	0	0	29442460	0	/services/info.php
1	0	0	0	1	0	0	29442458	0	0	29442458	0	/user/.env.staging
1	0	0	0	1	0	0	29353496	0	0	29353496	0	/application/.env.old
1	0	0	0	1	0	0	29442459	0	0	29442459	0	/production/.env
1	0	0	0	2	0	0	29411345	0	0	29353496	0	/vendor/.env
1	0	0	0	1	0	0	29411345	0	0	29411345	0	/database/.env
1	0	0	0	1	0	0	29442457	0	0	29442457	0	/webhooks/settings.json
1	0	0	0	1	0	0	29442457	0	0	29442457	0	/portal/.env.local
1	0	0	0	1	0	0	29411345	0	0	29411345	0	/2.php
1	0	0	0	3	0	0	29442458	0	0	29353496	0	/app/.env
1	0	0	0	1	0	0	29411345	0	0	29411345	0	/.secrets
1	0	0	0	1	0	0	29442459	0	0	29442459	0	/apis/.env.local
1	0	0	0	1	0	0	29353496	0	0	29353496	0	/modules/.env.old
1	0	0	0	1	0	0	29442459	0	0	29442459	0	/crm/.env.staging
1	0	0	0	1	0	0	29442457	0	0	29442457	0	/prod/.env.staging
1	0	0	0	1	0	0	29411345	0	0	29411345	0	/site/.env
1	0	0	0	1	0	0	29442457	0	0	29442457	0	/nodeweb/.env
1	0	0	10	0	0	29426869	0	0	29362656	0	0	/doogle
1	0	0	0	1	0	0	29442459	0	0	29442459	0	/product/.env.local
1	0	0	0	1	0	0	29442461	0	0	29442461	0	/xampp/phpinfo.php
1	0	0	0	1	0	0	29442458	0	0	29442458	0	/user/.env.local
1	0	0	0	9	0	0	29392135	0	0	29352042	0	/css/support_parent.css
1	0	0	0	1	0	0	29442457	0	0	29442457	0	/api/webhook.js
1	0	0	0	1	0	0	29442459	0	0	29442459	0	/public/.env.production
1	0	0	0	1	0	0	29442457	0	0	29442457	0	/test/.env.staging
1	0	0	0	1	0	0	29411345	0	0	29411345	0	/uploads/.env
1	0	0	0	4	0	0	29439560	0	0	29351781	0	/swagger/swagger-ui.html
1	0	0	0	1	0	0	29442456	0	0	29442456	0	/bootstrap/cache/config.php
1	0	0	0	4	0	0	29439560	0	0	29351781	0	/api
1	0	0	0	1	0	0	29442459	0	0	29442459	0	/app/.env.staging
1	0	0	0	1	0	0	29411345	0	0	29411345	0	/config.zip
1	0	0	0	2	0	0	29442460	0	0	29411345	0	/infophp.php
1	0	0	0	1	0	0	29411345	0	0	29411345	0	/tokens.json
1	0	0	0	2	0	0	29411345	0	0	29353496	0	/src/.env
1	0	0	0	2	0	0	29442457	0	0	29411345	0	/web/.env
1	0	0	0	1	0	0	29442460	0	0	29442460	0	/services/phpinfo.php
1	0	0	0	1	0	0	29442460	0	0	29442460	0	/temp.php
1	0	0	0	1	0	0	29442456	0	0	29442456	0	/utils/stripe.js
1	0	0	0	1	0	0	29442459	0	0	29442459	0	/laravel/core/.env.staging
1	0	0	0	1	0	0	29411345	0	0	29411345	0	/pi.php
1	0	0	0	1	0	0	29442459	0	0	29442459	0	/beta/.env.staging
1	0	0	0	3	0	0	29352097	0	0	29351927	0	/https:/fonts.googleapis.com/css2%3Ffamily%3DNabla%26family%3DNova+Square%26display%3Dswap
1	0	0	0	1	0	0	29442461	0	0	29442461	0	/api/phpinfo.php
1	0	0	0	1	0	0	29442460	0	0	29442460	0	/webroot/index.php/_environment
1	0	0	1	0	0	29376634	0	0	29376634	0	0	/doogle?61.8.128.147
1	0	0	0	1	0	0	29442460	0	0	29442460	0	/dev/info.php
1	0	0	0	1	0	0	29442459	0	0	29442459	0	/old/.env.local
1	0	0	0	1	0	0	29411345	0	0	29411345	0	/error.log
1	0	0	0	1	0	0	29353496	0	0	29353496	0	/public/.env.bak
1	0	0	0	1	0	0	29387135	0	0	29387135	0	/.git/index
1	0	0	0	1	0	0	29442457	0	0	29442457	0	/.vscode/.env
1	0	0	0	1	0	0	29353496	0	0	29353496	0	/system/.env.old
1	0	0	0	1	0	0	29442459	0	0	29442459	0	/prod/.env.production
1	2	2	0	0	29351929	0	0	29351926	0	0	1594	/?C=S;O=D
1	2	2	0	0	29351929	0	0	29351926	0	0	1594	/?C=S;O=A
1	18	18	0	0	29448513	0	0	29362656	0	0	82001	/doogle/
1	0	0	0	4	0	0	29352097	0	0	29351927	0	/%3FC%3DS%3BO%3DA
1	0	0	0	1	0	0	29442459	0	0	29442459	0	/market/.env.staging
1	0	0	0	1	0	0	29442461	0	0	29442461	0	/laravel/info.php
1	0	0	0	1	0	0	29353497	0	0	29353497	0	/frontend/.env.local
1	0	0	0	1	0	0	29442458	0	0	29442458	0	/kyc/.env
1	0	0	0	11	0	0	29443567	0	0	29435425	0	/apps
1	0	0	0	1	0	0	29442456	0	0	29442456	0	/routes/stripe.js
1	0	0	0	1	0	0	29411345	0	0	29411345	0	/db_backup.sql
1	0	0	0	4	0	0	29439560	0	0	29351781	0	/swagger/
1	0	0	0	1	0	0	29442459	0	0	29442459	0	/apis/.env
1	0	0	0	1	0	0	29411345	0	0	29411345	0	/app/etc/env.php
1	0	0	0	1	0	0	29442458	0	0	29442458	0	/qa/.env.local
1	0	0	0	1	0	0	29353496	0	0	29353496	0	/application/.env.bak
1	0	0	0	1	0	0	29411345	0	0	29411345	0	/.aws/credentials
1	0	0	0	1	0	0	29411345	0	0	29411345	0	/configuration.php
1	0	0	0	1	0	0	29442458	0	0	29442458	0	/qa/.env.production
1	2	2	0	0	29351929	0	0	29351926	0	0	1594	/?C=N;O=D
1	0	0	0	49	0	0	29446360	0	0	29351781	0	/.git/config
1	0	0	0	1	0	0	29411345	0	0	29411345	0	/.env.2
1	0	0	0	1	0	0	29411345	0	0	29411345	0	/.env.1
1	2	2	0	0	29351929	0	0	29351926	0	0	1594	/?C=N;O=A
1	0	0	0	1	0	0	29353496	0	0	29353496	0	/modules/.env.bak
1	0	0	0	1	0	0	29411345	0	0	29411345	0	/t.php
1	0	0	0	1	0	0	29442458	0	0	29442458	0	/new/.env.local
1	0	0	0	1	0	0	29442459	0	0	29442459	0	/prod/.env.local
1	0	0	0	1	0	0	29442458	0	0	29442458	0	/market/.env.local
1	0	0	0	1	0	0	29411345	0	0	29411345	0	/security.txt
1	0	0	0	1	0	0	29411345	0	0	29411345	0	/phptest.php
1	0	0	0	11	0	0	29443567	0	0	29435425	0	/api/actions
1	0	0	0	4	0	0	29439560	0	0	29351781	0	/v2/_catalog
1	0	0	0	1	0	0	29353496	0	0	29353496	0	/.env.example
1	0	0	0	1	0	0	29442458	0	0	29442458	0	/production/.env.staging
1	0	0	0	11	0	0	29443567	0	0	29435425	0	/_next/data
1	0	0	0	1	0	0	29442457	0	0	29442457	0	/kyc/.env.local
1	0	0	0	1	0	0	29411345	0	0	29411345	0	/apikeys.json
1	0	0	0	1	0	0	29442459	0	0	29442459	0	/FRONTEND/.env
1	0	0	0	4	0	0	29352097	0	0	29351927	0	/%3FC%3DN%3BO%3DD
1	0	0	0	1	0	0	29442457	0	0	29442457	0	/.gitlab-ci.yml
1	0	0	0	2	0	0	29442458	0	0	29411345	0	/cron/.env
1	0	0	0	1	0	0	29411345	0	0	29411345	0	/api/config
1	0	0	0	1	0	0	29442457	0	0	29442457	0	/.github/stripe.env
1	0	0	0	1	0	0	29442459	0	0	29442459	0	/.docker/laravel/app/.env
1	0	0	0	1	0	0	29442456	0	0	29442456	0	/stripe/index.js
1	0	0	0	2	0	0	29411345	0	0	29355136	0	/.well-known/security.txt
1	0	0	0	1	0	0	29411345	0	0	29411345	0	/debug.php
1	0	0	0	1	0	0	29411345	0	0	29411345	0	/diagnostic.php
1	0	0	0	1	0	0	29442459	0	0	29442459	0	/properties.ini
1	0	0	0	1	0	0	29442457	0	0	29442457	0	/production/.env.production
1	0	0	0	1	0	0	29442458	0	0	29442458	0	/laravel/.env.staging
1	0	0	0	1	0	0	29442457	0	0	29442457	0	/BACK/.env
1	0	0	0	1	0	0	29442458	0	0	29442458	0	/project/.env.production
1	1	1	0	0	29370632	0	0	29370632	0	0	8870	/es/doogle/
1	0	0	0	2	0	0	29442461	0	0	29442460	0	/xampp/info.php
1	0	0	0	1	0	0	29353496	0	0	29353496	0	/includes/.env.local
1	0	0	0	1	0	0	29442456	0	0	29442456	0	/functions/stripe.js
1	0	0	0	1	0	0	29353496	0	0	29353496	0	/assets/.env.local
1	0	0	0	1	0	0	29411345	0	0	29411345	0	/sites/default/settings.php
1	2	2	0	0	29351930	0	0	29351926	0	0	1594	/?C=D;O=D
1	0	0	0	1	0	0	29442460	0	0	29442460	0	/php.ini
1	0	0	0	4	0	0	29439560	0	0	29351781	0	/login.action
1	0	0	0	1	0	0	29353496	0	0	29353496	0	/src/.env.old
1	2	2	0	0	29351929	0	0	29351926	0	0	1594	/?C=D;O=A
1	0	0	0	1	0	0	29353496	0	0	29353496	0	/system/.env.bak
1	0	0	0	1	0	0	29442459	0	0	29442459	0	/cron/.env.production
1	0	0	0	1	0	0	29442458	0	0	29442458	0	/services/.env.local
1	0	0	0	1	0	0	29442458	0	0	29442458	0	/.env.docker.dev
1	0	0	0	1	0	0	29353496	0	0	29353496	0	/vendor/.env.old
1	0	0	0	1	0	0	29442459	0	0	29442459	0	/development/.env
1	299	299	1	5	29449675	29408812	29446821	29351781	29408812	29351855	71135	/
1	0	0	0	1	0	0	29387135	0	0	29387135	0	/.git/objects/info/packs
1	0	0	0	1	0	0	29411345	0	0	29411345	0	/testphp.php
1	0	0	0	1	0	0	29411345	0	0	29411345	0	/kubernetes/.env
1	0	0	0	1	0	0	29442457	0	0	29442457	0	/config/initializers/stripe.rb
1	0	0	0	1	0	0	29411345	0	0	29411345	0	/backup.sql
1	0	0	0	1	0	0	29387135	0	0	29387135	0	/.git/HEAD
1	0	0	0	1	0	0	29442459	0	0	29442459	0	/shop/.env.staging
1	0	0	0	2	0	0	29442458	0	0	29411345	0	/apps/.env
1	0	0	0	2	0	0	29442460	0	0	29353496	0	/admin/.env.local
1	0	0	0	1	0	0	29442457	0	0	29442457	0	/core/payment.py
1	0	0	0	3	0	0	29442459	0	0	29353496	0	/config/.env
1	0	0	0	1	0	0	29442457	0	0	29442457	0	/shop/.env.local
1	0	0	0	1	0	0	29353496	0	0	29353496	0	/themes/.env.old
1	0	0	0	1	0	0	29442460	0	0	29442460	0	/server/info.php
1	0	0	0	1	0	0	29411345	0	0	29411345	0	/.env.dev.local
1	0	0	0	1	0	0	29442460	0	0	29442460	0	/prod/.env
1	0	0	0	1	0	0	29353496	0	0	29353496	0	/app/.env.old
1	0	0	0	1	0	0	29411345	0	0	29411345	0	/cronlab/.env
1	0	0	0	1	0	0	29442777	0	0	29442777	0	/.git/config?149.57.180.11
1	0	0	0	1	0	0	29442458	0	0	29442458	0	/dev/.env
1	0	0	0	1	0	0	29411345	0	0	29411345	0	/app/etc/local.xml
1	2	2	0	0	29448513	0	0	29370631	0	0	15956	/en/doogle/
3	8	8	0	5	29448513	0	29376634	29370631	0	29362656	59344	https://datenschutz.magentaweb.org/doogle/
3	0	0	0	24	0	0	29445343	0	0	29351793	0	https://datenschutz.magentaweb.org/
3	0	0	0	1	0	0	29351875	0	0	29351875	0	https://www.datenschutz.magentaweb.org/error/402.shtml
3	0	0	0	1	0	0	29351875	0	0	29351875	0	https://www.datenschutz.magentaweb.org/error/409.shtml
3	0	0	0	1	0	0	29351875	0	0	29351875	0	https://www.datenschutz.magentaweb.org/error/407.shtml
3	0	0	0	3	0	0	29403516	0	0	29370727	0	https://datenschutz.magentaweb.org/de/doogle/
3	0	0	0	2	0	0	29355136	0	0	29352063	0	https://datenschutz.magentaweb.org/cgi-bin
3	0	0	0	1	0	0	29351875	0	0	29351875	0	https://www.datenschutz.magentaweb.org/error/403.shtml
3	1	1	0	0	29376636	0	0	29376636	0	0	769	https://datenschutz.magentaweb.org/de/
3	0	0	0	1	0	0	29351875	0	0	29351875	0	https://www.datenschutz.magentaweb.org/error/401.shtml
3	0	0	0	1	0	0	29351787	0	0	29351787	0	https://datenschutz.magentaweb.org/%C3%96LKKKZL-K%C3%96PG%C3%96XOKIGODI%C3%96ZPORDIZLOVICO)EUUZLOOIUDSJ:KIZSDZHLOG)JIDRFK%C3%96OLOTRDU%C3%96KIZIJERD:KLGLKJSDPGOIZKHGFD%C3%96LO)ZHUJHRE%C3%96LP=KUZHJER%C3%96)KUGDLKDIKUZ(%C3%96OL&%T(H/P=TRUIZ$WP%C3%9C=GUOLOZHER%C3%96%C3%84PLUZK%C3%96LROEKLZ/%C3%84P%C3%96D)ERJIK&FZHR%C3%9C*EZI
3	0	0	0	1	0	0	29351815	0	0	29351815	0	https://www.datenschutz.magentaweb.org/error/
3	1	0	0	16	29408812	0	29445652	29408812	0	29351793	7646	https://www.datenschutz.magentaweb.org/
3	1	0	1	0	29364594	29364594	0	29364594	29364594	0	7646	https://datenschutz.magentaweb.org/cgi-sys/suspendedpage.cgi
3	0	0	0	1	0	0	29351875	0	0	29351875	0	https://www.datenschutz.magentaweb.org/error/408.shtml
3	1	1	0	0	29352067	0	0	29352067	0	0	5910	https://www.datenschutz.magentaweb.org/error
3	0	0	0	1	0	0	29352067	0	0	29352067	0	https://www.datenschutz.magentaweb.org/cgi-bin
3	0	0	0	1	0	0	29351875	0	0	29351875	0	https://www.datenschutz.magentaweb.org/error/406.shtml
3	0	0	0	1	0	0	29448513	0	0	29448513	0	https://datenschutz.magentaweb.org/en/doogle/
3	1	0	0	0	29409299	0	0	29409299	0	0	7646	https://www.datenschutz.magentaweb.org/robots.txt
3	2	2	0	0	29355136	0	0	29352063	0	0	11820	https://datenschutz.magentaweb.org/error
4	0	0	0	1	0	0	29385942	0	0	29385942	0	Mozilla/5.0 (Macintosh; Intel Mac OS X 15_3_2) AppleWebKit/605.1.15 (KHTML, like Gecko) Version/18.3 Safari/605.1.15
4	1	1	0	0	29441888	0	0	29441888	0	0	0	Mozilla/5.0 (X11; Linux x86_64) AppleWebKit/534.24 (KHTML, like Gecko) Ubuntu/10.10 Chromium/12.0.703.0 Chrome/12.0.703.0 Safari/534.24
4	0	0	0	2	0	0	29352893	0	0	29352893	0	Mozilla/5.0 (Windows NT 10.0; Win64; x64) AppleWebKit/537.36 (KHTML, like Gecko) Chrome/141 Safari/537.36
4	1	1	0	0	29372208	0	0	29372208	0	0	0	Mozilla/5.0 (Windows NT 10.0; Win64; x64) AppleWebKit/537.36 (KHTML, like Gecko) Chrome/124.0.0.0 Safari/537.36, Mozilla/5.0 (Macintosh; Intel Mac OS X 10_15_7) AppleWebKit/537.36 (KHTML, like Gecko) Chrome/124.0.0.0 Safari/537.36
4	1	1	0	0	29448532	0	0	29448532	0	0	0	Mozilla/5.0 (iPhone; CPU iPhone OS 13_2_3 like Mac OS X) AppleWebKit/605.1.15 (KHTML, like Gecko) Version/13.0.3 Mobile/15E148 Safari/604.1
4	1	1	0	0	29440378	0	0	29440378	0	0	0	Mozilla/5.0 (Windows NT 10.0; Win64; x64) AppleWebKit/537.36 (KHTML, like Gecko) Chrome/130.0.0.0 Safari/537.36 Edg/130.0.0.0
4	0	0	0	1	0	0	29356749	0	0	29356749	0	Mozilla/5.0 (Macintosh; Intel Mac OS X 10_14_4) AppleWebKit/537.36 (KHTML, like Gecko) Chrome/74.0.3729.169 YaBrowser/19.6.0.1583 Yowser/2.5 Safari/537.36
4	1	1	0	0	29412678	0	0	29412678	0	0	0	Mozilla/5.0 (X11; Linux x86_64) AppleWebKit/537.36 (KHTML, like Gecko) Chrome/71.0.3578.98 Safari/537.36
4	1	1	0	0	29386585	0	0	29386585	0	0	0	Mozilla/5.0 (Windows NT 6.1; Win64; x64) AppleWebKit/537.36 (KHTML, like Gecko) Chrome/70.0.3538.77 Safari/537.36
4	1	1	0	0	29370872	0	0	29370872	0	0	0	Mozilla/5.0 (Windows NT 10.0; Win64; x64; rv:121.0) Gecko/20100101 Firefox/121.0
4	0	0	0	1	0	0	29442267	0	0	29442267	0	Mozilla/5.0 (Linux; Android 9; VTR-AL00 Build/HUAWEIVTR-AL00; wv) AppleWebKit/537.36 (KHTML, like Gecko) Version/4.0 Chrome/66.0.3359.126 MQQBrowser/6.2 TBS/044807 Mobile Safari/537.36 MMWEBID/6475 MicroMessenger/7.0.6.1460(0x27000634) Process/tools NetType/4G Language/zh_CN
4	3	3	0	2	29436803	0	29436802	29436802	0	29436802	8561	Mozilla/5.0 (Macintosh; Intel Mac OS X 10_15_7) AppleWebKit/605.1.15 (KHTML, like Gecko) Version/26.1 Safari/605.1.15
4	1	1	0	0	29448697	0	0	29448697	0	0	0	Mozilla/5.0 (Windows NT 10.0; Win64; x64) AppleWebKit/537.36 (KHTML, like Gecko) Chrome/121.0.0.0 Safari/537.36
4	4	4	0	0	29441623	0	0	29351981	0	0	1594	Mozilla/5.0 (Macintosh; Intel Mac OS X 10_15_7) AppleWebKit/537.36 (KHTML, like Gecko) Chrome/116.0.0.0 Safari/537.36
4	102	42	0	2	29377966	0	29351929	29351925	0	29351926	238444	Mozilla/5.0 AppleWebKit/537.36 (KHTML, like Gecko; compatible; GPTBot/1.2; +https://openai.com/gptbot)
4	1	1	0	0	29441341	0	0	29441341	0	0	0	Python/3.10 aiohttp/3.13.2
4	2	2	0	0	29386269	0	0	29386219	0	0	0	Python/3.10 aiohttp/3.13.1
4	1	1	0	1	29445652	0	29445652	29445652	0	29445652	0	Mozilla/5.0 (X11; Linux x86_64; rv:142.0) Gecko/20100101 Firefox/142.0
4	1	1	0	0	29386674	0	0	29386674	0	0	0	Mozilla/5.0 (X11; Linux x86_64) AppleWebKit/537.36 (KHTML, like Gecko) Chrome/75.0.3770.142 Safari/537.36
4	2	2	0	2	29353586	0	29353586	29353586	0	29353586	1594	Mozilla/5.0 (Windows NT 10.0; Win64; x64) AppleWebKit/537.36 (KHTML, like Gecko) Chrome/137.0.0.0 Safari/537.36
4	4	4	0	98	29439561	0	29439561	29439560	0	29351781	0	Mozilla/5.0 (l9scan/2.0.1333e26373e2231313e24373; +https://leakix.net)
4	1	1	0	0	29435796	0	0	29435796	0	0	0	Scrapy/2.13.4 (+https://scrapy.org)
4	0	0	0	1	0	0	29440802	0	0	29440802	0	Mozilla/5.0 (Ubuntu; Linux x86_64) AppleWebKit/537.36 (KHTML, like Gecko) Chrome/137.0.0.0 Safari/537.36
4	3	1	1	6	29367018	29367018	29367018	29351795	29367018	29351787	11950	Mozilla/5.0 (Windows NT 10.0; Win64; x64) AppleWebKit/537.36 (KHTML, like Gecko) Chrome/138.0.0.0 Safari/537.36 OPR/122.0.0.0
4	1	1	0	0	29355527	0	0	29355527	0	0	797	NokiaN73-1/3.0649.0.0.1 Series60/3.0 Profile/MIDP2.0 Configuration/CLDC-1.1
4	1	1	0	0	29442863	0	0	29442863	0	0	0	Mozilla/5.0 (compatible; VertexWP/1.0; +https://vertexwp.com/bot)
4	1	1	0	0	29449675	0	0	29449675	0	0	0	Mozilla/5.0 (Windows NT 10.0; Win64; x64) AppleWebKit/537.36 (KHTML, like Gecko) Chrome/120.0.0.0 Safari/537.36
4	1	1	0	0	29372341	0	0	29372341	0	0	0	Mozilla/5.0 (Windows NT 10.0; Win64; x64) AppleWebKit/537.36 (KHTML, like Gecko) Chrome/119.0.0.0 Safari/537.36
4	12	12	0	0	29447287	0	0	29425923	0	0	0	Mozilla/5.0 (Windows NT 10.0; Win64; x64) AppleWebKit/537.36
4	0	0	0	1	0	0	29406667	0	0	29406667	0	Mozilla/5.0 (X11; Linux x86_64) AppleWebKit/537.36 (KHTML, like Gecko) Chrome/69.0.3497.92 Safari/537.36
4	0	0	0	1	0	0	29395378	0	0	29395378	0	Mozilla/5.0 (Macintosh; Intel Mac OS X 10_9_2) AppleWebKit/537.36 (KHTML, like Gecko) Chrome/66.0.3359.181 Safari/537.36
4	0	0	0	1	0	0	29353202	0	0	29353202	0	Mozilla/5.0 (X11; Ubuntu; Linux x86_64; rv:20.0) Gecko/20100101 Firefox/20.0
4	0	0	0	2	0	0	29351855	0	0	29351855	0	Mozilla/5.0 (X11; Linux x86_64) AppleWebKit/537.36 (KHTML, like Gecko) Chrome/137.0.0.0 Safari/537.36
4	11	5	1	12	29351875	29351815	29351875	29351797	29351815	29351797	20460	Mozilla/5.0 (iPhone; CPU iPhone OS 18_5 like Mac OS X) AppleWebKit/605.1.15 (KHTML, like Gecko) CriOS/138.0.7204.156 Mobile/15E148 Safari/604.1
4	4	3	1	0	29411889	29408812	0	29353356	29408812	0	9240	Mozilla/5.0 (compatible; InternetMeasurement/1.0; +https://internet-measurement.com/)
4	0	0	0	4	0	0	29420952	0	0	29418103	0	Mozilla/5.0 (X11; Linux x86_64)
4	0	0	0	1	0	0	29353612	0	0	29353612	0	Mozilla/5.0 (Windows NT 6.3; Win64; x64) AppleWebKit/537.36 (KHTML, like Gecko) Chrome/75.0.3770.142 Safari/537.36
4	3	3	0	0	29449675	0	0	29449675	0	0	0	Mozilla/5.0 (X11; Linux x86_64) AppleWebKit/537.36 (KHTML, like Gecko) Chrome/120.0.0.0 Safari/537.36
4	1	1	0	0	29351994	0	0	29351994	0	0	797	Mozilla/5.0 (X11; Linux x86_64) AppleWebKit/537.36 (KHTML, like Gecko) Chrome/119.0.0.0 Safari/537.36
4	0	0	0	1	0	0	29396109	0	0	29396109	0	Mozilla/5.0 (Windows NT 10.0; Win64; x64) AppleWebKit/537.36 (KHTML, like Gecko) Chrome/78.0.3879.0 Safari/537.36 Edg/78.0.249.1
4	5	5	0	8	29441907	0	29446720	29362240	0	29363758	797	Mozilla/5.0 (Windows NT 10.0; Win64; x64) AppleWebKit/537.36 (KHTML, like Gecko) Chrome/134.0.0.0 Safari/537.3
4	6	6	1	2	29383294	29376634	29376634	29376634	29376634	29376634	11522	Mozilla/5.0 (Windows NT 10.0; Win64; x64; rv:144.0) Gecko/20100101 Firefox/144.0
4	1	1	0	1	29352247	0	29352247	29352247	0	29352247	797	Mozilla/5.0 (Windows NT 10.0; Win64; x64) AppleWebKit/537.36 (KHTML, like Gecko) Chrome/70.0.3538.102 Safari/537.36 Edge/18.19582
4	0	0	0	1	0	0	29440777	0	0	29440777	0	Mozilla/5.0 (Windows NT 6.1; Win64; x64) AppleWebKit/537.36 (KHTML, like Gecko) Chrome/41.0.2255.0 Safari/537.36
4	1	1	0	0	29448697	0	0	29448697	0	0	0	Mozilla/5.0 (Macintosh; Intel Mac OS X 10.15; rv:121.0) Gecko/20100101 Firefox/121.0
4	0	0	0	2	0	0	29351855	0	0	29351855	0	Mozilla/5.0 (X11; Linux x86_64) AppleWebKit/537.36 (KHTML, like Gecko) Chrome/136.0.0.0 Safari/537.36
4	0	0	0	1	0	0	29358694	0	0	29358694	0	Mozilla/5.0 (Windows NT 10.0; WOW64) AppleWebKit/537.36 (KHTML, like Gecko) Chrome/101.0.4951.54 Safari/537.36
4	8	8	0	0	29442777	0	0	29386748	0	0	0	Mozilla/5.0 (Windows NT 10.0; Win64; x64) Chrome/91.0.4472.124
4	0	0	0	69	0	0	29449671	0	0	29351925	0	Mozilla/5.0 (Macintosh; Intel Mac OS X 10_15_7) AppleWebKit/537.36 (KHTML, like Gecko) Chrome/131.0.0.0 Safari/537.36; compatible; OAI-SearchBot/1.0; +https://openai.com/searchbot
4	0	0	0	1	0	0	29443073	0	0	29443073	0	Mozilla/5.0 (Symbian/3; Series60/5.2 NokiaC7-00/012.003; Profile/MIDP-2.1 Configuration/CLDC-1.1 ) AppleWebKit/525 (KHTML, like Gecko) Version/3.0 BrowserNG/7.2.7.3 3gpp-gba
4	0	0	0	1	0	0	29360343	0	0	29360343	0	Avant Browser/1.2.789rel1 (http://www.avantbrowser.com)
4	6	6	0	0	29425171	0	0	29387348	0	0	0	Mozilla/5.0 (compatible; NetcraftSurveyAgent/1.0; +info@netcraft.com)
4	0	0	0	581	0	0	29442777	0	0	29353496	0	python-httpx/0.28.1
4	1	1	0	0	29444933	0	0	29444933	0	0	0	Mozilla/5.0 (Windows NT 10.0; Win64; x64) AppleWebKit/537.36 (KHTML, like Gecko) Chrome/65.0.3325.146 Safari/537.36
4	4	4	0	0	29441492	0	0	29351927	0	0	2391	Mozilla/5.0 (Windows NT 10.0; Win64; x64) AppleWebKit/537.36 (KHTML, like Gecko) Chrome/117.0.0.0 Safari/537.36
4	2	2	0	2	29352245	0	29352245	29352229	0	29352229	1594	Mozilla/5.0 (Macintosh; Intel Mac OS X 10_15_7) AppleWebKit/537.36 (KHTML, like Gecko) Chrome/113.0.0.0 Safari/537.36
4	0	0	0	1	0	0	29415694	0	0	29415694	0	Mozilla/5.0 (ZZ; Linux i686) AppleWebKit/537.36 (KHTML, like Gecko) Chrome/134.0.0.0 Safari/537.36
4	2	2	0	0	29351781	0	0	29351781	0	0	1246	Mozilla/5.0 (Linux; Android 6.0; HTC One M9 Build/MRA876937) AppleWebKit/537.36 (KHTML, like Gecko) Chrome/52.0.1248.98 Mobile Safari/537.3
4	22	22	0	44	29443567	0	29443567	29435425	0	29435425	0	Mozilla/5.0 (Windows NT 10.0; Win64; x64) AppleWebKit/537.36 (KHTML, like Gecko) Chrome/60.0.3112.113 Safari/537.36 Assetnote/1.0.0
4	2	2	0	0	29443799	0	0	29442550	0	0	0	Mozilla/5.0 (X11; Linux i686; rv:124.0) Gecko/20100101 Firefox/124.0
4	0	0	0	1	0	0	29401935	0	0	29401935	0	Wget/1.21.3 (linux-gnu)
4	0	0	0	1	0	0	29445873	0	0	29445873	0	Mozilla/5.0 (Windows NT 6.3; Win64; x64) AppleWebKit/537.36 (KHTML, like Gecko) Chrome/50.0.2638.0 Safari/537.36
4	12	12	0	21	29436834	0	29436834	29435884	0	29435884	0	Mozilla/5.0 (Windows NT 10.0; Win64; x64) AppleWebKit/537.36 (KHTML, like Gecko) Chrome/125.0.0.0 Safari/537.36
4	5	5	0	0	29386503	0	0	29353148	0	0	1594	Mozilla/5.0 (Windows NT 10.0; Win64; x64) AppleWebKit/537.36 (KHTML, like Gecko) Chrome/58.0.3029.110 Safari/537.3
4	0	0	0	1	0	0	29440967	0	0	29440967	0	Mozilla/5.0 (Macintosh; Intel Mac OS X 10_14_6) AppleWebKit/605.1.15 (KHTML, like Gecko) Version/13.0.3 Safari/605.1.15
4	0	0	0	1	0	0	29442966	0	0	29442966	0	Mozilla/5.0 (Linux; Android 8.0.0; SM-G935V) AppleWebKit/537.36 (KHTML, like Gecko) Chrome/76.0.3809.111 Mobile Safari/537.36
4	12	12	1	1	29370798	29362656	29362656	29362656	29362656	29362656	57476	Mozilla/5.0 (Macintosh; Intel Mac OS X 10_15_7) AppleWebKit/605.1.15 (KHTML, like Gecko) Version/26.0 Safari/605.1.15
4	2	2	0	0	29447536	0	0	29401243	0	0	0	cypex.ai/scanning Mozilla/5.0 (Macintosh; Intel Mac OS X 10_15_7) Chrome/126.0.0.0 Safari/537.36
4	2	2	0	0	29441623	0	0	29351927	0	0	797	Mozilla/5.0 (X11; Linux x86_64) AppleWebKit/537.36 (KHTML, like Gecko) Chrome/117.0.0.0 Safari/537.36
4	5	5	0	6	29441623	0	29352097	29352044	0	29352097	8301	Mozilla/5.0 (Windows NT 10.0; Win64; x64) AppleWebKit/537.36 (KHTML, like Gecko) Chrome/116.0.0.0 Safari/537.36
4	4	4	0	4	29444721	0	29444721	29380916	0	29380916	0	Mozilla/5.0 (compatible; wpbot/1.3; +https://forms.gle/ajBaxygz9jSR8p8G9)
4	0	0	0	1	0	0	29386173	0	0	29386173	0	Mozilla/5.0 (Kubuntu; Linux x86_64) AppleWebKit/537.36 (KHTML, like Gecko) Chrome/118.0.0.0 Safari/537.36
4	2	2	0	2	29352247	0	29352247	29352229	0	29352229	1594	Mozilla/5.0 (Linux; Android 8.0.0; SM-G965U Build/R16NW) AppleWebKit/537.36 (KHTML, like Gecko) Chrome/63.0.3239.111 Mobile Safari/537.36
4	0	0	0	1	0	0	29449783	0	0	29449783	0	Mozilla/5.0 (X11; U; Linux x86_64; sv-SE; rv:1.8.1.12) Gecko/20080207 Ubuntu/7.10 (gutsy) Firefox/2.0.0.12
4	4	4	0	0	29395387	0	0	29351814	0	0	1594	Scrapy/2.13.3 (+https://scrapy.org)
4	3	3	1	1	29426869	29426869	29426869	29426869	29426869	29426869	9984	Mozilla/5.0 (X11; Linux x86_64) AppleWebKit/537.36 (KHTML, like Gecko) SamsungBrowser/29.0 Chrome/136.0.0.0 Safari/537.36
4	24	24	6	20	29443745	29355136	29443744	29352062	29352063	29352062	23309	Mozilla/5.0 (compatible; CensysInspect/1.1; +https://about.censys.io/)
4	0	0	0	1	0	0	29444408	0	0	29444408	0	Mozilla/5.0 (CentOS; Linux x86_64) AppleWebKit/537.36 (KHTML, like Gecko) Chrome/134.0.0.0 Safari/537.36
4	2	2	0	2	29433621	0	29433621	29433621	0	29433621	0	Mozilla/5.0 (X11; Linux x86_64) AppleWebKit/537.36 (KHTML, like Gecko) Chrome/143.0.0.0 Safari/537.36
4	0	0	0	1	0	0	29448209	0	0	29448209	0	Mozilla/5.0 (Linux; Android 9; INE-LX2) AppleWebKit/537.36 (KHTML, like Gecko) Chrome/76.0.3809.111 Mobile Safari/537.36
4	1	1	0	0	29388009	0	0	29388009	0	0	0	Mozilla/5.0 (X11; U; Linux i686; en-US; rv:1.9.1.16) Gecko/20120421 Gecko Firefox/11.0
4	2	2	0	2	29439723	0	29439723	29439711	0	29439711	0	Mozilla/5.0 AppleWebKit/537.36 (KHTML, like Gecko; compatible; ClaudeBot/1.0; +claudebot@anthropic.com)
4	4	4	0	45	29351781	0	29442863	29351781	0	29351781	2492	Go-http-client/1.1
4	6	4	5	1	29426869	29426869	29364614	29364594	29364594	29364614	33837	Mozilla/5.0 (Linux; Android 10; K) AppleWebKit/537.36 (KHTML, like Gecko) SamsungBrowser/29.0 Chrome/136.0.0.0 Mobile Safari/537.36
4	3	3	0	1	29412299	0	29403516	29403516	0	29403516	17122	Mozilla/5.0 (Macintosh; Intel Mac OS X 10_15_7) AppleWebKit/605.1.15 (KHTML, like Gecko) Version/26.0.1 Safari/605.1.15
4	1	0	1	89	29409299	29409299	29449529	29409299	29409299	29391638	7646	Mozilla/5.0 (Macintosh; Intel Mac OS X 10_15_7) AppleWebKit/537.36 (KHTML, like Gecko) Chrome/131.0.0.0 Safari/537.36; compatible; OAI-SearchBot/1.3; robots.txt; +https://openai.com/searchbot
4	1	1	0	0	29353496	0	0	29353496	0	0	797	Mozilla/5.0 (Windows NT 10.0; Win64; x64) AppleWebKit/537.36 (KHTML, like Gecko) Chrome/91.0.4472.124 Safari/537.36
4	1	1	0	0	29440366	0	0	29440366	0	0	0	Mozilla/5.0 (Windows NT 6.3; Win64; x64) AppleWebKit/537.36 (KHTML, like Gecko) HeadlessChrome/109.0.5414.168 Safari/537.36
4	1	1	0	0	29441798	0	0	29441798	0	0	0	Mozilla/5.0 (Linux; Android 9; SAMSUNG SM-G965U Build/PPR1.180610.011) AppleWebKit/537.36 (KHTML, like Gecko) SamsungBrowser/9.0 Chrome/67.0.3396.87 Mobile Safari/537.36
4	0	0	0	1	0	0	29440856	0	0	29440856	0	Mozilla/5.0 (compatible; alexa site audit/1.0; +http://www.alexa.com/help/webmasters; )
4	31	31	0	0	29449529	0	0	29391638	0	0	0	Mozilla/5.0 AppleWebKit/537.36 (KHTML, like Gecko; compatible; GPTBot/1.3; +https://openai.com/gptbot)
4	0	0	0	1	0	0	29442182	0	0	29442182	0	Mozilla/5.0 (Linux; Android 8.0.0; SAMSUNG-SM-G891A) AppleWebKit/537.36 (KHTML, like Gecko) Chrome/76.0.3809.111 Mobile Safari/537.36
4	1	1	0	0	29351994	0	0	29351994	0	0	797	Mozilla/5.0 (Macintosh; Intel Mac OS X 10_15_7) AppleWebKit/537.36 (KHTML, like Gecko) Chrome/119.0.0.0 Safari/537.36
4	4	4	2	3	29370633	29370498	29370727	29363275	29363275	29363275	27106	Mozilla/5.0 (Windows NT 10.0; Win64; x64) AppleWebKit/537.36 (KHTML, like Gecko) Chrome/138.0.0.0 Safari/537.36 OPR/122.0.0.0 (Edition std-2)
4	0	0	0	1	0	0	29440895	0	0	29440895	0	Mozilla/4.0 (compatible; MSIE 7.0; Windows NT 6.0; Trident/4.0)
4	2	2	1	1	29448513	29448513	29448513	29448513	29448513	29448513	9401	Mozilla/5.0 (Windows NT 10.0; Win64; x64) AppleWebKit/537.36 (KHTML, like Gecko) Chrome/141.0.0.0 Safari/537.36 OPR/125.0.0.0
4	4	4	0	12	29351981	0	29351981	29351927	0	29351927	13414	Mozilla/5.0 (X11; Linux x86_64) AppleWebKit/537.36 (KHTML, like Gecko) Chrome/116.0.0.0 Safari/537.36
4	1	1	0	0	29386438	0	0	29386438	0	0	0	Opera/9.80 (Android; Opera Mini/42.0.2254/150.36; U; en) Presto/2.12.423 Version/12.16
4	1	1	0	0	29442585	0	0	29442585	0	0	0	Mozilla/5.0 (X11; U; FreeBSD; i386; en-US; rv:1.7) Gecko
4	1	1	0	1	29352245	0	29352245	29352245	0	29352245	797	Mozilla/5.0 (iPhone; CPU iPhone OS 14_6 like Mac OS X) AppleWebKit/605.1.15 (KHTML, like Gecko) Version/14.0.3 Mobile/15E148 Safari/604.1
4	1	1	0	0	29387617	0	0	29387617	0	0	0	HTC-ST7377/1.59.502.3 (67150) Opera/9.50 (Windows NT 5.1; U; en) UP.Link/6.3.1.17.0
4	0	0	0	1	0	0	29416050	0	0	29416050	0	Mozilla/5.0 (Windows NT 11.0) AppleWebKit/537.36 (KHTML, like Gecko) Safari/113.0 Safari/537.36
4	0	0	0	1	0	0	29353831	0	0	29353831	0	Mozilla/5.0 (X11; U; Linux i686; en-US; rv:1.9.0.8) Gecko Galeon/2.0.6 (Ubuntu 2.0.6-2)
4	0	0	0	3	0	0	29446821	0	0	29400355	0	RecordedFuture Global Inventory Crawler
4	2	2	0	2	29412046	0	29412046	29353596	0	29353596	797	Mozilla/5.0 (X11; Linux x86_64; rv:139.0) Gecko/20100101 Firefox/139.0
4	3	3	0	3	29445343	0	29445343	29442503	0	29442503	0	Mozilla/5.0 (X11; Linux x86_64) AppleWebKit/537.36 (KHTML, like Gecko) Chrome/142.0.0.0 Safari/537.36
4	2	2	0	0	29352288	0	0	29352288	0	0	1594	Mozilla/5.0 (Windows NT 10.0; Win64; x64) AppleWebKit/537.36 (KHTML, like Gecko) Chrome/141.0.0.0 Safari/537.36
4	0	0	0	1	0	0	29446360	0	0	29446360	0	Mozilla/5.0 (X11; Linux x86_64) AppleWebKit/537.36 (KHTML, like Gecko) Chrome/67.0.3396.62 Safari/537.36
4	5	5	1	0	29370808	29363252	0	29363252	29363252	0	25640	Mozilla/5.0 AppleWebKit/537.36 (KHTML, like Gecko); compatible; ChatGPT-User/1.0; +https://openai.com/bot
4	1	1	0	0	29372526	0	0	29372526	0	0	0	Mozilla/5.0 (Macintosh; Intel Mac OS X 10_15_7) AppleWebKit/537.36 (KHTML, like Gecko) Chrome/136.0.0.0 Safari/537.36
4	0	0	0	2	0	0	29386770	0	0	29386748	0	python-httpx/0.27.0
4	1	1	0	0	29442581	0	0	29442581	0	0	0	Mozilla/5.0 (Macintosh; Intel Mac OS X 10_10_4) AppleWebKit/537.36 (KHTML, like Gecko) Chrome/76.0.3809.100 Safari/537.36
4	0	0	0	1	0	0	29444632	0	0	29444632	0	Mozilla/5.0 (Fedora; Linux x86_64) AppleWebKit/537.36 (KHTML, like Gecko) Chrome/128.0.0.0 Safari/537.36
4	1	1	0	0	29446303	0	0	29446303	0	0	0	Mozilla/5.0 (Linux; Android 9; SM-G960U1) AppleWebKit/537.36 (KHTML, like Gecko) Chrome/76.0.3809.111 Mobile Safari/537.36
4	5	5	0	0	29445873	0	0	29352202	0	0	1594	Mozilla/5.0
4	1	1	0	0	29370797	0	0	29370797	0	0	0	Mozilla/5.0 (Macintosh; Intel Mac OS X 10_15_7) AppleWebKit/605.1.15 (KHTML, like Gecko) Version/26.0 Mobile/15E148 Safari/604.1
4	0	0	0	1	0	0	29442004	0	0	29442004	0	Mozilla/5.0 (Windows; U; ; en-NZ) AppleWebKit/527  (KHTML, like Gecko, Safari/419.3) Arora/0.8.0
4	0	0	0	1	0	0	29386239	0	0	29386239	0	Opera/7.50 (Windows ME; U) [en]
4	1	1	0	0	29391804	0	0	29391804	0	0	0	Mozilla/5.0 (Linux; U; Android 4.0.3; de-de; Galaxy S II Build/GRJ22) AppleWebKit/534.30 (KHTML, like Gecko) Version/4.0 Mobile Safari/534.30
4	0	0	0	1	0	0	29441638	0	0	29441638	0	Mozilla/5.0 (X11; Linux x86_64) AppleWebKit/537.36 (KHTML, like Gecko) Chrome/62.0.3202.94 Safari/537.36
4	30	30	0	0	29395373	0	0	29351900	0	0	16737	Mozilla/5.0 (X11; Linux i686; rv:109.0) Gecko/20100101 Firefox/120.0
4	0	0	0	1	0	0	29439162	0	0	29439162	0	everyfeed-spider/2.0 (http://www.everyfeed.com)
4	1	1	0	0	29440206	0	0	29440206	0	0	0	Mozilla/5.0 (Windows NT 10.0; Win64; x64) AppleWebKit/537.36 (KHTML, like Gecko) Chrome/114.0.0.0 Safari/537.36
4	4	4	0	4	29439568	0	29439568	29351793	0	29351793	1594	Mozilla/5.0 (iPhone; CPU iPhone OS 16_6_1 like Mac OS X) AppleWebKit/605.1.15 (KHTML, like Gecko) Version/16.5 Mobile/15E148 Safari/604.1
4	10	10	0	27	29392135	0	29392135	29352042	0	29352042	4782	Mozilla/5.0 (Linux; Android 6.0; Nexus 5 Build/MRA58N) AppleWebKit/537.36 (KHTML, like Gecko) Chrome/130.0.0.0 Mobile Safari/537.36
4	1	1	0	0	29363361	0	0	29363361	0	0	0	Mozilla/5.0 (Macintosh; Intel Mac OS X 13_3; rv:118.0.2) Gecko/20100101 Firefox/118.0.2
4	6	6	0	30	29354246	0	29354246	29351781	0	29351781	4434	Mozilla/5.0 (Macintosh; Intel Mac OS X 10.15; rv:139.0) Gecko/20100101 Firefox/139.0
4	0	0	0	2	0	0	29368241	0	0	29368219	0	Mozilla/5.0 (Macintosh; Intel Mac OS X 10_15_7) AppleWebKit/537.36 (KHTML, like Gecko) Chrome/131.0.0.0 Safari/537.36; compatible; OAI-SearchBot/1.0; robots.txt; +https://openai.com/searchbot
4	2	2	0	0	29371190	0	0	29370871	0	0	9984	Mozilla/5.0 (Macintosh; Intel Mac OS X 10_15_7) AppleWebKit/605.1.15 (KHTML, like Gecko)
4	0	0	0	1	0	0	29356827	0	0	29356827	0	Mozilla/5.0 (Linux; Android 8.1.0; ZB602KL) AppleWebKit/537.36 (KHTML, like Gecko) Chrome/76.0.3809.89 Mobile Safari/537.36
4	0	0	0	1	0	0	29352813	0	0	29352813	0	Mozilla/5.0 (Linux; Android 9; Pixel 2) AppleWebKit/537.36 (KHTML, like Gecko) Chrome/76.0.3809.111 Mobile Safari/537.36
4	1	1	0	0	29441675	0	0	29441675	0	0	0	Mozilla/5.0 (X11; Linux x86_64) AppleWebKit/604.1 (KHTML, like Gecko) Version/11.0 Safari/604.1 Ubuntu/17.04 (3.24.1-0ubuntu1) Epiphany/3.24.1
4	3	3	0	7	29441492	0	29352045	29352044	0	29352044	6707	Mozilla/5.0 (Macintosh; Intel Mac OS X 10_15_7) AppleWebKit/537.36 (KHTML, like Gecko) Chrome/117.0.0.0 Safari/537.36
4	0	0	0	1	0	0	29353995	0	0	29353995	0	Mozilla/5.0 (Linux; Android 9; SM-G950F) AppleWebKit/537.36 (KHTML, like Gecko) Chrome/76.0.3809.111 Mobile Safari/537.36
4	0	0	0	1	0	0	29386161	0	0	29386161	0	Mozilla/5.0 (X11; U; Linux i686; en-US; rv:1.9a3pre) Gecko/20070330
4	0	0	0	1	0	0	29354018	0	0	29354018	0	Mozilla/5.0 (X11; Linux x86_64) AppleWebKit/537.36 (KHTML, like Gecko) Chrome/64.0.3282.140 Safari/537.36
4	11	11	0	11	29442146	0	29442146	29353217	0	29353217	3188	Mozilla/5.0 (X11; Linux x86_64) AppleWebKit/537.36 (KHTML, like Gecko) Chrome/139.0.0.0 Safari/537.36
4	1	1	0	0	29367721	0	0	29367721	0	0	0	Mozilla/5.0 (X11; Linux x86_64) AppleWebKit/537.36 (KHTML, like Gecko) HeadlessChrome/140.0.7339.16 Safari/537.36
4	0	0	0	1	0	0	29353135	0	0	29353135	0	Mozilla/5.0 (Linux; U; Android 3.0.1; en-us; GT-P7100 Build/HRI83) AppleWebkit/534.13 (KHTML, like Gecko) Version/4.0 Safari/534.13
4	4	4	0	4	29439569	0	29439569	29351795	0	29351795	1594	Mozilla/5.0 (iPhone; CPU iPhone OS 17_3 like Mac OS X) AppleWebKit/605.1.15 (KHTML, like Gecko) CriOS/116.0.5845.177 Mobile/15E148 Safari/604.1
4	0	0	0	1	0	0	29439589	0	0	29439589	0	Opera/9.5 (Microsoft Windows; PPC; Opera Mobi; U) SonyEricssonX1i/R2AA Profile/MIDP-2.0 Configuration/CLDC-1.1
5	0	0	0	2	0	0	29440895	0	0	29440856	0	195.178.110.161
5	1	1	0	0	29422994	0	0	29422994	0	0	0	18.200.240.32
5	1	1	0	1	29351781	0	29351781	29351781	0	29351781	623	51.89.167.1
5	2	2	0	4	29441629	0	29441629	29441629	0	29441629	0	15.164.169.12
5	1	1	0	0	29431848	0	0	29431848	0	0	0	74.7.243.242
5	4	4	0	0	29410610	0	0	29399235	0	0	0	74.7.243.240
5	1	1	0	1	29445652	0	29445652	29445652	0	29445652	0	146.190.238.105
5	1	1	0	1	29433302	0	29433302	29433302	0	29433302	0	199.45.155.90
5	5	5	0	8	29441907	0	29446720	29362240	0	29363758	797	204.76.203.25
5	1	1	0	1	29439568	0	29439568	29439568	0	29439568	0	94.139.230.114
5	1	1	0	0	29428017	0	0	29428017	0	0	0	74.7.243.234
5	5	5	1	2	29376636	29376634	29376634	29376634	29376634	29376634	11522	93.184.136.27
5	3	3	0	0	29447545	0	0	29438662	0	0	0	74.7.242.1
5	0	0	0	1	0	0	29401935	0	0	29401935	0	2a06:98c0:3600::103
5	1	1	0	1	29392319	0	29392319	29392319	0	29392319	0	167.99.86.178
5	1	1	0	0	29383294	0	0	29383294	0	0	0	93.184.136.20
5	1	1	0	0	29423047	0	0	29423047	0	0	0	199.45.155.77
5	2	2	0	2	29353586	0	29353586	29353586	0	29353586	1594	169.150.203.9
5	1	1	0	0	29407331	0	0	29407331	0	0	0	199.45.155.75
5	1	1	0	0	29441341	0	0	29441341	0	0	0	195.178.110.132
5	1	1	0	0	29391520	0	0	29391520	0	0	0	199.45.155.67
5	1	1	0	0	29386438	0	0	29386438	0	0	0	44.255.217.192
5	48	18	0	1	29351930	0	29351929	29351929	0	29351929	119280	20.171.207.204
5	2	2	0	0	29386674	0	0	29386585	0	0	0	54.89.90.235
5	3	3	0	0	29367721	0	0	29367720	0	0	0	146.70.185.32
5	1	1	0	151	29411345	0	29411345	29411345	0	29411345	0	15.152.217.246
5	0	0	0	1	0	0	29446821	0	0	29446821	0	54.86.115.253
5	1	1	0	0	29377962	0	0	29377962	0	0	0	74.7.227.2
5	48	18	0	1	29351927	0	29351926	29351925	0	29351926	119164	20.171.207.182
5	1	1	0	0	29413316	0	0	29413316	0	0	0	74.7.227.1
5	2	2	0	4	29441659	0	29441659	29441659	0	29441659	0	18.234.241.123
5	2	2	0	4	29442885	0	29442885	29442885	0	29442885	0	51.20.69.57
5	2	2	0	0	29353384	0	0	29352202	0	0	1594	80.211.135.139
5	1	1	0	1	29432001	0	29432001	29432001	0	29432001	0	143.198.156.87
5	0	0	0	1	0	0	29351855	0	0	29351855	0	165.231.182.151
5	2	2	0	4	29442058	0	29442058	29442058	0	29442058	0	18.222.124.155
5	3	3	0	33	29351781	0	29351781	29351781	0	29351781	1869	167.99.181.249
5	1	1	0	1	29356346	0	29356346	29356346	0	29356346	797	159.65.199.211
5	1	1	0	1	29351797	0	29351797	29351797	0	29351797	797	95.214.84.33
5	1	1	0	1	29386675	0	29386675	29386675	0	29386675	0	199.45.154.149
5	1	1	0	0	29441492	0	0	29441492	0	0	0	103.196.9.6
5	1	1	0	0	29428211	0	0	29428211	0	0	0	74.7.242.63
5	1	1	0	1	29443744	0	29443744	29443744	0	29443744	0	199.45.154.147
5	1	1	0	1	29442795	0	29442795	29442795	0	29442795	0	46.101.214.178
5	2	2	0	0	29441492	0	0	29441492	0	0	0	103.196.9.95
5	2	2	0	0	29353256	0	0	29353148	0	0	1594	54.156.67.126
5	1	1	0	0	29386503	0	0	29386503	0	0	0	54.197.178.250
5	0	0	0	1	0	0	29351929	0	0	29351929	0	4.227.36.96
5	1	1	0	0	29394651	0	0	29394651	0	0	0	74.7.242.47
5	0	0	0	1	0	0	29399949	0	0	29399949	0	104.210.140.143
5	0	0	0	3	0	0	29423113	0	0	29390545	0	104.210.140.142
5	0	0	0	3	0	0	29420379	0	0	29404125	0	104.210.140.141
5	0	0	0	4	0	0	29441727	0	0	29364712	0	104.210.140.139
5	0	0	0	6	0	0	29437755	0	0	29370799	0	104.210.140.140
5	0	0	0	5	0	0	29443064	0	0	29367432	0	104.210.140.138
5	0	0	0	9	0	0	29415052	0	0	29363252	0	104.210.140.137
5	0	0	0	8	0	0	29449671	0	0	29369957	0	104.210.140.136
5	1	1	0	0	29430892	0	0	29430892	0	0	0	74.7.242.41
5	0	0	0	2	0	0	29419066	0	0	29376179	0	104.210.140.135
5	0	0	0	2	0	0	29389254	0	0	29370859	0	104.210.140.134
5	1	1	0	0	29424804	0	0	29424804	0	0	0	74.7.242.38
5	0	0	0	4	0	0	29447022	0	0	29378766	0	104.210.140.133
5	0	0	0	3	0	0	29432409	0	0	29387980	0	104.210.140.132
5	0	0	0	6	0	0	29408151	0	0	29373530	0	104.210.140.131
5	1	1	0	0	29367058	0	0	29367058	0	0	0	199.45.154.121
5	0	0	0	6	0	0	29431075	0	0	29381385	0	104.210.140.130
5	1	1	0	0	29358031	0	0	29358031	0	0	797	23.27.145.90
5	10	6	4	7	29371190	29367018	29367018	29351795	29362656	29351787	58626	80.134.135.17
5	0	0	0	2	0	0	29448347	0	0	29444386	0	104.210.140.129
5	1	1	0	0	29417486	0	0	29417486	0	0	0	74.7.242.34
5	1	1	0	1	29383050	0	29383050	29383050	0	29383050	0	199.45.154.118
5	0	0	0	3	0	0	29427146	0	0	29366077	0	104.210.140.128
5	6	6	0	12	29443567	0	29443567	29443253	0	29443253	0	35.182.26.117
5	1	1	0	0	29362275	0	0	29362275	0	0	797	199.45.154.112
5	1	1	0	1	29356035	0	29356035	29356035	0	29356035	797	159.65.176.222
5	1	1	0	0	29413487	0	0	29413487	0	0	0	74.7.242.21
5	2	2	0	2	29352247	0	29352247	29352247	0	29352247	1594	54.187.3.72
5	1	1	0	0	29449529	0	0	29449529	0	0	0	74.7.242.20
5	1	1	0	0	29412678	0	0	29412678	0	0	0	45.148.10.80
5	6	6	0	30	29354246	0	29354246	29351781	0	29351781	4434	96.41.38.202
5	0	0	0	5	0	0	29449273	0	0	29425139	0	74.7.228.54
5	1	1	0	0	29357772	0	0	29357772	0	0	797	23.27.145.60
5	0	0	0	3	0	0	29393236	0	0	29391638	0	74.7.228.51
5	1	1	0	1	29351795	0	29351795	29351795	0	29351795	797	92.240.206.101
5	1	1	0	0	29353383	0	0	29353383	0	0	797	23.27.145.55
5	0	0	0	1	0	0	29394693	0	0	29394693	0	74.7.228.47
5	1	1	0	0	29394856	0	0	29394856	0	0	0	34.147.22.160
5	1	1	0	2	29363067	0	29363067	29363067	0	29363067	0	66.132.153.117
5	0	0	0	9	0	0	29445365	0	0	29436666	0	74.7.228.42
5	1	1	0	0	29353653	0	0	29353653	0	0	797	23.27.145.44
5	1	1	0	1	29442777	0	29442777	29442777	0	29442777	0	13.212.31.87
5	0	0	0	3	0	0	29393239	0	0	29392271	0	74.7.228.33
5	1	1	0	0	29424943	0	0	29424943	0	0	0	34.244.112.231
5	1	1	0	1	29441966	0	29441966	29441966	0	29441966	0	34.222.202.161
5	0	0	0	1	0	0	29428017	0	0	29428017	0	74.7.228.24
5	1	0	0	1	29351875	0	29351875	29351875	0	29351875	2062	216.223.222.132
5	0	0	0	4	0	0	29396109	0	0	29356749	0	93.123.109.7
5	0	0	0	1	0	0	29421440	0	0	29421440	0	34.11.58.211
5	0	0	0	1	0	0	29426552	0	0	29426552	0	74.7.228.21
5	0	0	0	1	0	0	29423006	0	0	29423006	0	74.7.244.57
5	1	1	0	1	29384200	0	29384201	29384200	0	29384201	0	167.94.138.186
5	0	0	0	1	0	0	29429918	0	0	29429918	0	74.7.228.16
5	0	0	0	1	0	0	29432481	0	0	29432481	0	74.7.228.14
5	1	1	0	1	29351793	0	29351793	29351793	0	29351793	797	209.242.214.88
5	0	0	0	2	0	0	29416046	0	0	29415978	0	74.7.244.47
5	1	1	0	1	29421845	0	29421845	29421845	0	29421845	0	46.101.103.147
5	3	3	2	3	29352067	29352067	29352067	29352066	29352067	29352066	7504	167.94.138.174
5	1	1	0	1	29439568	0	29439568	29439568	0	29439568	0	37.61.226.125
5	0	0	0	1	0	0	29422255	0	0	29422255	0	74.7.244.42
5	1	1	0	0	29372099	0	0	29372099	0	0	0	23.27.145.11
5	1	0	0	1	29351875	0	29351875	29351875	0	29351875	2097	162.204.119.26
5	1	1	0	104	29353496	0	29353497	29353496	0	29353496	797	54.249.76.175
5	2	2	0	2	29352245	0	29352245	29352245	0	29352245	1594	35.92.157.18
5	2	2	0	2	29388009	0	29386239	29387617	0	29386161	0	213.209.157.81
5	1	1	0	1	29386770	0	29386770	29386770	0	29386770	0	63.178.196.193
5	1	1	0	0	29435796	0	0	29435796	0	0	0	34.34.49.206
5	1	1	0	0	29363252	0	0	29363252	0	0	0	68.221.67.170
5	0	0	0	2	0	0	29386173	0	0	29385942	0	54.198.52.253
5	1	1	1	0	29363252	29363252	0	29363252	29363252	0	7835	68.221.67.164
5	0	0	0	2	0	0	29413376	0	0	29413316	0	74.7.244.15
5	1	1	0	1	29403516	0	29403516	29403516	0	29403516	8561	79.246.255.9
5	0	0	0	1	0	0	29433977	0	0	29433977	0	74.7.244.13
5	0	0	0	1	0	0	29419400	0	0	29419400	0	74.7.244.12
5	2	2	0	4	29435425	0	29435425	29435425	0	29435425	0	3.252.120.195
5	1	1	0	0	29441873	0	0	29441873	0	0	0	44.211.70.209
5	12	12	0	0	29449675	0	0	29447287	0	0	0	213.209.159.150
5	1	1	0	0	29352288	0	0	29352288	0	0	797	64.15.129.126
5	0	0	0	2	0	0	29353135	0	0	29352813	0	98.81.208.10
5	3	3	2	3	29352063	29352063	29352063	29352062	29352063	29352062	7504	199.45.155.111
5	0	0	0	1	0	0	29420937	0	0	29420937	0	34.205.26.129
5	1	0	0	1	29351875	0	29351875	29351875	0	29351875	1729	64.150.149.220
5	0	0	0	1	0	0	29446360	0	0	29446360	0	93.123.109.175
5	1	0	0	1	29351875	0	29351875	29351875	0	29351875	1705	64.150.149.218
5	1	1	0	0	29443745	0	0	29443745	0	0	0	199.45.155.108
5	1	0	0	1	29351875	0	29351875	29351875	0	29351875	2064	64.150.149.216
5	2	2	0	0	29441623	0	0	29441623	0	0	0	154.28.229.213
5	1	1	1	0	29426869	29426869	0	29426869	29426869	0	1423	5.42.207.9
5	2	2	1	0	29426869	29426869	0	29426869	29426869	0	9984	5.42.207.8
5	1	1	0	1	29426869	0	29426869	29426869	0	29426869	0	5.42.207.7
5	0	0	0	1	0	0	29439483	0	0	29439483	0	98.84.1.175
5	1	1	0	0	29448697	0	0	29448697	0	0	0	39.48.213.93
5	1	1	0	0	29391638	0	0	29391638	0	0	0	74.7.227.245
5	0	0	0	2	0	0	29353831	0	0	29353612	0	194.26.192.110
5	1	1	0	0	29387348	0	0	29387348	0	0	0	54.171.186.74
5	1	1	0	3	29392135	0	29392135	29392135	0	29392135	0	157.143.30.12
5	1	1	0	1	29445343	0	29445343	29445343	0	29445343	0	164.92.74.228
5	1	1	0	0	29352288	0	0	29352288	0	0	797	64.15.129.100
5	1	1	0	0	29372341	0	0	29372341	0	0	0	165.227.96.32
5	0	0	0	1	0	0	29449529	0	0	29449529	0	74.7.175.186
5	2	2	0	0	29425923	0	0	29425923	0	0	0	34.124.135.103
5	1	1	0	0	29422939	0	0	29422939	0	0	0	3.252.65.112
5	1	1	0	0	29351814	0	0	29351814	0	0	797	34.90.61.163
5	1	1	1	1	29363275	29363275	29363275	29363275	29363275	29363275	8561	61.8.128.168
5	2	2	0	0	29371236	0	0	29368242	0	0	0	74.7.227.217
5	1	1	0	0	29403517	0	0	29403517	0	0	8561	78.35.183.90
5	2	2	0	0	29441888	0	0	29441675	0	0	0	13.217.28.209
5	1	1	0	1	29445873	0	29445873	29445873	0	29445873	0	217.182.64.155
5	0	0	0	1	0	0	29391159	0	0	29391159	0	35.227.95.71
5	1	1	0	1	29442651	0	29442651	29442651	0	29442651	0	52.198.2.133
5	0	0	0	1	0	0	29351855	0	0	29351855	0	188.213.34.4
5	1	1	0	1	29387194	0	29387194	29387194	0	29387194	0	13.39.80.252
5	5	5	0	12	29353262	0	29353262	29352042	0	29352042	3985	157.143.122.60
5	3	3	2	1	29364614	29364614	29364614	29364614	29364614	29364614	17122	61.8.128.147
5	3	3	0	5	29351981	0	29351981	29351981	0	29351981	7504	104.164.173.3
5	1	0	1	10	29409299	29409299	29412524	29409299	29409299	29397380	7646	74.7.175.157
5	1	1	0	0	29425139	0	0	29425139	0	0	0	74.7.227.186
5	0	0	0	1	0	0	29420947	0	0	29420947	0	74.7.175.155
5	1	1	0	0	29441869	0	0	29441869	0	0	0	16.52.49.58
5	1	1	0	0	29353356	0	0	29353356	0	0	797	87.236.176.124
5	1	1	0	1	29372178	0	29372178	29372178	0	29372178	0	143.198.59.158
5	0	0	0	1	0	0	29351875	0	0	29351875	0	98.196.186.86
5	0	0	0	1	0	0	29370727	0	0	29370727	0	61.8.129.250
5	2	2	0	0	29371214	0	0	29368220	0	0	0	74.7.227.175
5	3	3	0	33	29439561	0	29439561	29439560	0	29439560	0	167.172.232.142
5	4	4	0	0	29407880	0	0	29397427	0	0	0	74.7.227.170
5	0	0	0	1	0	0	29415408	0	0	29415408	0	74.7.175.138
5	0	0	0	1	0	0	29418103	0	0	29418103	0	98.92.142.193
5	2	2	1	1	29448513	29448513	29448513	29448513	29448513	29448513	9401	80.134.128.183
5	0	0	0	1	0	0	29421392	0	0	29421392	0	74.7.175.134
5	1	1	0	0	29354372	0	0	29354372	0	0	797	87.236.176.106
5	1	1	0	0	29448697	0	0	29448697	0	0	0	180.74.216.53
5	0	0	0	2	0	0	29440967	0	0	29440802	0	54.91.66.166
5	3	3	0	0	29443060	0	0	29436463	0	0	0	74.7.227.153
5	1	1	0	1	29351797	0	29351797	29351797	0	29351797	797	206.204.55.42
5	2	2	0	4	29442870	0	29442870	29442870	0	29442870	0	13.233.223.11
5	1	1	0	1	29382373	0	29382373	29382373	0	29382373	0	159.65.160.138
5	1	1	0	0	29435715	0	0	29435715	0	0	0	74.7.227.147
5	1	1	0	0	29412299	0	0	29412299	0	0	0	87.78.48.22
5	0	0	0	2	0	0	29443073	0	0	29442966	0	45.144.212.58
5	1	1	0	0	29372208	0	0	29372208	0	0	0	134.209.42.77
5	1	1	0	1	29442146	0	29442146	29442146	0	29442146	0	164.90.196.205
5	3	3	0	2	29436803	0	29436802	29436802	0	29436802	8561	79.246.249.25
5	1	1	0	0	29355121	0	0	29355121	0	0	797	23.27.145.2
5	1	1	0	0	29425171	0	0	29425171	0	0	0	3.253.195.23
5	0	0	0	2	0	0	29439589	0	0	29439162	0	45.144.212.43
5	4	4	0	12	29381975	0	29381975	29357613	0	29357613	797	91.84.86.2
5	1	1	0	0	29421392	0	0	29421392	0	0	0	74.7.241.41
5	3	3	0	6	29352097	0	29352097	29352096	0	29352097	7504	103.4.250.238
5	3	3	0	0	29370798	0	0	29370797	0	0	0	87.78.160.6
5	1	1	0	0	29372526	0	0	29372526	0	0	0	159.65.166.172
5	1	1	0	0	29447536	0	0	29447536	0	0	0	3.138.185.30
5	6	6	0	0	29446303	0	0	29355527	0	0	797	185.177.72.8
5	0	0	0	1	0	0	29400355	0	0	29400355	0	98.88.137.2
5	1	1	0	1	29442503	0	29442503	29442503	0	29442503	0	142.93.217.143
5	1	1	0	0	29358008	0	0	29358008	0	0	797	149.57.180.190
5	1	1	0	0	29441623	0	0	29441623	0	0	0	103.4.250.221
5	1	1	0	1	29351781	0	29351781	29351781	0	29351781	623	57.129.16.41
5	1	1	0	0	29352044	0	0	29352044	0	0	797	154.28.229.62
5	9	9	1	1	29370633	29370498	29370498	29370498	29370498	29370498	54621	61.8.129.166
5	1	1	0	0	29448532	0	0	29448532	0	0	0	43.130.16.212
5	1	1	0	1	29433621	0	29433621	29433621	0	29433621	0	185.213.155.242
5	1	1	0	0	29417939	0	0	29417939	0	0	0	74.7.227.60
5	3	3	0	7	29352044	0	29352045	29352044	0	29352044	7504	107.172.195.235
5	1	1	0	0	29366517	0	0	29366517	0	0	0	149.57.180.178
5	1	1	0	0	29351902	0	0	29351902	0	0	797	149.57.180.7
5	1	1	0	1	29380916	0	29380916	29380916	0	29380916	0	35.95.242.57
5	1	1	0	0	29377966	0	0	29377966	0	0	0	74.7.227.58
5	1	1	0	0	29351981	0	0	29351981	0	0	797	103.4.250.209
5	1	1	0	0	29352118	0	0	29352118	0	0	797	149.57.180.6
5	1	1	1	1	29351815	29351815	29351815	29351815	29351815	29351815	5910	175.29.128.185
5	1	1	0	0	29351994	0	0	29351994	0	0	797	149.57.180.5
5	1	1	0	0	29392271	0	0	29392271	0	0	0	74.7.227.55
5	1	1	0	0	29362262	0	0	29362262	0	0	797	149.57.180.2
5	1	1	0	0	29366652	0	0	29366652	0	0	0	149.57.180.0
5	1	1	0	0	29357769	0	0	29357769	0	0	797	149.57.180.169
5	1	1	0	1	29353596	0	29353596	29353596	0	29353596	797	209.97.142.122
5	1	1	0	321	29442461	0	29442461	29442461	0	29442456	0	47.128.248.252
5	1	1	0	1	29433310	0	29433310	29433310	0	29433310	0	206.168.34.223
5	1	1	0	0	29352096	0	0	29352096	0	0	797	154.28.229.38
5	0	0	0	2	0	0	29416050	0	0	29415694	0	134.195.198.119
5	1	1	0	1	29353217	0	29353217	29353217	0	29353217	797	142.93.70.175
5	1	1	0	0	29387507	0	0	29387507	0	0	0	3.254.211.50
5	1	1	0	0	29420947	0	0	29420947	0	0	0	74.7.227.37
5	2	2	0	4	29441150	0	29441150	29441150	0	29441150	0	18.132.9.91
5	1	1	0	0	29366652	0	0	29366652	0	0	0	149.57.180.150
5	1	1	0	1	29433621	0	29433621	29433621	0	29433621	0	194.126.177.70
5	0	0	0	1	0	0	29428211	0	0	29428211	0	74.7.241.191
5	1	1	0	1	29418456	0	29418456	29418456	0	29418456	0	206.168.34.193
5	3	3	2	4	29355136	29355136	29355136	29355135	29355136	29355135	7504	206.168.34.202
5	0	0	0	1	0	0	29351855	0	0	29351855	0	185.128.9.249
5	1	0	1	0	29408812	29408812	0	29408812	29408812	0	7646	185.247.137.73
5	0	0	0	11	0	0	29410697	0	0	29397427	0	74.7.241.184
5	1	1	0	0	29351900	0	0	29351900	0	0	797	149.57.180.133
5	0	0	0	10	0	0	29445901	0	0	29436463	0	74.7.241.176
5	1	1	0	0	29411889	0	0	29411889	0	0	0	185.247.137.63
5	1	1	0	1	29401962	0	29401962	29401962	0	29401962	0	157.230.227.162
5	1	1	0	0	29354875	0	0	29354875	0	0	797	23.27.145.219
5	0	0	0	1	0	0	29419467	0	0	29419467	0	74.7.241.168
5	1	1	0	0	29351994	0	0	29351994	0	0	797	149.57.180.121
5	1	1	0	0	29395387	0	0	29395387	0	0	0	34.90.191.83
5	3	3	0	33	29439561	0	29439561	29439560	0	29439560	0	138.68.86.32
5	0	0	0	1	0	0	29351925	0	0	29351925	0	4.227.36.118
5	1	1	0	0	29352122	0	0	29352122	0	0	797	23.27.145.198
5	4	4	0	7	29436834	0	29436834	29436834	0	29436834	0	209.38.88.38
5	0	0	0	1	0	0	29368241	0	0	29368241	0	74.7.230.1
5	1	1	0	1	29351793	0	29351793	29351793	0	29351793	797	161.123.156.158
5	0	0	0	2	0	0	29352893	0	0	29352893	0	13.246.232.211
5	0	0	0	3	0	0	29425401	0	0	29417939	0	74.7.241.154
5	1	1	0	1	29423092	0	29423092	29423092	0	29423092	0	167.94.146.57
5	2	2	0	4	29442008	0	29442008	29442008	0	29442008	0	18.219.143.46
5	0	0	0	2	0	0	29442004	0	0	29441638	0	45.82.13.170
5	1	1	0	1	29351795	0	29351795	29351795	0	29351795	797	154.30.98.229
5	1	1	0	1	29439568	0	29439568	29439568	0	29439568	0	172.111.15.66
5	0	0	0	1	0	0	29427026	0	0	29427026	0	74.7.241.140
5	1	0	0	1	29351875	0	29351875	29351875	0	29351875	1705	69.92.172.197
5	1	1	0	0	29351927	0	0	29351927	0	0	797	103.4.251.223
5	0	0	0	1	0	0	29394651	0	0	29394651	0	74.7.230.51
5	0	0	0	1	0	0	29430344	0	0	29430344	0	74.7.241.130
5	1	1	0	0	29362056	0	0	29362056	0	0	797	149.57.180.98
5	1	1	0	1	29362100	0	29362100	29362100	0	29362100	797	165.232.112.136
5	0	0	0	2	0	0	29413685	0	0	29413487	0	74.7.230.45
5	0	0	0	4	0	0	29417486	0	0	29415871	0	74.7.230.42
5	1	1	0	0	29440378	0	0	29440378	0	0	0	98.88.142.13
5	1	1	0	0	29355123	0	0	29355123	0	0	797	149.57.180.89
5	2	2	0	0	29440366	0	0	29440206	0	0	0	50.16.249.26
5	1	1	0	1	29351797	0	29351797	29351797	0	29351797	797	104.168.71.232
5	3	3	0	7	29351927	0	29351927	29351927	0	29351927	7504	103.4.251.208
5	0	0	0	1	0	0	29351855	0	0	29351855	0	98.159.36.24
5	1	1	0	0	29370872	0	0	29370872	0	0	0	45.148.10.250
5	1	1	0	0	29370797	0	0	29370797	0	0	0	93.226.216.186
5	1	1	0	0	29370808	0	0	29370808	0	0	8561	172.213.21.127
5	1	1	0	0	29351818	0	0	29351818	0	0	797	34.90.220.251
5	0	0	0	8	0	0	29387135	0	0	29387135	0	45.148.10.246
5	2	2	0	2	29387198	0	29387198	29387198	0	29387198	0	44.249.121.109
5	2	2	0	2	29439723	0	29439723	29439711	0	29439711	0	216.73.216.162
5	0	0	0	2	0	0	29444632	0	0	29444408	0	45.148.10.238
5	2	2	0	2	29352229	0	29352229	29352229	0	29352229	1594	35.92.35.195
5	1	1	0	0	29353382	0	0	29353382	0	0	797	149.57.180.69
5	0	0	0	2	0	0	29435715	0	0	29433773	0	74.7.230.19
5	2	2	0	0	29370799	0	0	29370798	0	0	9244	172.213.21.113
5	0	0	0	1	0	0	29353202	0	0	29353202	0	213.209.157.232
5	1	1	0	0	29363361	0	0	29363361	0	0	0	34.6.125.214
5	0	0	0	1	0	0	29430892	0	0	29430892	0	74.7.230.11
5	2	2	0	0	29362295	0	0	29362292	0	0	1594	149.57.180.59
5	0	0	0	2	0	0	29420952	0	0	29418192	0	35.163.58.243
5	0	0	0	1	0	0	29368219	0	0	29368219	0	74.7.230.10
5	1	1	0	0	29354887	0	0	29354887	0	0	797	149.57.180.57
5	1	1	0	1	29440777	0	29440777	29440777	0	29440777	0	146.59.34.59
5	1	1	0	0	29372363	0	0	29372363	0	0	0	149.57.180.54
5	1	1	0	0	29362055	0	0	29362055	0	0	797	23.27.145.119
5	1	1	0	1	29386748	0	29386748	29386748	0	29386748	0	3.250.89.169
5	0	0	0	4	0	0	29442267	0	0	29353995	0	195.178.110.223
5	1	1	0	1	29412046	0	29412046	29412046	0	29412046	0	167.99.92.218
5	1	1	0	0	29372097	0	0	29372097	0	0	0	149.57.180.46
5	0	0	0	2	0	0	29432751	0	0	29431848	0	74.7.228.7
5	1	1	0	1	29439569	0	29439569	29439569	0	29439569	0	89.249.58.107
5	4	4	0	7	29436477	0	29436477	29436477	0	29436477	0	170.64.219.248
5	4	4	0	7	29435884	0	29435884	29435884	0	29435884	0	134.199.174.228
5	1	1	0	0	29353645	0	0	29353645	0	0	797	23.27.145.108
5	1	1	0	1	29384052	0	29384052	29384052	0	29384052	0	44.252.49.127
5	2	2	0	0	29352160	0	0	29351820	0	0	1594	135.148.100.196
5	0	0	0	2	0	0	29447565	0	0	29447545	0	74.7.228.1
5	1	1	0	1	29351797	0	29351797	29351797	0	29351797	797	206.204.5.217
5	1	1	0	1	29444721	0	29444721	29444721	0	29444721	0	16.146.51.30
5	1	1	0	0	29401243	0	0	29401243	0	0	0	3.146.111.124
5	0	0	0	2	0	0	29360343	0	0	29358694	0	45.139.104.183
5	2	2	0	0	29386269	0	0	29386219	0	0	0	195.178.110.201
5	1	1	0	1	29442863	0	29442863	29442863	0	29442863	0	57.128.243.0
5	2	2	0	0	29443799	0	0	29442550	0	0	0	34.221.21.250
5	0	0	0	3	0	0	29449783	0	0	29406667	0	45.139.104.171
5	1	1	0	0	29395373	0	0	29395373	0	0	0	149.57.180.17
5	3	3	0	33	29351781	0	29351781	29351781	0	29351781	1869	167.172.158.128
5	1	1	0	0	29391804	0	0	29391804	0	0	0	34.205.77.103
5	1	1	0	0	29372363	0	0	29372363	0	0	0	149.57.180.12
5	1	1	0	0	29366502	0	0	29366502	0	0	0	149.57.180.11
z	0	226	226	29449675	0
z	3	118	118	29376636	92250
z	4	128	56	29448513	519077
c	200	468	29449675
c	301	18	29448513
c	302	4	29409299
c	304	4	29370798
c	403	10	29442460
c	404	1172	29449783
c	499	7	29446821
