CACHE type 5 produced by analog 6.0/Unix. Do not modify or delete!
T	0	0	990	424	13	1242	5750298
D	29336571	29449808
20372	178	144	24	342182
20372	179	2	2	45070
20372	181	2	2	40982
20372	182	4	4	40860
20372	183	2	2	26467
20372	184	2	2	26372
20372	188	4	4	52744
20372	189	4	4	52845
20372	191	1	1	13240
20372	193	4	4	52960
20372	195	3	3	39720
20372	196	2	2	26480
20372	210	1	1	13240
20372	211	2	2	26480
20372	214	6	6	79440
20372	233	2	2	26480
20372	266	2	2	26480
20372	269	1	1	13240
20372	273	1	1	13240
20372	275	1	1	13240
20372	277	2	2	26480
20372	286	5	5	66200
20373	27	2	2	26480
20373	44	1	1	13240
20373	50	1	1	13240
20373	66	1	1	13240
20373	103	1	1	13240
20373	104	1	1	13240
20373	118	1	1	13240
20373	154	1	1	13240
20373	183	2	2	26480
20373	186	1	1	13240
20373	187	2	2	26480
20373	194	1	1	13240
20373	268	1	1	13240
20374	8	1	1	13240
20374	10	1	1	13240
20374	30	2	2	26480
20374	124	2	2	0
20374	185	1	1	13240
20374	274	2	2	26480
20375	35	2	2	26480
20375	191	1	1	13240
20375	205	1	1	13240
20376	279	1	1	13240
20376	281	1	1	13240
20377	38	2	2	26480
20377	180	1	1	13240
20378	0	1	0	1787
20378	3	1	0	1991
20378	4	2	0	4016
20378	27	1	0	1991
20378	42	1	0	1970
20378	45	1	1	5910
20378	46	1	0	1996
20378	52	1	0	1981
20378	53	1	0	2040
20378	58	1	0	2008
20378	60	1	1	5910
20378	68	1	0	1991
20378	73	1	0	2029
20378	84	1	0	2004
20378	89	2	0	4035
20378	101	1	0	1987
20378	108	1	0	2025
20378	125	1	0	1998
20378	145	1	0	1978
20378	157	1	0	2037
20378	161	1	0	2013
20379	49	1	1	13240
20379	55	1	1	13240
20379	139	8	2	23864
20379	189	2	2	26480
20380	6	1	1	13240
20380	68	1	1	13240
20380	124	1	1	13240
20380	246	1	0	2016
20380	253	1	0	1631
20380	260	1	0	1987
20380	264	1	0	1652
20380	267	3	0	5802
20380	275	1	0	1990
20380	286	1	0	1655
20381	0	1	0	2002
20381	6	1	0	1633
20381	7	1	0	2018
20381	16	1	0	1994
20381	26	1	0	2027
20381	28	1	0	2000
20381	29	1	0	2000
20381	31	1	0	1636
20381	36	1	0	1641
20381	39	1	0	1983
20381	44	1	0	1635
20381	45	1	0	1958
20381	51	2	2	26480
20381	52	1	1	13240
20381	57	1	0	2017
20381	60	1	0	1659
20381	62	1	0	1637
20381	66	1	0	1966
20381	67	1	0	1988
20381	68	2	0	4014
20381	76	1	0	2022
20381	77	1	0	1954
20381	78	1	0	1988
20381	79	1	0	2009
20381	87	1	1	13240
20381	98	1	0	1655
20381	102	1	0	2005
20381	105	1	0	1995
20381	115	1	0	1999
20381	122	1	0	1990
20381	126	1	0	2021
20381	163	1	0	1995
20381	278	1	1	13240
20382	274	1	1	13240
20382	277	1	1	13240
20383	39	2	2	26480
20383	45	1	1	13240
20383	137	1	1	13240
20383	144	1	1	13240
20383	223	1	1	13240
20384	58	1	1	13240
20385	32	10	1	30730
20385	33	27	6	76353
20385	34	22	1	45371
20385	257	1	1	13240
20386	187	1	1	13240
20386	275	1	1	13240
20387	0	1	1	13240
20387	54	2	2	26480
20389	113	2	2	26480
20389	151	1	1	13240
20389	277	2	2	26480
20390	228	2	2	19150
20390	229	18	9	71207
20391	27	1	1	13240
20392	192	1	1	13240
20393	184	1	1	13240
20393	185	1	1	13240
20393	235	1	1	13240
20393	236	1	1	13240
20396	26	1	1	13240
20396	68	1	1	13240
20396	69	1	1	13240
20396	125	2	1	1950
20396	134	14	1	30775
20396	135	36	5	89630
20396	136	3	1	9204
20397	137	1	1	13240
20397	189	1	1	13240
20398	16	1	1	13240
20399	18	2	2	26480
20400	2	1	1	13240
20400	169	1	1	13240
20402	19	2	1	1990
20402	77	1	1	13240
20402	86	17	7	61085
20402	280	1	1	13240
20402	285	1	1	13240
20403	228	1	1	13240
20404	133	1	1	13240
20405	123	1	1	13240
20406	35	1	1	13240
20406	121	1	1	13240
20406	167	1	1	13240
20406	232	1	1	13240
20407	162	2	1	1950
20407	207	1	1	13240
20407	246	1	1	13240
20407	272	4	0	7949
20407	273	38	5	92786
20407	274	6	2	18897
20407	283	1	1	13240
20410	139	1	1	13240
20410	277	1	1	13240
20411	72	1	1	13240
20411	93	1	1	5910
20411	192	1	1	5910
20412	266	2	2	5910
20412	278	1	1	13240
20413	10	2	1	7864
20413	11	24	8	78968
20413	33	1	1	13240
20413	137	1	1	13240
20414	83	1	1	13240
20414	237	1	1	13240
20415	41	1	1	13240
20416	282	1	1	13240
20417	123	1	1	13240
20418	51	2	1	7860
20419	46	1	1	13240
20420	20	1	1	13240
20420	220	1	1	13240
20420	221	1	1	13240
20420	231	1	1	13240
20422	32	1	1	13240
20422	33	1	1	13240
20422	96	1	1	13240
20422	221	7	0	53508
20422	263	2	0	15288
20422	265	1	0	7644
20423	121	2	1	7897
20423	133	22	5	62738
20423	134	21	2	47264
20423	250	1	1	13240
20424	206	1	1	13240
20425	84	1	1	13240
20425	128	3	3	39720
20425	189	1	1	13240
20425	242	1	1	13240
20426	105	1	1	13240
20427	52	1	1	13240
20427	195	1	1	13240
20427	206	1	1	13240
20428	70	1	1	13240
20428	115	1	1	13240
20429	247	1	1	13240
20430	50	1	1	13240
20430	57	1	1	13240
20431	213	1	0	2006
20432	104	1	0	2037
20432	105	3	2	13861
20432	171	1	1	13240
20432	192	1	1	13240
20432	265	1	1	13240
20433	30	1	1	13240
20433	56	1	1	13240
20433	58	2	2	26480
20433	173	1	1	13240
20433	184	18	18	140596
20433	186	1	1	13240
20433	195	2	2	26480
20433	205	2	0	4098
20433	245	1	0	1787
20433	253	2	2	26480
20433	257	1	1	13240
20433	281	56	2	117289
20433	282	12	6	47709
20434	3	1	1	13240
20434	5	20	8	71592
20434	7	1	0	1787
20434	8	3	0	6081
20434	9	1	0	1995
20434	11	1	0	2069
20434	12	1	0	2065
20434	15	1	1	13240
20434	18	4	4	26480
20434	33	1	1	13240
20434	53	1	0	2051
20434	54	1	0	2047
20434	58	1	1	13240
20434	65	2	0	4044
20434	164	1	1	13240
20434	169	1	1	13240
20434	181	1	1	13240
20434	207	1	1	13240
20434	259	4	4	52960
20434	263	2	2	26480
20435	18	3	3	26480
20435	38	1	1	13240
20435	67	1	1	13240
20435	142	1	1	13240
20435	153	1	1	13240
20435	159	1	1	13240
20435	163	1	1	13240
20435	199	1	1	13240
20435	205	2	0	4092
20435	256	1	0	2018
20436	8	2	2	26480
20436	164	1	0	2045
20436	165	1	0	2049
20436	219	2	2	26480
20436	222	1	1	13240
20437	7	3	3	39720
20437	10	3	3	39720
20437	109	1	1	13240
20437	157	1	1	13240
20437	162	1	1	13240
20437	196	1	1	13240
20437	243	1	1	13240
20437	252	1	1	5910
20437	265	1	1	13240
20438	10	1	1	13240
20438	30	1	1	13240
20438	58	1	0	1659
20438	59	1	1	13240
20438	70	1	1	13240
20438	81	1	1	13240
20438	146	1	1	13240
20438	199	1	1	13240
20438	253	2	2	26480
20438	257	1	0	2000
20438	260	2	0	3660
20438	262	1	0	1995
20438	263	1	0	1659
20438	264	1	0	1970
20438	266	2	0	3663
20438	268	1	0	2002
20438	270	1	0	1636
20438	272	1	0	2021
20438	276	1	0	1636
20438	279	2	0	3951
20438	281	2	0	3777
20438	284	2	0	4028
20438	287	2	0	3994
20439	1	1	0	1954
20439	4	1	0	1786
20439	10	1	0	1987
20439	18	1	0	2022
20439	19	1	0	1977
20439	21	2	0	4044
20439	25	1	1	13240
20439	26	1	0	2004
20439	27	1	1	13240
20439	33	1	0	2026
20439	44	1	0	1987
20439	45	1	0	2018
20439	46	1	0	1655
20439	47	1	0	1987
20439	49	1	0	1994
20439	50	1	0	2021
20439	55	1	0	1987
20439	57	1	0	2036
20439	63	1	0	2029
20439	64	1	0	2008
20439	68	1	0	2018
20439	76	1	0	2012
20439	78	1	0	2013
20439	81	1	0	1998
20439	84	1	0	1983
20439	88	2	0	3982
20439	91	2	0	3614
20439	92	1	0	1992
20439	95	1	0	1631
20439	97	1	0	1994
20439	99	1	0	2027
20439	104	1	0	1992
20439	106	1	0	1651
20439	108	1	0	1655
20439	117	1	0	1990
20439	121	1	0	1992
20439	127	2	0	3990
20439	130	1	0	1998
20439	174	2	2	26480
20439	184	2	2	26480
20439	275	1	1	13240
20440	33	2	2	26480
20440	81	1	1	13240
20440	108	1	1	13240
20440	199	1	1	13240
20441	0	1	1	13240
20441	204	1	1	13240
20442	126	1	1	13240
20442	139	1	1	13240
20442	165	1	1	13240
20444	156	1	1	13240
20444	227	1	1	13240
20444	246	1	1	13240
20444	269	1	1	13240
20445	151	1	1	13240
20445	287	1	1	13240
20446	20	1	1	13240
20446	163	1	1	13240
20446	183	1	1	13240
20447	12	2	2	26480
20447	80	2	2	26480
20447	133	1	1	13240
20447	151	1	1	13240
20448	64	1	1	13240
20448	76	2	2	13240
20449	194	1	1	13240
20450	42	1	1	13240
20450	103	2	2	26480
20450	139	2	2	26480
20451	73	1	1	13240
1	0	0	0	1	0	0	29412645	0	0	29412645	0	/config/cli_bootstrap.php
1	0	0	0	1	0	0	29412646	0	0	29412646	0	/admin/constants.js
1	0	0	0	1	0	0	29412644	0	0	29412644	0	/storage/logs/laravel.log
1	0	0	0	1	0	0	29412643	0	0	29412643	0	/wordpress/wp-config.php.bak
1	0	0	0	1	0	0	29412643	0	0	29412643	0	/install/index.php
1	0	0	0	1	0	0	29412651	0	0	29412651	0	/server/constant.js
1	0	0	0	1	0	0	29412653	0	0	29412653	0	/config/application.yml
1	0	0	0	6	0	0	29425868	0	0	29337048	0	/config.js
1	0	0	0	1	0	0	29412648	0	0	29412648	0	/application/libraries/aws/access.ini
1	0	0	0	1	0	0	29412646	0	0	29412646	0	/src/settings.json
1	0	0	0	1	0	0	29412646	0	0	29412646	0	/AWSCredentials.properties
1	18	0	0	0	29432054	0	0	29336571	0	0	26149	/error/400.shtml
1	0	0	0	1	0	0	29412649	0	0	29412649	0	/circle.yml
1	0	0	0	1	0	0	29412644	0	0	29412644	0	/sftp-config.json
1	0	0	0	1	0	0	29412651	0	0	29412651	0	/src/FileUpload.js
1	0	0	0	1	0	0	29412652	0	0	29412652	0	/staging/config/common.js
1	0	0	0	1	0	0	29412643	0	0	29412643	0	/linusadmin-phpinfo.php
1	18	0	0	0	29432701	0	0	29336571	0	0	26436	/error/401.shtml
1	0	0	0	1	0	0	29412649	0	0	29412649	0	/backend/constant.js
1	0	0	0	1	0	0	29412652	0	0	29412652	0	/web/constant.js
1	0	0	0	1	0	0	29412643	0	0	29412643	0	/admincontrol/sys_phpinfo.php
1	0	0	0	1	0	0	29412644	0	0	29412644	0	/config/database.php
1	0	0	0	1	0	0	29412650	0	0	29412650	0	/elb.rb
1	0	0	0	29	0	0	29433081	0	0	29336571	0	/.env
1	0	0	0	1	0	0	29336571	0	0	29336571	0	/%3FC%3DD%3BO%3DA
1	18	0	0	0	29432638	0	0	29336571	0	0	26080	/error/402.shtml
1	0	0	0	1	0	0	29412650	0	0	29412650	0	/minio.md
1	0	0	0	1	0	0	29412645	0	0	29412645	0	/Properties/launchSettings.json
1	0	0	0	1	0	0	29412652	0	0	29412652	0	/src/mailserver.js
1	0	0	0	1	0	0	29412651	0	0	29412651	0	/server/src/util/s3_operation.go
1	0	0	0	13	0	0	29366842	0	0	29336736	0	/js/lkk_ch.js
1	0	0	0	1	0	0	29412649	0	0	29412649	0	/backend/utils.js
1	0	0	0	1	0	0	29412653	0	0	29412653	0	/.jaynes.yml
1	0	0	0	1	0	0	29412649	0	0	29412649	0	/backend/controller.js
1	18	0	0	0	29432619	0	0	29336571	0	0	26070	/error/403.shtml
1	0	0	0	1	0	0	29412649	0	0	29412649	0	/config/app.js
1	17	0	0	0	29432690	0	0	29336571	0	0	24722	/error/404.shtml
1	0	0	0	1	0	0	29412646	0	0	29412646	0	/admin/config/database.js
1	0	0	0	1	0	0	29412644	0	0	29412644	0	/config/app.php
1	0	0	0	1	0	0	29412647	0	0	29412647	0	/app/config/parameters.yml.dist
1	0	0	0	1	0	0	29412650	0	0	29412650	0	/constants.ts
1	0	0	0	1	0	0	29412643	0	0	29412643	0	/tool/phpinfo.php
1	0	0	0	1	0	0	29412645	0	0	29412645	0	/appsettings.Local.json
1	0	0	0	1	0	0	29412652	0	0	29412652	0	/src/src.js
1	16	0	0	0	29432584	0	0	29336571	0	0	27725	/error/405.shtml
1	0	0	0	3	0	0	29336571	0	0	29336571	0	/cgi-bin/
1	0	0	0	1	0	0	29412645	0	0	29412645	0	/config/aws.json
1	0	0	0	1	0	0	29412647	0	0	29412647	0	/app.py
1	0	0	0	1	0	0	29412645	0	0	29412645	0	/config/production.config.php
1	0	0	0	5	0	0	29429332	0	0	29336624	0	/https:/fonts.googleapis.com/css2%3Ffamily%3DAldrich%26family%3DAudiowide%26family%3DBad+Script%26family%3DBitcount+Single+Ink:slnt,wght,CRSV,ELSH,ELXP,SZP1,SZP2,XPN1,XPN2,YPN1,YPN2@-8..0,100..900,0..1,0..100,0..100,0..100,0..100,-100..100,-100..100,-100..100,-100..100%26family%3DCairo+Play:slnt,wght@-11..11,200..1000%26family%3DElectrolize%26family%3DFugaz+One%26family%3DGeo:ital@0%3B1%26family%3DGermania+One%26family%3DGoogle+Sans+Code:ital,wght@0,300..800%3B1,300..800%26family%3DHonk:MORF,SHLN@0..45,0..100%26family%3DIceberg%26family%3DIceland%26family%3DJacquard+24%26family%3DKings%26family%3DMichroma%26family%3DNabla:EDPT,EHLT@0..200,0..24%26family%3DNew+Amsterdam%26family%3DNosifer%26family%3DOrbit%26family%3DOrbitron:wght@400..900%26family%3DProtest+Guerrilla%26family%3DQuantico:ital,wght@0,400%3B0,700%3B1,400%3B1,700%26family%3DSaira+Stencil+One%26family%3DSilkscreen:wght@400%3B700%26family%3DSyne+Mono%26family%3DTektur:wdth,wght@75..100,400..900%26display%3Dswap
1	0	0	0	1	0	0	29412647	0	0	29412647	0	/app.yaml
1	0	0	0	1	0	0	29412647	0	0	29412647	0	/api/config/common.js
1	17	0	0	0	29432749	0	0	29336571	0	0	29812	/error/406.shtml
1	0	0	0	1	0	0	29412644	0	0	29412644	0	/config/queue.php
1	0	0	0	2	0	0	29383198	0	0	29383128	0	/.gitignore
1	0	0	0	1	0	0	29412651	0	0	29412651	0	/prod/config.js
1	0	0	0	1	0	0	29412648	0	0	29412648	0	/awsconfig.properties
1	0	0	0	1	0	0	29412645	0	0	29412645	0	/tsconfig.app.json
1	17	17	0	0	29430542	0	0	29336571	0	0	100470	/error/
1	0	0	0	1	0	0	29412645	0	0	29412645	0	/config/acl.config.php
1	0	0	0	1	0	0	29412644	0	0	29412644	0	/src/config.json
1	0	0	0	1	0	0	29412652	0	0	29412652	0	/src/mail.js
1	17	0	0	0	29432659	0	0	29336571	0	0	30299	/error/407.shtml
1	0	0	0	1	0	0	29412652	0	0	29412652	0	/staging/config/config.js
1	0	0	0	1	0	0	29412649	0	0	29412649	0	/config/index.js
1	0	0	0	1	0	0	29412646	0	0	29412646	0	/API/config/constants.js
1	0	0	0	1	0	0	29412653	0	0	29412653	0	/.production
1	0	0	0	1	0	0	29412654	0	0	29412654	0	/myproject/settings.py
1	0	0	0	1	0	0	29412654	0	0	29412654	0	/elasticsearch.yml
1	0	0	0	1	0	0	29412653	0	0	29412653	0	/config/php.ini
1	2	2	0	0	29424989	0	0	29424989	0	0	11820	/error/?C=S&O=D
1	0	0	0	9	0	0	29424444	0	0	29336571	0	/@vite/env
1	0	0	0	5	0	0	29425868	0	0	29337048	0	/.git/logs/HEAD
1	2	2	0	0	29424930	0	0	29424930	0	0	11820	/error/?C=S&O=A
1	0	0	0	1	0	0	29412647	0	0	29412647	0	/api/helper.js
1	19	0	0	0	29432799	0	0	29336571	0	0	33814	/error/408.shtml
1	0	0	0	1	0	0	29412654	0	0	29412654	0	/settings.yaml
1	0	0	0	1	0	0	29412642	0	0	29412642	0	/install/phpinfo.php
1	0	0	0	1	0	0	29412649	0	0	29412649	0	/backend/node/common.js
1	0	0	0	1	0	0	29412653	0	0	29412653	0	/.aws-secrets
1	0	0	0	1	0	0	29412649	0	0	29412649	0	/configs/aws.config.ts
1	0	0	0	1	0	0	29412649	0	0	29412649	0	/config/mail.js
1	0	0	0	1	0	0	29412652	0	0	29412652	0	/web/config/database.js
1	0	0	0	1	0	0	29412647	0	0	29412647	0	/app.yml
1	0	0	0	1	0	0	29412642	0	0	29412642	0	/backend/.env.development
1	17	0	0	0	29432166	0	0	29336571	0	0	29254	/error/410.shtml
1	17	0	0	0	29432622	0	0	29336571	0	0	29763	/error/409.shtml
1	0	0	0	1	0	0	29412647	0	0	29412647	0	/application.ini
1	0	0	0	1	0	0	29412651	0	0	29412651	0	/src/constants.ts
1	0	0	0	1	0	0	29412650	0	0	29412650	0	/dev/helper.js
1	0	0	0	1	0	0	29412647	0	0	29412647	0	/api/mailer.js
1	0	0	0	1	0	0	29412650	0	0	29412650	0	/dev/controller.js
1	0	0	0	1	0	0	29412647	0	0	29412647	0	/app.js
1	0	0	0	1	0	0	29412648	0	0	29412648	0	/aws.md
1	0	0	0	1	0	0	29412646	0	0	29412646	0	/IAM.md
1	20	0	0	0	29432414	0	0	29336571	0	0	36324	/error/411.shtml
1	2	2	0	0	29424928	0	0	29424928	0	0	11820	/error/?C=N&O=D
1	2	2	0	0	29424988	0	0	29424988	0	0	11820	/error/?C=N&O=A
1	0	0	0	1	0	0	29412650	0	0	29412650	0	/constants.js
1	0	0	0	1	0	0	29412649	0	0	29412649	0	/conf.yaml
1	0	0	0	1	0	0	29412648	0	0	29412648	0	/application/configs/application.ini
1	0	0	0	1	0	0	29412650	0	0	29412650	0	/dev/mailer.js
1	0	0	0	1	0	0	29412649	0	0	29412649	0	/config/sitemap.rb
1	0	0	0	1	0	0	29412649	0	0	29412649	0	/config/utils.js
1	0	0	0	1	0	0	29412647	0	0	29412647	0	/apis/controllers/users.js
1	0	0	0	1	0	0	29412648	0	0	29412648	0	/backend/config/development.yml
1	18	0	0	0	29432084	0	0	29336571	0	0	32278	/error/412.shtml
1	5	5	0	0	29394776	0	0	29362745	0	0	29550	/error/?C=S;O=D
1	0	0	0	1	0	0	29412653	0	0	29412653	0	/credentials.ini
1	7	7	0	0	29409788	0	0	29354566	0	0	41370	/error/?C=S;O=A
1	0	0	0	1	0	0	29412654	0	0	29412654	0	/defaults.yaml
1	0	0	0	2	0	0	29424443	0	0	29424443	0	/webjars/swagger-ui/
1	0	0	0	1	0	0	29412654	0	0	29412654	0	/settings.ini
1	0	0	0	1	0	0	29412644	0	0	29412644	0	/application/config/autoload.php
1	0	0	0	1	0	0	29412653	0	0	29412653	0	/config_tmp.ini
1	0	0	0	1	0	0	29412647	0	0	29412647	0	/api/index.js
1	0	0	0	1	0	0	29412651	0	0	29412651	0	/providers/aws.service.ts
1	0	0	0	1	0	0	29412654	0	0	29412654	0	/api/settings.py
1	0	0	0	1	0	0	29412652	0	0	29412652	0	/staging/config/constants.js
1	18	0	0	0	29432265	0	0	29336571	0	0	31957	/error/413.shtml
1	0	0	0	4	0	0	29433081	0	0	29412642	0	/test.php
1	0	0	0	1	0	0	29412649	0	0	29412649	0	/config/controller.js
1	0	0	0	1	0	0	29412654	0	0	29412654	0	/secrets.yaml
1	0	0	0	1	0	0	29412654	0	0	29412654	0	/manifest.yaml
1	0	0	0	1	0	0	29412643	0	0	29412643	0	/infos.php
1	0	0	0	4	0	0	29433081	0	0	29412642	0	/_profiler/phpinfo
1	0	0	0	1	0	0	29412648	0	0	29412648	0	/aws/s3.ts
1	18	0	0	0	29432553	0	0	29336571	0	0	32138	/error/500.shtml
1	0	0	0	4	0	0	29424444	0	0	29336571	0	/server-status
1	20	0	0	0	29432765	0	0	29336571	0	0	35858	/error/414.shtml
1	0	0	0	1	0	0	29412650	0	0	29412650	0	/dev/mail.js
1	8	8	0	0	29409788	0	0	29354567	0	0	47280	/error/?C=N;O=D
1	0	0	0	1	0	0	29412649	0	0	29412649	0	/config/config.ino
1	0	0	0	1	0	0	29412647	0	0	29412647	0	/app/.secrets
1	6	6	0	0	29402176	0	0	29362746	0	0	35460	/error/?C=N;O=A
1	18	0	0	0	29432568	0	0	29336571	0	0	31897	/error/501.shtml
1	0	0	0	1	0	0	29412652	0	0	29412652	0	/web/controller.js
1	0	0	0	1	0	0	29412650	0	0	29412650	0	/dev/config/constants.js
1	0	0	0	1	0	0	29412648	0	0	29412648	0	/aws/access.ini
1	0	0	0	1	0	0	29412643	0	0	29412643	0	/.env.js
1	0	0	0	1	0	0	29412647	0	0	29412647	0	/api/constants.js
1	0	0	0	1	0	0	29412646	0	0	29412646	0	/API.md
1	17	0	0	0	29432389	0	0	29336571	0	0	30288	/error/415.shtml
1	0	0	0	4	0	0	29424444	0	0	29336571	0	/.DS_Store
1	0	0	0	1	0	0	29412646	0	0	29412646	0	/admin/config_pro.toml
1	0	0	0	1	0	0	29412644	0	0	29412644	0	/config/services.php
1	0	0	0	1	0	0	29412646	0	0	29412646	0	/config/dev.json
1	0	0	0	1	0	0	29412645	0	0	29412645	0	/launchSettings.json
1	0	0	0	1	0	0	29412650	0	0	29412650	0	/model/config.ts
1	0	0	0	1	0	0	29412648	0	0	29412648	0	/aws/s3.py
1	0	0	0	4	0	0	29424444	0	0	29336571	0	/telescope/requests
1	17	0	0	0	29432797	0	0	29336571	0	0	29992	/error/502.shtml
1	0	0	0	1	0	0	29412649	0	0	29412649	0	/backend/node/config.js
1	20	0	0	0	29432449	0	0	29336571	0	0	36667	/error/416.shtml
1	2	2	0	0	29424988	0	0	29424988	0	0	11820	/error/?C=D&O=D
1	0	0	0	1	0	0	29412651	0	0	29412651	0	/src/app/services/aws.service.ts
1	0	0	0	1	0	0	29412649	0	0	29412649	0	/be/config.js
1	0	0	0	1	0	0	29412651	0	0	29412651	0	/src/constants.js
1	2	2	0	0	29424930	0	0	29424930	0	0	11820	/error/?C=D&O=A
1	0	0	0	1	0	0	29412651	0	0	29412651	0	/server/controller.js
1	0	0	0	1	0	0	29412647	0	0	29412647	0	/api/utils.js
1	0	0	0	1	0	0	29412645	0	0	29412645	0	/meteor.settings.json
1	0	0	0	1	0	0	29412653	0	0	29412653	0	/configs/application.ini
1	0	0	0	1	0	0	29412651	0	0	29412651	0	/server/config/common.js
1	18	0	0	0	29432439	0	0	29336571	0	0	31782	/error/503.shtml
1	0	0	0	1	0	0	29412645	0	0	29412645	0	/config/app.default.php
1	0	0	0	1	0	0	29412644	0	0	29412644	0	/config/view.php
1	0	0	0	1	0	0	29412650	0	0	29412650	0	/constants.yml
1	20	0	0	0	29432814	0	0	29336571	0	0	35984	/error/417.shtml
1	0	0	0	4	0	0	29424444	0	0	29336571	0	/debug/default/view?panel=config
1	0	0	0	7	0	0	29418744	0	0	29351393	0	/.git/config?54.202.142.11
1	0	0	0	4	0	0	29433081	0	0	29412642	0	/phpinfo.php
1	19	0	0	0	29432682	0	0	29336571	0	0	33799	/error/504.shtml
1	0	0	0	1	0	0	29412643	0	0	29412643	0	/phpinfo.php5
1	0	0	0	1	0	0	29412643	0	0	29412643	0	/phpinfo.php4
1	0	0	0	1	0	0	29412643	0	0	29412643	0	/phpinfo.php3
1	0	0	0	1	0	0	29412653	0	0	29412653	0	/.travis.old.yml
1	0	0	0	1	0	0	29412649	0	0	29412649	0	/configs/routes-4aug.js
1	0	0	0	1	0	0	29412648	0	0	29412648	0	/backend/config/template.js
1	0	0	0	1	0	0	29412643	0	0	29412643	0	/api/info.php
1	0	0	0	1	0	0	29412653	0	0	29412653	0	/aws.yml
1	0	0	0	1	0	0	29412652	0	0	29412652	0	/web/config/constants.js
1	0	0	0	1	0	0	29412648	0	0	29412648	0	/backend/config/default.yml
1	0	0	0	1	0	0	29412654	0	0	29412654	0	/minio.yml
1	0	0	0	1	0	0	29412644	0	0	29412644	0	/.ssh/sftp-config.json
1	0	0	0	1	0	0	29412644	0	0	29412644	0	/config/filesystems.php
1	20	0	0	0	29432500	0	0	29336571	0	0	36342	/error/505.shtml
1	0	0	0	1	0	0	29412643	0	0	29412643	0	/frontend_dev.php/$
1	0	0	0	1	0	0	29412651	0	0	29412651	0	/server/main.go
1	0	0	0	1	0	0	29412647	0	0	29412647	0	/api/config/constants.js
1	0	0	0	1	0	0	29412642	0	0	29412642	0	/admin/test.php
1	0	0	0	1	0	0	29412643	0	0	29412643	0	/.aws/config
1	0	0	0	2	0	0	29427114	0	0	29425387	0	/robots.txt?3.120.183.164
1	0	0	0	1	0	0	29412649	0	0	29412649	0	/configs/routes.js
1	0	0	0	1	0	0	29412647	0	0	29412647	0	/api/server.js
1	0	0	0	4	0	0	29433081	0	0	29412642	0	/dashboard/info.php
1	6	6	0	0	29409792	0	0	29362746	0	0	35460	/error/?C=D;O=D
1	0	0	0	1	0	0	29412650	0	0	29412650	0	/constants.json
1	7	7	0	0	29409793	0	0	29354574	0	0	41370	/error/?C=D;O=A
1	0	0	0	1	0	0	29412652	0	0	29412652	0	/user/config/config.js
1	0	0	0	1	0	0	29412648	0	0	29412648	0	/awsKEY.py
1	19	0	0	0	29432476	0	0	29336571	0	0	34444	/error/506.shtml
1	0	0	0	1	0	0	29412652	0	0	29412652	0	/utils/s3Client.ts
1	0	0	0	1	0	0	29412646	0	0	29412646	0	/admin/config/common.js
1	0	0	0	1	0	0	29412647	0	0	29412647	0	/api/constant.js
1	0	0	0	1	0	0	29412653	0	0	29412653	0	/.cirrus.yml
1	0	0	0	4	0	0	29433081	0	0	29412642	0	/.env.production
1	0	0	0	1	0	0	29412651	0	0	29412651	0	/src/constant.js
1	0	0	0	1	0	0	29412651	0	0	29412651	0	/server/config/template.js
1	0	0	0	1	0	0	29412650	0	0	29412650	0	/dev/server.js
1	0	0	0	2	0	0	29424443	0	0	29424443	0	/api/graphql
1	0	0	0	1	0	0	29412647	0	0	29412647	0	/api/common.js
1	0	0	0	4	0	0	29424444	0	0	29336571	0	/actuator/env
1	20	0	0	0	29432541	0	0	29336571	0	0	36164	/error/507.shtml
1	0	0	0	1	0	0	29412646	0	0	29412646	0	/SendMail.ts
1	0	0	0	1	0	0	29412653	0	0	29412653	0	/.local
1	0	0	0	4	0	0	29433081	0	0	29412642	0	/.env.development
1	20	0	0	0	29432646	0	0	29336571	0	0	35913	/error/422.shtml
1	0	0	0	1	0	0	29412645	0	0	29412645	0	/config/requirements.php
1	0	0	0	1	0	0	29412653	0	0	29412653	0	/.travis.yml
1	0	0	0	2	0	0	29418100	0	0	29417998	0	/.git/
1	0	0	0	1	0	0	29412649	0	0	29412649	0	/config.yaml
1	0	0	0	1	0	0	29412645	0	0	29412645	0	/tsconfig.spec.json
1	0	0	0	1	0	0	29412647	0	0	29412647	0	/application/config/aws_constants.js
1	0	0	0	1	0	0	29412644	0	0	29412644	0	/application/config/constants.php/
1	0	0	0	1	0	0	29412642	0	0	29412642	0	/admin/server_info.php
1	19	0	0	0	29432601	0	0	29336571	0	0	33443	/error/423.shtml
1	0	0	0	1	0	0	29412643	0	0	29412643	0	/dev/phpinfo.php
1	0	0	0	10	0	0	29424444	0	0	29336571	0	/.vscode/sftp.json
1	0	0	0	1	0	0	29412653	0	0	29412653	0	/credentials.json
1	0	0	0	1	0	0	29412653	0	0	29412653	0	/conf/conf.toml
1	0	0	0	1	0	0	29412647	0	0	29412647	0	/api/node/constant.js
1	0	0	0	2	0	0	29424443	0	0	29424443	0	/graphql
1	20	0	0	0	29432615	0	0	29336571	0	0	35607	/error/510.shtml
1	20	0	0	0	29432181	0	0	29336571	0	0	32167	/error/424.shtml
1	0	0	0	1	0	0	29412644	0	0	29412644	0	/assets/js/config.js
1	0	0	0	1	0	0	29412649	0	0	29412649	0	/config/storage.yml
1	0	0	0	1	0	0	29412653	0	0	29412653	0	/config/parameters.yml
1	0	0	0	2	0	0	29424444	0	0	29424444	0	/v3/api-docs
1	0	0	0	1	0	0	29412643	0	0	29412643	0	/login/index.php
1	0	0	0	1	0	0	29412649	0	0	29412649	0	/backend/mail.js
1	0	0	0	1	0	0	29412643	0	0	29412643	0	/time.php
1	0	0	3	0	0	29430542	0	0	29422609	0	0	/error
1	0	0	0	1	0	0	29412647	0	0	29412647	0	/api/node/common.js
1	0	0	0	1	0	0	29412645	0	0	29412645	0	/config/default.json
1	0	0	0	1	0	0	29412643	0	0	29412643	0	/i.php
1	0	0	0	1	0	0	29412643	0	0	29412643	0	/wp-config.php.save
1	0	0	0	1	0	0	29412646	0	0	29412646	0	/config/prod.json
1	0	0	0	1	0	0	29412646	0	0	29412646	0	/admin/app.js
1	0	0	0	1	0	0	29412648	0	0	29412648	0	/awsS3.util.ts
1	0	0	0	1	0	0	29412645	0	0	29412645	0	/settings.json
1	0	0	0	1	0	0	29412654	0	0	29412654	0	/notes.yml
1	0	0	0	1	0	0	29412643	0	0	29412643	0	/src/.env.js
1	0	0	0	5	0	0	29425868	0	0	29337048	0	/admin/.env
1	0	0	0	13	0	0	29366842	0	0	29336736	0	/js/twint_ch.js
1	0	0	0	1	0	0	29412654	0	0	29412654	0	/passwords.yml
1	0	0	0	1	0	0	29412646	0	0	29412646	0	/admin/constant.js
1	0	0	0	1	0	0	29412647	0	0	29412647	0	/api/model/config.ts
1	0	0	0	2	0	0	29424443	0	0	29424443	0	/swagger-ui.html
1	4	4	0	0	29424444	0	0	29336571	0	0	28074	/?rest_route=/wp/v2/users/
1	0	0	0	1	0	0	29412650	0	0	29412650	0	/index.ts
1	0	0	0	1	0	0	29412648	0	0	29412648	0	/application/libraries/aws-config.ini
1	0	0	0	4	0	0	29424444	0	0	29336571	0	/_all_dbs
1	0	0	0	1	0	0	29412652	0	0	29412652	0	/src/libs/aws-notifications.ts
1	0	0	0	1	0	0	29412644	0	0	29412644	0	/prevlaravel/sftp-config.json
1	0	0	0	1	0	0	29412642	0	0	29412642	0	/tools/phpinfo.php
1	0	0	0	1	0	0	29412647	0	0	29412647	0	/api/config.js
1	0	0	0	1	0	0	29412643	0	0	29412643	0	/test2.php
1	0	0	2	71	0	29408785	29448698	0	29408785	29336572	0	/favicon.ico
1	0	0	0	1	0	0	29412644	0	0	29412644	0	/config/.env.js
1	0	0	0	1	0	0	29412652	0	0	29412652	0	/user/controllers/index.js
1	0	0	0	1	0	0	29412648	0	0	29412648	0	/backend/config/database.js
1	0	0	0	1	0	0	29412651	0	0	29412651	0	/src/config/template.js
1	0	0	0	1	0	0	29412653	0	0	29412653	0	/conf/aws.toml
1	0	0	0	4	0	0	29433081	0	0	29412642	0	/api/.env
1	0	0	0	1	0	0	29412643	0	0	29412643	0	/php-info.php
1	0	0	0	9	0	0	29433081	0	0	29337048	0	/backend/.env
1	0	0	0	1	0	0	29412650	0	0	29412650	0	/mailserver.js
1	0	0	0	1	0	0	29412651	0	0	29412651	0	/readme.md
1	0	0	0	1	0	0	29412647	0	0	29412647	0	/api/controller.js
1	0	0	0	1	0	0	29412648	0	0	29412648	0	/awsApp.properties
1	0	0	0	1	0	0	29412650	0	0	29412650	0	/dev/config.js
1	0	0	0	1	0	0	29412647	0	0	29412647	0	/app/sign.go
1	0	0	0	1	0	0	29412642	0	0	29412642	0	/modules/phpinfo.php
1	0	0	0	2	0	0	29424443	0	0	29424443	0	/graphql/api
1	0	0	0	1	0	0	29412648	0	0	29412648	0	/aws_cred.yml
1	0	0	0	1	0	0	29412653	0	0	29412653	0	/.docker/config.json
1	0	0	0	1	0	0	29412644	0	0	29412644	0	/application/config/database.php
1	0	0	0	1	0	0	29412653	0	0	29412653	0	/.remote
1	0	0	0	1	0	0	29412645	0	0	29412645	0	/angular.json
1	0	0	0	1	0	0	29412646	0	0	29412646	0	/config/staging.json
1	0	0	0	1	0	0	29412650	0	0	29412650	0	/helper/EmailHelper.js
1	0	0	0	1	0	0	29412651	0	0	29412651	0	/src/config/common.js
1	0	0	0	1	0	0	29412642	0	0	29412642	0	/debug/phpinfo.php
1	0	0	0	1	0	0	29412645	0	0	29412645	0	/manifest.json
1	0	0	0	1	0	0	29412644	0	0	29412644	0	/logs/error_log
1	0	0	0	1	0	0	29412643	0	0	29412643	0	/php.php
1	0	0	0	1	0	0	29412654	0	0	29412654	0	/data/credentials.ini
1	0	0	0	1	0	0	29412645	0	0	29412645	0	/hosting.json
1	0	0	0	1	0	0	29412651	0	0	29412651	0	/server/config/database.js
1	0	0	0	1	0	0	29412651	0	0	29412651	0	/qa/config.js
1	0	0	0	1	0	0	29412649	0	0	29412649	0	/config/config.exs
1	0	0	0	1	0	0	29412645	0	0	29412645	0	/config/paths.php
1	0	0	0	1	0	0	29412643	0	0	29412643	0	/_profiler/phpinfo.php
1	0	0	0	1	0	0	29412654	0	0	29412654	0	/swagger.yaml
1	0	0	0	1	0	0	29412643	0	0	29412643	0	/config/aws.yml
1	0	0	0	1	0	0	29412647	0	0	29412647	0	/api/node/config.js
1	0	0	0	1	0	0	29412642	0	0	29412642	0	/api/.env.production
1	0	0	0	1	0	0	29412645	0	0	29412645	0	/config/production.json
1	0	0	0	1	0	0	29412652	0	0	29412652	0	/src/helpers/s3fileUpload.js
1	0	0	0	1	0	0	29412646	0	0	29412646	0	/admin/controller.js
1	0	0	0	1	0	0	29412645	0	0	29412645	0	/tsconfig.json
1	0	0	0	1	0	0	29412654	0	0	29412654	0	/credentials_aws.go
1	0	0	0	1	0	0	29412645	0	0	29412645	0	/api/config/tsconfig.json
1	0	0	0	1	0	0	29412649	0	0	29412649	0	/backend/helper.js
1	0	0	0	1	0	0	29412646	0	0	29412646	0	/NOTES.md
1	0	0	0	1	0	0	29412650	0	0	29412650	0	/index.md
1	0	0	0	1	0	0	29412652	0	0	29412652	0	/website/index.js
1	0	0	0	1	0	0	29412653	0	0	29412653	0	/.git-secrets
1	0	0	0	1	0	0	29412644	0	0	29412644	0	/config/cache.php
1	0	0	0	1	0	0	29412649	0	0	29412649	0	/config/template.js
1	0	0	0	1	0	0	29412652	0	0	29412652	0	/src/lib/aws-wrapper.ts
1	0	0	0	1	0	0	29412650	0	0	29412650	0	/index.js
1	0	0	0	1	0	0	29412652	0	0	29412652	0	/src/helper.js
1	0	0	0	1	0	0	29412645	0	0	29412645	0	/appsettings.Production.json
1	0	0	0	1	0	0	29412648	0	0	29412648	0	/aws-lambda.properties
1	0	0	0	1	0	0	29412649	0	0	29412649	0	/backend/mailer.js
1	0	0	0	1	0	0	29412649	0	0	29412649	0	/backend/node/constants.js
1	0	0	0	1	0	0	29412651	0	0	29412651	0	/server/helper.js
1	0	0	0	1	0	0	29412643	0	0	29412643	0	/old_phpinfo.php
1	0	0	0	1	0	0	29412646	0	0	29412646	0	/AWS/AWSDetails.ts
1	0	0	0	1	0	0	29412643	0	0	29412643	0	/phpversion.php
1	0	0	0	1	0	0	29412647	0	0	29412647	0	/apis/config/config.js
1	1	1	0	0	29412643	0	0	29412643	0	0	13240	/?phpinfo=1
1	0	0	0	1	0	0	29412652	0	0	29412652	0	/src/mailer.js
1	0	0	0	1	0	0	29412642	0	0	29412642	0	/backend/.env.production
1	0	0	0	1	0	0	29412643	0	0	29412643	0	/public/wp-config.php.bak
1	0	0	0	1	0	0	29412645	0	0	29412645	0	/config/bootstrap.php
1	0	0	0	1	0	0	29412646	0	0	29412646	0	/config/local.json
1	0	0	0	1	0	0	29412650	0	0	29412650	0	/constants.ini
1	0	0	0	1	0	0	29412651	0	0	29412651	0	/server/mailer.js
1	0	0	0	1	0	0	29412644	0	0	29412644	0	/application/config/hooks.php
1	0	0	0	1	0	0	29412654	0	0	29412654	0	/docker-cloud.yml
1	0	0	0	1	0	0	29412646	0	0	29412646	0	/admin/helper.js
1	0	0	0	1	0	0	29412650	0	0	29412650	0	/dev/app.js
1	0	0	0	1	0	0	29412648	0	0	29412648	0	/aws.ino
1	0	0	0	1	0	0	29412648	0	0	29412648	0	/aws-wrapper.ts
1	0	0	0	1	0	0	29412645	0	0	29412645	0	/appsettings.json
1	0	0	0	1	0	0	29412645	0	0	29412645	0	/application/config/encryption.php
1	0	0	0	1	0	0	29412650	0	0	29412650	0	/partner/config/config.js
1	0	0	0	1	0	0	29412650	0	0	29412650	0	/connect/call.js
1	0	0	0	1	0	0	29412646	0	0	29412646	0	/Docker.md
1	0	0	0	1	0	0	29412647	0	0	29412647	0	/api/node/constants.js
1	0	0	0	1	0	0	29412643	0	0	29412643	0	/phpinfos.php
1	0	0	0	1	0	0	29412649	0	0	29412649	0	/config/constants.js
1	0	0	0	1	0	0	29412652	0	0	29412652	0	/utils.js
1	0	0	0	1	0	0	29412648	0	0	29412648	0	/aws-s3.ts
1	0	0	0	1	0	0	29412650	0	0	29412650	0	/default.ts
1	0	0	0	1	0	0	29412648	0	0	29412648	0	/config/helper.js
1	0	0	0	1	0	0	29412653	0	0	29412653	0	/app/etc/config.php
1	0	0	0	21	0	0	29422604	0	0	29362740	0	/robots.txt?54.202.142.11
1	0	0	0	1	0	0	29412648	0	0	29412648	0	/aws-example.toml
1	0	0	0	2	0	0	29424443	0	0	29424443	0	/swagger/v1/swagger.json
1	0	0	0	1	0	0	29412647	0	0	29412647	0	/admin/mailer.js
1	0	0	0	1	0	0	29412649	0	0	29412649	0	/backend/mailserver.js
1	0	0	0	1	0	0	29412652	0	0	29412652	0	/web/mail.js
1	0	0	0	1	0	0	29412645	0	0	29412645	0	/appsettings.Test.json
1	0	0	0	5	0	0	29425868	0	0	29337048	0	/wp-config.php
1	0	0	0	1	0	0	29412648	0	0	29412648	0	/backend/config/common.js
1	0	0	0	1	0	0	29412652	0	0	29412652	0	/staging/index.js
1	0	0	0	1	0	0	29412651	0	0	29412651	0	/src/aws.ts
1	0	0	0	5	0	0	29425868	0	0	29337048	0	/core/.env
1	0	0	0	1	0	0	29412648	0	0	29412648	0	/aws.service.ts
1	0	0	0	1	0	0	29412644	0	0	29412644	0	/laravel/storage/logs/laravel.log
1	0	0	0	1	0	0	29412651	0	0	29412651	0	/src/config/database.js
1	0	0	0	1	0	0	29412648	0	0	29412648	0	/aws.config.ts
1	0	0	0	5	0	0	29336627	0	0	29336571	0	/actutor/env
1	0	0	0	1	0	0	29412642	0	0	29412642	0	/administrator/phpinfo.php
1	0	0	0	10	0	0	29425868	0	0	29336571	0	/config.json
1	0	0	0	4	0	0	29424444	0	0	29336571	0	/about
1	0	0	0	1	0	0	29412647	0	0	29412647	0	/app.toml
1	0	0	0	8	0	0	29433081	0	0	29336571	0	/info.php
1	0	0	0	1	0	0	29412648	0	0	29412648	0	/aws-s3.service.ts
1	0	0	0	1	0	0	29412649	0	0	29412649	0	/config/mailer.js
1	0	0	0	1	0	0	29412652	0	0	29412652	0	/src/lib/aws-s3.ts
1	0	0	0	7	0	0	29448519	0	0	29424785	0	/api/action
1	0	0	0	1	0	0	29412651	0	0	29412651	0	/src/Utils/FileUpload.js
1	0	0	0	1	0	0	29412642	0	0	29412642	0	/web/phpinfo.php
1	0	0	0	1	0	0	29412648	0	0	29412648	0	/backend/aws/conf.py
1	0	0	0	1	0	0	29412653	0	0	29412653	0	/.sync.yml
1	0	0	0	1	0	0	29412646	0	0	29412646	0	/admin/index.js
1	0	0	0	1	0	0	29412648	0	0	29412648	0	/aws.show.yaml
1	0	0	0	1	0	0	29412650	0	0	29412650	0	/main.go
1	0	0	0	1	0	0	29412643	0	0	29412643	0	/asdf.php
1	2	2	0	0	29424989	0	0	29424988	0	0	11820	/error/?C=M&O=D
1	0	0	0	1	0	0	29412651	0	0	29412651	0	/server/configs/aws.config.ts
1	2	2	0	0	29424930	0	0	29424930	0	0	11820	/error/?C=M&O=A
1	0	0	0	1	0	0	29412643	0	0	29412643	0	/public/.env.js
1	0	0	0	1	0	0	29412652	0	0	29412652	0	/src/controller.js
1	0	0	0	1	0	0	29412647	0	0	29412647	0	/app/config/development.ini
1	0	0	0	1	0	0	29412648	0	0	29412648	0	/aws-nuke.yaml
1	0	0	0	1	0	0	29412645	0	0	29412645	0	/config/development.config.php
1	0	0	0	1	0	0	29412643	0	0	29412643	0	/pinfo.php
1	0	0	0	4	0	0	29424444	0	0	29336571	0	/ecp/Current/exporttool/microsoft.exchange.ediscovery.exporttool.application
1	0	0	0	1	0	0	29412645	0	0	29412645	0	/application/config/migration.php
1	0	0	0	1	0	0	29412642	0	0	29412642	0	/backend/.env.example
1	0	0	0	1	0	0	29412646	0	0	29412646	0	/private/config.json
1	0	0	0	1	0	0	29412644	0	0	29412644	0	/config.php
1	0	0	0	1	0	0	29412643	0	0	29412643	0	/home/user/.aws/credentials
1	0	0	0	1	0	0	29412654	0	0	29412654	0	/credentials.properties
1	0	0	0	1	0	0	29412646	0	0	29412646	0	/DOCS.md
1	0	0	0	4	0	0	29424444	0	0	29336571	0	/server
1	0	0	0	8	0	0	29424444	0	0	29424444	0	/_next
1	0	0	0	1	0	0	29412652	0	0	29412652	0	/web/web.js
1	0	0	0	1	0	0	29412647	0	0	29412647	0	/api/aws/s3.ts
1	0	0	0	1	0	0	29412647	0	0	29412647	0	/api/config.ino
1	0	0	0	1	0	0	29412653	0	0	29412653	0	/credentials.csv
1	0	0	0	1	0	0	29412645	0	0	29412645	0	/config/security.config.php
1	1	0	0	0	29344827	0	0	29344827	0	0	1987	/error/504.shtml?54.202.142.11
1	0	0	0	1	0	0	29412650	0	0	29412650	0	/dev/config/common.js
1	0	0	0	1	0	0	29412650	0	0	29412650	0	/configs/s3_config.json
1	0	0	0	1	0	0	29412653	0	0	29412653	0	/.lakectl.yaml
1	0	0	0	1	0	0	29412646	0	0	29412646	0	/_config.rb.erb
1	0	0	0	1	0	0	29412651	0	0	29412651	0	/scripts/controller.js
1	0	0	0	1	0	0	29412652	0	0	29412652	0	/staging/config.js
1	0	0	0	4	0	0	29433081	0	0	29412642	0	/phpinfo
1	0	0	0	1	0	0	29412653	0	0	29412653	0	/conf/aws.properties
1	0	0	0	1	0	0	29412644	0	0	29412644	0	/application/config/mimes.php
1	0	0	0	1	0	0	29412649	0	0	29412649	0	/backend/server.js
1	0	0	0	1	0	0	29412647	0	0	29412647	0	/admin/utils.js
1	0	0	0	1	0	0	29412651	0	0	29412651	0	/src/app.js
1	0	0	0	1	0	0	29412645	0	0	29412645	0	/application/config/profiler.php
1	0	0	0	1	0	0	29412650	0	0	29412650	0	/libs/fileUpload.js
1	0	0	0	1	0	0	29412645	0	0	29412645	0	/config/development.json
1	6	6	0	0	29409787	0	0	29362745	0	0	35460	/error/?C=M;O=D
1	0	0	0	1	0	0	29412646	0	0	29412646	0	/_config_base.yml
1	0	0	0	1	0	0	29412644	0	0	29412644	0	/wp-config.php.old
1	7	7	0	0	29409788	0	0	29354566	0	0	41370	/error/?C=M;O=A
1	0	0	0	1	0	0	29412652	0	0	29412652	0	/src/server.js
1	0	0	0	1	0	0	29412654	0	0	29412654	0	/settings.py
1	0	0	0	1	0	0	29412645	0	0	29412645	0	/config/settings.json
1	0	0	0	1	0	0	29412651	0	0	29412651	0	/src/config/aws.ts
1	0	0	0	1	0	0	29412652	0	0	29412652	0	/src/main.py
1	0	0	0	1	0	0	29412650	0	0	29412650	0	/dev/mailserver.js
1	0	0	0	5	0	0	29425868	0	0	29337048	0	/aws.config.js
1	0	0	0	1	0	0	29412645	0	0	29412645	0	/src/config/config.json
1	0	0	0	1	0	0	29412643	0	0	29412643	0	/dashboard/phpinfo.php
1	0	0	0	1	0	0	29412651	0	0	29412651	0	/server/server.js
1	1	0	0	0	29432601	0	0	29432601	0	0	2016	/error/412.shtml?52.64.67.153
1	0	0	0	1	0	0	29412652	0	0	29412652	0	/src/main.rb
1	0	0	0	1	0	0	29412644	0	0	29412644	0	/sftp.json
1	0	0	0	1	0	0	29412648	0	0	29412648	0	/backend/config/constants.js
1	0	0	0	1	0	0	29412652	0	0	29412652	0	/utils/awsS3.util.ts
1	0	0	0	1	0	0	29412642	0	0	29412642	0	/admin/info.php
1	0	0	0	1	0	0	29412648	0	0	29412648	0	/aws/index.ts
1	0	0	0	1	0	0	29412651	0	0	29412651	0	/server/constants.js
1	0	0	0	1	0	0	29412646	0	0	29412646	0	/API/common.js
1	0	0	0	1	0	0	29412654	0	0	29412654	0	/secrets.toml
1	0	0	0	5	0	0	29425868	0	0	29337048	0	/.env.bak
1	0	0	0	1	0	0	29412644	0	0	29412644	0	/.vscode/settings.json
1	0	0	4	162	0	29409006	29449676	0	29408785	29336734	0	/robots.txt
1	0	0	0	1	0	0	29412645	0	0	29412645	0	/appsettings.Staging.json
1	0	0	0	1	0	0	29412651	0	0	29412651	0	/src/config.ts
1	0	0	0	1	0	0	29412642	0	0	29412642	0	/utils/phpinfo.php
1	0	0	0	1	0	0	29412644	0	0	29412644	0	/application/config/email.php
1	0	0	0	1	0	0	29412643	0	0	29412643	0	/phpinfoposmeta.php
1	0	0	0	1	0	0	29412652	0	0	29412652	0	/src/s3.ts
1	0	0	0	1	0	0	29412647	0	0	29412647	0	/admin/server.js
1	0	0	0	1	0	0	29431452	0	0	29431452	0	/.git/config?52.64.67.153
1	0	0	0	2	0	0	29424444	0	0	29424444	0	/v2/api-docs
1	18	18	0	0	29424388	0	0	29337636	0	0	238320	/?54.202.142.11
1	0	0	0	2	0	0	29424443	0	0	29424443	0	/api/gql
1	0	0	0	1	0	0	29412647	0	0	29412647	0	/api/config/template.js
1	0	0	0	1	0	0	29412643	0	0	29412643	0	/secured/phpinfo.php
1	0	0	0	1	0	0	29412651	0	0	29412651	0	/server/mail.js
1	0	0	0	1	0	0	29412649	0	0	29412649	0	/config/mailserver.js
1	0	0	0	1	0	0	29412642	0	0	29412642	0	/public/phpinfo.php
1	0	0	0	6	0	0	29420804	0	0	29354216	0	/.env?54.202.142.11
1	0	0	0	1	0	0	29412646	0	0	29412646	0	/admin/config/constants.js
1	0	0	0	1	0	0	29412646	0	0	29412646	0	/AWS/ProfileUpload.js
1	0	0	0	4	0	0	29433081	0	0	29412642	0	/symfony/_profiler/phpinfo
1	0	0	0	2	0	0	29424443	0	0	29424443	0	/swagger.json
1	0	0	0	2	0	0	29424444	0	0	29424444	0	/api-docs/swagger.json
1	0	0	0	1	0	0	29412649	0	0	29412649	0	/config/server.js
1	0	0	0	2	0	0	29349132	0	0	29346455	0	/robots.txt?79.217.216.128
1	0	0	0	1	0	0	29412651	0	0	29412651	0	/shared/backend/aws/identity.go
1	0	0	0	1	0	0	29412650	0	0	29412650	0	/cron/index.js
1	0	0	0	1	0	0	29412650	0	0	29412650	0	/helper/helper.go
1	0	0	0	1	0	0	29412643	0	0	29412643	0	/admin/sys_phpinfo.php
1	0	0	0	4	0	0	29424444	0	0	29336571	0	/s/1333e26373e2231313e24373/_/
1	0	0	0	1	0	0	29412652	0	0	29412652	0	/web/mailserver.js
1	0	0	0	1	0	0	29412646	0	0	29412646	0	/API/config/common.js
1	0	0	0	8	0	0	29445973	0	0	29428662	0	/robots.txt?52.64.67.153
1	0	0	0	4	0	0	29403912	0	0	29403910	0	/asm,jhsk,jsldrls.likj
1	0	0	0	1	0	0	29412649	0	0	29412649	0	/compose.yaml
1	0	0	0	1	0	0	29412644	0	0	29412644	0	/config/config.json
1	0	0	0	1	0	0	29412642	0	0	29412642	0	/api/.env.development
1	0	0	0	1	0	0	29412649	0	0	29412649	0	/config/common.js
1	0	0	0	1	0	0	29412652	0	0	29412652	0	/web/index.js
1	0	0	0	1	0	0	29412653	0	0	29412653	0	/config/aws.ini
1	0	0	0	1	0	0	29412642	0	0	29412642	0	/wp-admin/phpinfo.php
1	0	0	0	4	0	0	29433081	0	0	29412643	0	/wp-content/debug.log
1	0	0	0	1	0	0	29412654	0	0	29412654	0	/docker-compose.yml
1	0	0	2	9	0	29408785	29423814	0	29408785	29344323	0	/sitemap.xml
1	2	2	0	0	29448519	0	0	29437113	0	0	26480	/?52.64.67.153
1	0	0	0	1	0	0	29412645	0	0	29412645	0	/bundleconfig.json
1	0	0	0	3	0	0	29447047	0	0	29429801	0	/.env?52.64.67.153
1	0	0	0	1	0	0	29412644	0	0	29412644	0	/application/config/config.php
1	0	0	0	1	0	0	29412651	0	0	29412651	0	/server/mailserver.js
1	0	0	0	1	0	0	29336571	0	0	29336571	0	/%3FC%3DM%3BO%3DA
1	0	0	0	1	0	0	29412645	0	0	29412645	0	/config/test.config.php
1	10	0	0	0	29409006	0	0	29408785	0	0	76440	/cgi-sys/suspendedpage.cgi
1	0	0	0	1	0	0	29412648	0	0	29412648	0	/backend/config.js
1	0	0	0	1	0	0	29412650	0	0	29412650	0	/constant.js
1	0	0	0	1	0	0	29412643	0	0	29412643	0	/admin_phpinfo.php
1	0	0	0	1	0	0	29412650	0	0	29412650	0	/helpers/fileUpload.js
1	0	0	0	1	0	0	29412643	0	0	29412643	0	/php_info.php
1	0	0	0	1	0	0	29412646	0	0	29412646	0	/LOG.md
1	0	0	0	2	0	0	29424444	0	0	29424444	0	/api/swagger.json
1	0	0	0	1	0	0	29412644	0	0	29412644	0	/.wp-config.php.swp
1	0	0	0	1	0	0	29412643	0	0	29412643	0	/wp-config.php.bak
1	0	0	0	1	0	0	29412650	0	0	29412650	0	/helper.js
1	0	0	0	1	0	0	29412645	0	0	29412645	0	/config/application.config.php
1	0	0	0	1	0	0	29412653	0	0	29412653	0	/config/parameters.yml.dist
1	0	0	0	1	0	0	29412646	0	0	29412646	0	/API/config.js
1	0	0	0	1	0	0	29412650	0	0	29412650	0	/dev/index.js
1	0	0	0	1	0	0	29412647	0	0	29412647	0	/app/config/parameters.yml
1	0	0	0	1	0	0	29412653	0	0	29412653	0	/conf/application.json
1	0	0	0	1	0	0	29412644	0	0	29412644	0	/src/config.js
1	0	0	0	1	0	0	29412650	0	0	29412650	0	/dev/constants.js
1	0	0	0	1	0	0	29412654	0	0	29412654	0	/emailconfig.toml
1	0	0	0	1	0	0	29412651	0	0	29412651	0	/server/config.js
1	0	0	0	1	0	0	29412645	0	0	29412645	0	/config/autoload/local.php
1	0	0	0	1	0	0	29412652	0	0	29412652	0	/web/utils.js
1	0	0	0	1	0	0	29412643	0	0	29412643	0	/backend/web/phpinfo.php
1	0	0	0	1	0	0	29412644	0	0	29412644	0	/config/mail.php
1	0	0	0	1	0	0	29412650	0	0	29412650	0	/mailer.js
1	0	0	0	1	0	0	29412646	0	0	29412646	0	/API/config/template.js
1	0	0	0	1	0	0	29412649	0	0	29412649	0	/backend/node/constant.js
1	0	0	0	1	0	0	29412644	0	0	29412644	0	/config/initializers/smtp.rb
1	0	0	0	13	0	0	29366842	0	0	29336736	0	/css/support_parent.css
1	0	0	0	1	0	0	29412647	0	0	29412647	0	/app/models/post.rb
1	0	0	0	1	0	0	29412650	0	0	29412650	0	/dev/config/template.js
1	0	0	0	1	0	0	29412652	0	0	29412652	0	/web/app.js
1	0	0	0	1	0	0	29412645	0	0	29412645	0	/config/module.config.php
1	0	0	0	1	0	0	29412653	0	0	29412653	0	/conf/s3.toml
1	0	0	0	2	0	0	29424443	0	0	29424443	0	/swagger/swagger-ui.html
1	0	0	0	2	0	0	29424443	0	0	29424443	0	/api
1	0	0	0	1	0	0	29412648	0	0	29412648	0	/aws.properties
1	0	0	0	1	0	0	29412644	0	0	29412644	0	/config/auth.php
1	0	0	0	1	0	0	29412651	0	0	29412651	0	/server/app.js
1	0	0	0	1	0	0	29412643	0	0	29412643	0	/infophp.php
1	0	0	0	1	0	0	29412643	0	0	29412643	0	/ppinfo.php
1	0	0	0	1	0	0	29412646	0	0	29412646	0	/BackEnd/config.js
1	0	0	0	1	0	0	29412645	0	0	29412645	0	/config/routes.php
1	0	0	0	1	0	0	29412650	0	0	29412650	0	/dev/constant.js
1	0	0	0	1	0	0	29412650	0	0	29412650	0	/dev/utils.js
1	0	0	0	1	0	0	29412644	0	0	29412644	0	/application/config/routes.php
1	0	0	0	1	0	0	29412644	0	0	29412644	0	/config/config.js
1	0	0	0	1	0	0	29412645	0	0	29412645	0	/config/autoload/global.php
1	0	0	0	1	0	0	29412647	0	0	29412647	0	/app-config.local.properties
1	0	0	0	1	0	0	29412652	0	0	29412652	0	/web/helper.js
1	0	0	0	1	0	0	29412643	0	0	29412643	0	/test1.php
1	0	0	0	1	0	0	29412647	0	0	29412647	0	/api/config/database.js
1	0	0	0	1	0	0	29412645	0	0	29412645	0	/config/test.json
1	0	0	0	1	0	0	29412643	0	0	29412643	0	/temp.php
1	0	0	0	1	0	0	29412646	0	0	29412646	0	/API/constants.js
1	0	0	0	1	0	0	29412645	0	0	29412645	0	/application/config/doctypes.php
1	0	0	0	1	0	0	29412642	0	0	29412642	0	/wp-content/phpinfo.php
1	0	0	0	1	0	0	29412648	0	0	29412648	0	/aws-notifications.ts
1	0	0	0	1	0	0	29412647	0	0	29412647	0	/api/app.js
1	0	0	0	1	0	0	29412643	0	0	29412643	0	/api/phpinfo.php
1	0	0	0	1	0	0	29412644	0	0	29412644	0	/application/config/constants.php
1	0	0	0	1	0	0	29412654	0	0	29412654	0	/credentials.ts
1	0	0	0	1	0	0	29412654	0	0	29412654	0	/wp_mail_smtp.ini
1	0	0	0	1	0	0	29412651	0	0	29412651	0	/server/helper/aws_s3.js
1	0	0	0	1	0	0	29412652	0	0	29412652	0	/web/mailer.js
1	0	0	0	4	0	0	29433081	0	0	29412642	0	/index.php/phpinfo
1	0	0	0	1	0	0	29412645	0	0	29412645	0	/application/config/foreign_chars.php
1	0	0	0	1	0	0	29412649	0	0	29412649	0	/config/config.go
1	0	0	0	1	0	0	29412648	0	0	29412648	0	/aws_config.py
1	0	0	0	1	0	0	29412649	0	0	29412649	0	/config.yml
1	0	0	0	1	0	0	29412646	0	0	29412646	0	/Cloud.md
1	0	0	0	1	0	0	29336571	0	0	29336571	0	/%3FC%3DS%3BO%3DA
1	0	0	0	1	0	0	29412649	0	0	29412649	0	/backend/constants.js
1	0	0	0	1	0	0	29412646	0	0	29412646	0	/README.md
1	0	0	0	7	0	0	29448519	0	0	29424785	0	/apps
1	0	0	0	1	0	0	29412654	0	0	29412654	0	/insta-compose.yml
1	0	0	0	2	0	0	29424443	0	0	29424443	0	/swagger/
1	0	0	0	1	0	0	29412646	0	0	29412646	0	/admin/mail.js
1	0	0	0	1	0	0	29412645	0	0	29412645	0	/config/broadcasting.php
1	0	0	0	4	0	0	29433081	0	0	29412643	0	/.aws/credentials
1	0	0	0	1	0	0	29412652	0	0	29412652	0	/web/constants.js
1	0	0	0	1	0	0	29412644	0	0	29412644	0	/config/smtp.rb
1	0	0	0	1	0	0	29412653	0	0	29412653	0	/app/etc/config.local.php
1	2	2	0	0	29343782	0	0	29339180	0	0	13240	/?79.217.216.128
1	0	0	0	46	0	0	29439652	0	0	29336571	0	/.git/config
1	0	0	0	1	0	0	29412652	0	0	29412652	0	/web/config/common.js
1	0	0	0	1	0	0	29412649	0	0	29412649	0	/base.yaml
1	0	0	0	1	0	0	29412645	0	0	29412645	0	/appsettings.Development.json
1	0	0	0	1	0	0	29412653	0	0	29412653	0	/configuration.json.dist
1	0	0	0	1	0	0	29412648	0	0	29412648	0	/aws_ec2.yaml
1	0	0	0	1	0	0	29412649	0	0	29412649	0	/config/constant.js
1	0	0	0	1	0	0	29412649	0	0	29412649	0	/config/model.properties
1	1	0	0	0	29379311	0	0	29379311	0	0	2019	/error/415.shtml?54.202.142.11
1	0	0	0	1	0	0	29412646	0	0	29412646	0	/_config.yml
1	0	0	0	1	0	0	29412651	0	0	29412651	0	/server.js
1	0	0	0	1	0	0	29412652	0	0	29412652	0	/src/index.js
1	0	0	0	1	0	0	29412651	0	0	29412651	0	/server/index.js
1	0	0	0	1	0	0	29412648	0	0	29412648	0	/application/config/db.js
1	0	0	0	1	0	0	29412647	0	0	29412647	0	/api/mailserver.js
1	0	0	0	1	0	0	29412647	0	0	29412647	0	/ansible/aws/inventory/ec2.ini
1	0	0	0	1	0	0	29412643	0	0	29412643	0	/public/client/planinfo
1	0	0	0	1	0	0	29412645	0	0	29412645	0	/appsettings.QA.json
1	0	0	0	7	0	0	29448519	0	0	29424785	0	/api/actions
1	0	0	0	4	0	0	29433081	0	0	29412642	0	/.env.example
1	0	0	0	4	0	0	29424444	0	0	29336571	0	/v2/_catalog
1	0	0	0	7	0	0	29448519	0	0	29424785	0	/_next/data
1	0	0	0	1	0	0	29412646	0	0	29412646	0	/AWSDetails.ts
1	0	0	0	1	0	0	29412646	0	0	29412646	0	/API/config/database.js
1	0	0	0	1	0	0	29336571	0	0	29336571	0	/%3FC%3DN%3BO%3DD
1	0	0	0	1	0	0	29412651	0	0	29412651	0	/src/config/constants.js
1	0	0	0	4	0	0	29433081	0	0	29412642	0	/admin/phpinfo.php
1	0	0	0	6	0	0	29425868	0	0	29337048	0	/.gitlab-ci.yml
1	0	0	0	1	0	0	29412653	0	0	29412653	0	/credentials.js
1	0	0	0	1	0	0	29412650	0	0	29412650	0	/dev/config/database.js
1	0	0	0	1	0	0	29412653	0	0	29412653	0	/.properties
1	0	0	0	2	0	0	29419160	0	0	29348448	0	/.well-known/security.txt
1	0	0	0	1	0	0	29412647	0	0	29412647	0	/apis/index.js
1	0	0	0	1	0	0	29412651	0	0	29412651	0	/recipes/elb.rb.
1	0	0	0	1	0	0	29412654	0	0	29412654	0	/elasticsearch_cluster_yml
1	0	0	0	1	0	0	29412649	0	0	29412649	0	/config.ts
1	0	0	0	4	0	0	29433081	0	0	29412642	0	/app_dev.php/_profiler/phpinfo
1	0	0	0	1	0	0	29412648	0	0	29412648	0	/application/config/constants.js
1	0	0	0	1	0	0	29412642	0	0	29412642	0	/server_info.php
1	0	0	0	1	0	0	29412647	0	0	29412647	0	/api/mail.js
1	0	0	0	1	0	0	29412644	0	0	29412644	0	/config/session.php
1	0	0	0	1	0	0	29412654	0	0	29412654	0	/backend/settings.py
1	0	0	0	1	0	0	29412651	0	0	29412651	0	/server/config/constants.js
1	0	0	0	1	0	0	29412646	0	0	29412646	0	/Client/netlify.toml
1	0	0	0	1	0	0	29412650	0	0	29412650	0	/controller.js
1	0	0	0	1	0	0	29412648	0	0	29412648	0	/appveyor.yml
1	0	0	0	1	0	0	29412647	0	0	29412647	0	/admin/mailserver.js
1	0	0	0	1	0	0	29412646	0	0	29412646	0	/admin/config/template.js
1	0	0	0	1	0	0	29412653	0	0	29412653	0	/credentials.go
1	0	0	0	1	0	0	29412642	0	0	29412642	0	/vendor/phpinfo.php
1	0	0	0	5	0	0	29429332	0	0	29336625	0	/https:/fonts.googleapis.com/https:/fonts.googleapis.com/css2%3Ffamily%3DNabla%26family%3DNova+Square%26display%3Dswap
1	0	0	0	4	0	0	29424444	0	0	29336571	0	/login.action
1	0	0	0	1	0	0	29412647	0	0	29412647	0	/api_gateway/conf/pay.toml
1	0	0	0	1	0	0	29412644	0	0	29412644	0	/error_log
1	0	0	0	1	0	0	29412652	0	0	29412652	0	/src/utils.js
1	0	0	0	1	0	0	29412653	0	0	29412653	0	/config/base.properties
1	0	0	0	1	0	0	29412651	0	0	29412651	0	/server/utils.js
1	0	0	0	1	0	0	29412653	0	0	29412653	0	/conf/monitor.toml
1	0	0	0	1	0	0	29412649	0	0	29412649	0	/config/dev/config.toml
1	0	0	0	1	0	0	29412642	0	0	29412642	0	/api/.env.example
1	0	0	0	5	0	0	29425868	0	0	29337048	0	/aws-config.js
1	0	0	0	1	0	0	29412649	0	0	29412649	0	/config.rb
1	312	312	2	7	29449808	29408999	29437789	29336571	29408785	29336576	3892964	/
1	0	0	0	1	0	0	29412652	0	0	29412652	0	/web/server.js
1	0	0	0	1	0	0	29412650	0	0	29412650	0	/mail.js
1	0	0	0	1	0	0	29412653	0	0	29412653	0	/.drone.yml
1	0	0	0	1	0	0	29412653	0	0	29412653	0	/conf/config.toml
1	0	0	0	1	0	0	29412645	0	0	29412645	0	/config/database.config.php
1	0	0	0	1	0	0	29412648	0	0	29412648	0	/aws_credentials.ini
1	0	0	0	1	0	0	29412653	0	0	29412653	0	/config/s3.yml
1	0	0	0	1	0	0	29412644	0	0	29412644	0	/assets/config.json
1	0	0	0	1	0	0	29412648	0	0	29412648	0	/backend/app.js
1	0	0	0	1	0	0	29412643	0	0	29412643	0	/var/www/.aws/credentials
1	0	0	0	1	0	0	29412646	0	0	29412646	0	/config/daemon.json
1	0	0	0	1	0	0	29412644	0	0	29412644	0	/helpers/utility.js
1	0	0	0	1	0	0	29412654	0	0	29412654	0	/heroku.yml
1	0	0	0	1	0	0	29412644	0	0	29412644	0	/tmp/error_log
1	0	0	0	1	0	0	29412653	0	0	29412653	0	/config.prod.ini
1	0	0	0	1	0	0	29412645	0	0	29412645	0	/config/app_local.php
1	0	0	0	1	0	0	29412649	0	0	29412649	0	/backend/index.js
1	0	0	0	1	0	0	29412652	0	0	29412652	0	/web/config/template.js
3	2	2	0	0	29430542	0	0	29422609	0	0	11820	https://www.mailsystem.magentaweb.org/error
3	0	0	0	14	0	0	29430605	0	0	29336572	0	https://www.mailsystem.magentaweb.org/
3	1	1	0	0	29422609	0	0	29422609	0	0	5910	https://mailsystem.magentaweb.org/error
3	1	0	0	0	29409006	0	0	29409006	0	0	7644	https://www.mailsystem.magentaweb.org/robots.txt
3	0	0	0	21	0	0	29437113	0	0	29336572	0	https://mailsystem.magentaweb.org/
3	1	0	0	0	29408999	0	0	29408999	0	0	7644	https://mailsystem.magentaweb.org/robots.txt
3	0	0	0	1	0	0	29403910	0	0	29403910	0	https://mailsystem.magentaweb.org/asm,jhsk,jsldrls.likj
4	0	0	0	1	0	0	29403911	0	0	29403911	0	Mozilla/5.0 (MagentaDesktop 1.1; Desktop) AppleWebKit/537.36 (KHTML, like Gecko) Chrome/122.0.5643.136 Safari/537.36 OPR/122.0.5643.136
4	0	0	0	1	0	0	29401883	0	0	29401883	0	curl/8.4.0
4	1	1	0	0	29423814	0	0	29423814	0	0	13240	Mozilla/5.0 (X11; Linux x86_64) AppleWebKit/602.41 (KHTML, like Gecko) Chrome/54.0.210 Safari/537.36
4	287	65	0	19	29421707	0	29421707	29346455	0	29346455	803398	Mozilla/5.0 (compatible; Barkrowler/0.9; +https://babbar.tech/crawler)
4	0	0	0	1	0	0	29431074	0	0	29431074	0	Mozilla/5.0 (X11; Linux x86_64) AppleWebKit/537.36 (KHTML, like Gecko) Chrome/122.0.0.0 Safari/537.36
4	1	1	0	0	29429319	0	0	29429319	0	0	13240	Mozilla/5.0 (Macintosh; Intel Mac OS X 10_15_7) AppleWebKit/537.36 (KHTML, like Gecko) Chrome/116.0.0.0 Safari/537.36
4	8	8	0	0	29370587	0	0	29336734	0	0	105920	Mozilla/5.0 AppleWebKit/537.36 (KHTML, like Gecko; compatible; GPTBot/1.2; +https://openai.com/gptbot)
4	128	8	0	35	29432814	0	29432765	29344323	0	29344323	308697	Mozilla/5.0 (compatible; SemrushBot/7~bl; +http://www.semrush.com/bot.html)
4	1	1	0	0	29426493	0	0	29426493	0	0	13240	Mozilla/5.0 (X11; Linux x86_64) AppleWebKit/537.36 (KHTML, like Gecko) HeadlessChrome/138.0.7204.23 Safari/537.36
4	2	2	0	26	29352243	0	29352243	29352209	0	29352209	26480	Python/3.10 aiohttp/3.13.1
4	0	0	0	94	0	0	29412654	0	0	29412642	0	Mozilla/5.0 (Windows NT 10.0; Win64; x64; rv:109.0) Gecko/20100101 Firefox/121.0
4	1	1	0	0	29360727	0	0	29360727	0	0	13240	Mozilla/4.0 (compatible; MSIE 7.0; Windows NT 6.0)
4	1	1	0	0	29337714	0	0	29337714	0	0	13240	Mozilla/5.0 (Windows NT 6.2) AppleWebKit/536.3 (KHTML, like Gecko) Chrome/19.0.1061.1 Safari/536.3
4	4	4	0	4	29425805	0	29425805	29338038	0	29338038	52960	Mozilla/5.0 (Windows NT 10.0; Win64; x64) AppleWebKit/537.36 (KHTML, like Gecko) Chrome/137.0.0.0 Safari/537.36
4	0	0	0	1	0	0	29351393	0	0	29351393	0	Mozilla/5.0 (Windows NT 10.0; Win64; x64) AppleWebKit/537.36 (KHTML, like Gecko) Chrome/69.0.3497.100 Safari/537.36
4	1	1	0	0	29425996	0	0	29425996	0	0	13240	Mozilla/5.0 (Macintosh; Intel Mac OS X 10_15_0) AppleWebKit/537.36 (KHTML, like Gecko) Chrome/75.0.3770.142 Safari/537.36
4	2	2	0	0	29426257	0	0	29426257	0	0	26480	Scrapy/2.13.4 (+https://scrapy.org)
4	4	4	0	68	29424444	0	29424444	29424443	0	29336571	52960	Mozilla/5.0 (l9scan/2.0.1333e26373e2231313e24373; +https://leakix.net)
4	1	1	0	1	29426258	0	29426258	29426258	0	29426258	13240	Mozilla/5.0 (Macintosh; Intel Mac OS X 10_15_7) AppleWebKit/537.36 (KHTML, like Gecko) Chrome/96.0.4664.110 Safari/537.36
4	0	0	0	1	0	0	29356807	0	0	29356807	0	Mozilla/5.0 (iPhone; CPU iPhone OS 12_4 like Mac OS X) AppleWebKit/605.1.15 (KHTML, like Gecko) OPT/1.10.1 Mobile/15E148
4	9	9	0	2	29336629	0	29337276	29336586	0	29336586	121245	Mozilla/5.0 (Windows NT 10.0; Win64; x64) AppleWebKit/537.36 (KHTML, like Gecko) Chrome/138.0.0.0 Safari/537.36 OPR/122.0.0.0
4	1	1	0	0	29431074	0	0	29431074	0	0	13240	Mozilla/5.0 (Debian; Linux x86_64) AppleWebKit/537.36 (KHTML, like Gecko) Chrome/124.0.0.0 Safari/537.36
4	1	1	0	0	29373201	0	0	29373201	0	0	13240	Mozilla/5.0 (Macintosh; Intel Mac OS X 10_15_7) AppleWebKit/537.36 (KHTML, like Gecko) Chrome/124.0.0.0 Safari/537.36
4	1	1	0	0	29428950	0	0	29428950	0	0	13240	Mozilla/5.0 (compatible; VertexWP/1.0; +https://vertexwp.com/bot)
4	1	1	0	0	29426493	0	0	29426493	0	0	0	Mozilla/5.0 (Linux; Android 6.0; Nexus 5 Build/MRA58N) AppleWebKit/5d7.36 (KHTML, like Gecko) Chrome/138.0.0.0 Mobile Safari/537.36
4	2	2	0	0	29431987	0	0	29431987	0	0	26480	Mozilla/5.0 (Windows NT 10.0; Win64; x64) AppleWebKit/537.36
4	4	4	0	66	29448697	0	29412654	29372365	0	29412642	52960	Mozilla/5.0 (Windows NT 10.0; Win64; x64) AppleWebKit/537.36 (KHTML, like Gecko) Chrome/120.0.0.0 Safari/537.36
4	2	2	0	0	29337113	0	0	29337112	0	0	26480	Mozilla/5.0 (Windows NT 10.0; Win64; x64) AppleWebKit/537.36 (KHTML, like Gecko) Chrome/119.0.0.0 Safari/537.36
4	1	1	0	0	29372627	0	0	29372627	0	0	13240	Mozilla/5.0 (Macintosh; Intel Mac OS X 10.15; rv:135.0) Gecko/20100101 Firefox/135.0
4	6	0	6	0	29408785	29408785	0	29408785	29408785	0	45864	fasthttp
4	0	0	0	1	0	0	29425939	0	0	29425939	0	Gregarius/0.5.2 ( http://devlog.gregarius.net/docs/ua)
4	0	0	0	3	0	0	29429681	0	0	29336576	0	Mozilla/5.0 (X11; Linux x86_64) AppleWebKit/537.36 (KHTML, like Gecko) Chrome/137.0.0.0 Safari/537.36
4	1	1	0	13	29337048	0	29337048	29337048	0	29337048	13240	Python/3.10 aiohttp/3.12.15
4	1	1	0	0	29361548	0	0	29361548	0	0	13240	Mozilla/5.0 (Macintosh; Intel Mac OS X 8_0) AppleWebKit/540.36 (KHTML, like Gecko) Chrome/77.0.317 Safari/537.36
4	0	0	0	1	0	0	29429214	0	0	29429214	0	Mozilla/5.0 (X11; Linux x86_64) AppleWebKit/537.36 (KHTML, like Gecko) Chrome/69.0.3497.100 Safari/537.36
4	1	1	0	0	29431018	0	0	29431018	0	0	13240	Mozilla/5.0 (X11; Linux x86_64) AppleWebKit/537.36 (KHTML, like Gecko) snap Chromium/76.0.3809.87 Chrome/76.0.3809.87 Safari/537.36
4	5	5	0	5	29336572	0	29336572	29336572	0	29336572	112675	Mozilla/5.0 (iPhone; CPU iPhone OS 18_5 like Mac OS X) AppleWebKit/605.1.15 (KHTML, like Gecko) CriOS/138.0.7204.156 Mobile/15E148 Safari/604.1
4	1	1	0	0	29337026	0	0	29337026	0	0	13240	Mozilla/5.0 (Macintosh; Intel Mac OS X 10_13_6) AppleWebKit/605.1.15 (KHTML, like Gecko) Version/12.0.2 Safari/605.1.15
4	6	6	0	0	29443155	0	0	29337890	0	0	79440	Mozilla/5.0 (compatible; InternetMeasurement/1.0; +https://internet-measurement.com/)
4	0	0	0	1	0	0	29433524	0	0	29433524	0	Mozilla/5.0 (Linux; Android 5.1.1; A37f) AppleWebKit/537.36 (KHTML, like Gecko) Chrome/76.0.3809.111 Mobile Safari/537.36
4	12	12	0	8	29424444	0	29424444	29424444	0	29424444	61156	Mozilla/5.0 (compatible; Let's Encrypt validation server; +https://www.letsencrypt.org)
4	0	0	0	4	0	0	29421658	0	0	29417998	0	Mozilla/5.0 (X11; Linux x86_64)
4	1	1	0	0	29337452	0	0	29337452	0	0	13240	Mozilla/5.0 (Macintosh; Intel Mac OS X 10.7; rv:20.0) Gecko/20100101 Firefox/20.0
4	0	0	0	77	0	0	29412654	0	0	29412642	0	Mozilla/5.0 (X11; Linux x86_64) AppleWebKit/537.36 (KHTML, like Gecko) Chrome/120.0.0.0 Safari/537.36
4	5	5	0	9	29442236	0	29447047	29365443	0	29366738	66200	Mozilla/5.0 (Windows NT 10.0; Win64; x64) AppleWebKit/537.36 (KHTML, like Gecko) Chrome/134.0.0.0 Safari/537.3
4	1	1	0	0	29426258	0	0	29426258	0	0	13240	Mozilla/5.0 (Macintosh; Intel Mac OS X 10_15_7) AppleWebKit/537.36 (KHTML, like Gecko) Chrome/114.0.0.0 Safari/537.36
4	0	0	0	1	0	0	29425145	0	0	29425145	0	Mozilla/5.0 (compatible; bingbot/2.0  http://www.bing.com/bingbot.htm)
4	1	1	0	1	29336649	0	29336649	29336649	0	29336649	13240	Mozilla/5.0 (Windows NT 10.0; Win64; x64) AppleWebKit/537.36 (KHTML, like Gecko) Chrome/70.0.3538.102 Safari/537.36 Edge/18.19582
4	0	0	0	1	0	0	29337208	0	0	29337208	0	Mozilla/5.0 (X11; CrOS x86_64 5841.83.0) AppleWebKit/537.36 (KHTML like Gecko) Chrome/36.0.1985.138 Safari/537.36
4	1	1	0	79	29448697	0	29412654	29448697	0	29412642	13240	Mozilla/5.0 (Windows NT 10.0; Win64; x64) AppleWebKit/537.36 (KHTML, like Gecko) Chrome/120.0.0.0 Safari/537.36 Edg/120.0.0.0
4	1	0	1	0	29408785	29408785	0	29408785	29408785	0	7644	Mozilla/5.0 (Macintosh; Intel Mac OS X 10_14_6) AppleWebKit/537.36 (KHTML, like Gecko) Chrome/76.0.3809.132 Safari/537.36
4	0	0	0	1	0	0	29429238	0	0	29429238	0	Mozilla/5.0 (X11; Linux x86_64; rv:137.0) Gecko/20100101 Firefox/137.0
4	1	1	0	2	29360728	0	29360728	29360728	0	29360728	13240	Mozilla/5.0 (Macintosh; Intel Mac OS X 11_1) AppleWebKit/537.36 (KHTML, like Gecko) Chrome/87.0.4280.88 Safari/537.36
4	2	2	0	2	29337374	0	29337374	29337055	0	29337055	26480	Mozilla/5.0 (Linux; Android 10; K) AppleWebKit/537.36 (KHTML, like Gecko) Chrome/137.0.0.0 Mobile Safari/537.36
4	0	0	0	3	0	0	29429681	0	0	29336576	0	Mozilla/5.0 (X11; Linux x86_64) AppleWebKit/537.36 (KHTML, like Gecko) Chrome/136.0.0.0 Safari/537.36
4	1	1	0	0	29387119	0	0	29387119	0	0	13240	Mozilla/5.0 (Windows NT 10.0; Win64; x64) Chrome/91.0.4472.124
4	0	0	0	1	0	0	29429230	0	0	29429230	0	Mozilla/5.0 (Windows NT 10.0; WOW64) AppleWebKit/537.36 (KHTML, like Gecko) Chrome/64.0.3282.119 Safari/537.36
4	0	0	0	4	0	0	29348899	0	0	29336734	0	Mozilla/5.0 (Macintosh; Intel Mac OS X 10_15_7) AppleWebKit/537.36 (KHTML, like Gecko) Chrome/131.0.0.0 Safari/537.36; compatible; OAI-SearchBot/1.0; +https://openai.com/searchbot
4	1	1	0	79	29412642	0	29412654	29412642	0	29412642	13240	Mozilla/5.0 (Macintosh; Intel Mac OS X 10.15; rv:109.0) Gecko/20100101 Firefox/121.0
4	1	1	0	0	29405959	0	0	29405959	0	0	13240	Mozilla/5.0 (X11; Linux x86_64) AppleWebKit/537.36 (KHTML, like Gecko) HeadlessChrome/136.0.0.0 Safari/537.36
4	0	0	0	1	0	0	29344342	0	0	29344342	0	Mozilla/5.0 (Windows NT 6.1; Win64; x64) AppleWebKit/537.36 (KHTML, like Gecko) Chrome/69.0.3497.100 Safari/537.36
4	6	6	0	0	29425128	0	0	29387311	0	0	79440	Mozilla/5.0 (compatible; NetcraftSurveyAgent/1.0; +info@netcraft.com)
4	6	6	0	58	29433081	0	29433081	29426276	0	29387119	79440	python-httpx/0.28.1
4	2	2	0	4	29429319	0	29429319	29337113	0	29337114	26480	Mozilla/5.0 (Windows NT 10.0; Win64; x64) AppleWebKit/537.36 (KHTML, like Gecko) Chrome/117.0.0.0 Safari/537.36
4	0	0	0	1	0	0	29351441	0	0	29351441	0	P3P Validator
4	2	2	0	2	29336662	0	29336662	29336649	0	29336649	26480	Mozilla/5.0 (Macintosh; Intel Mac OS X 10_15_7) AppleWebKit/537.36 (KHTML, like Gecko) Chrome/113.0.0.0 Safari/537.36
4	2	2	0	0	29445503	0	0	29445502	0	0	13240	Mozilla/5.0 (Windows NT 10.0; Win64; x64) AppleWebKit/537.36 (KHTML, like Gecko) Chrome/108.0.0.0 Safari/537.36
4	0	0	0	1	0	0	29439308	0	0	29439308	0	Mozilla/5.0 (iPad; CPU OS 9_3_2 like Mac OS X) AppleWebKit/601.1.46 (KHTML, like Gecko) Mobile/13F69
4	0	0	0	1	0	0	29403911	0	0	29403911	0	Mozilla/5.0 (MagentaDesktop 1.2.3.4.5.6.7.8.9.0.1.2.3.4.5.6.7.8.9.0.1.2.3.4.5.6.7.8.9.0; Desktop) AppleWebKit/537.36 (KHTML, like Gecko) Chrome/122.0.5643.136 Safari/537.36 OPR/122.0.5643.136
4	0	0	0	1	0	0	29439652	0	0	29439652	0	Mozilla/5.0 (X11; Linux i686; rv:46.0) Gecko/20100101 Firefox/46.0
4	1	1	0	0	29352635	0	0	29352635	0	0	13240	Mozilla/5.0 (Windows NT 6.3; Win64; x64) AppleWebKit/537.36 (KHTML, like Gecko) Chrome/69.0.3497.100 Safari/537.36
4	2	2	0	0	29336571	0	0	29336571	0	0	1594	Mozilla/5.0 (Linux; Android 6.0; HTC One M9 Build/MRA876937) AppleWebKit/537.36 (KHTML, like Gecko) Chrome/52.0.1248.98 Mobile Safari/537.3
4	1	1	0	0	29415140	0	0	29415140	0	0	13240	Mozilla/5.0 (Windows NT 10.0; Win64; x64) AppleWebKit/537.36 (KHTML, like Gecko) Chrome/66.0.3359.139 Safari/537.36
4	14	14	0	28	29448519	0	29448519	29424785	0	29424785	185360	Mozilla/5.0 (Windows NT 10.0; Win64; x64) AppleWebKit/537.36 (KHTML, like Gecko) Chrome/60.0.3112.113 Safari/537.36 Assetnote/1.0.0
4	0	0	0	2	0	0	29429056	0	0	29341098	0	Mozilla/5.0 (Windows NT 6.1; WOW64) AppleWebKit/537.36 (KHTML, like Gecko) Maxthon/4.4.6.1000 Chrome/30.0.1599.101 Safari/537.36
4	0	0	0	80	0	0	29412654	0	0	29412642	0	Mozilla/5.0 (X11; Linux i686; rv:109.0) Gecko/20100101 Firefox/121.0
4	4	4	0	0	29430773	0	0	29426594	0	0	52960	Mozilla/5.0 (X11; Linux i686; rv:124.0) Gecko/20100101 Firefox/124.0
4	0	0	0	1	0	0	29403855	0	0	29403855	0	Wget/1.21.3 (linux-gnu)
4	0	0	0	1	0	0	29341123	0	0	29341123	0	Mozilla/5.0 (Macintosh; Intel Mac OS X 10_11_1) AppleWebKit/537.36 (KHTML, like Gecko) Chrome/77.0.3833.99 Safari/537.36
4	0	0	0	1	0	0	29431074	0	0	29431074	0	Mozilla/5.0 (Debian; Linux x86_64) AppleWebKit/537.36 (KHTML, like Gecko) Chrome/129.0.0.0 Safari/537.36
4	2	2	0	0	29425053	0	0	29425053	0	0	26480	Mozilla/5.0 (X11; Linux x86_64) AppleWebKit/537.36 (KHTML, like Gecko) HeadlessChrome/141.0.7390.37 Safari/537.36
4	2	2	0	0	29336751	0	0	29336751	0	0	26480	Mozilla/5.0 (X11; Linux x86_64; rv:83.0) Gecko/20100101 Firefox/83.0
4	5	5	0	0	29425053	0	0	29336573	0	0	0	Mozilla/5.0 (Windows NT 10.0; Win64; x64) AppleWebKit/537.36 (KHTML, like Gecko) Chrome/58.0.3029.110 Safari/537.3
4	0	0	0	1	0	0	29354793	0	0	29354793	0	Mozilla/5.0 (Linux; U; Android 1.5; de-ch; HTC Hero Build/CUPCAKE) AppleWebKit/528.5  (KHTML, like Gecko) Version/3.1.2 Mobile Safari/525.20.1
4	4	4	0	0	29449808	0	0	29395405	0	0	52960	cypex.ai/scanning Mozilla/5.0 (Macintosh; Intel Mac OS X 10_15_7) Chrome/126.0.0.0 Safari/537.36
4	3	3	0	2	29429332	0	29429332	29336571	0	29429332	27277	Mozilla/5.0 (X11; Linux x86_64) AppleWebKit/537.36 (KHTML, like Gecko) Chrome/117.0.0.0 Safari/537.36
4	0	0	0	1	0	0	29351919	0	0	29351919	0	Mozilla/5.0 (Linux; Android 8.1.0; Moto G (5S) Plus) AppleWebKit/537.36 (KHTML, like Gecko) Chrome/75.0.3770.143 Mobile Safari/537.36
4	5	5	0	2	29429332	0	29336625	29336571	0	29336624	53703	Mozilla/5.0 (Windows NT 10.0; Win64; x64) AppleWebKit/537.36 (KHTML, like Gecko) Chrome/116.0.0.0 Safari/537.36
4	4	4	0	4	29445443	0	29445443	29381460	0	29381460	52960	Mozilla/5.0 (compatible; wpbot/1.3; +https://forms.gle/ajBaxygz9jSR8p8G9)
4	4	4	0	0	29374651	0	0	29336602	0	0	52852	Scrapy/2.13.3 (+https://scrapy.org)
4	0	0	0	1	0	0	29337016	0	0	29337016	0	Mozilla/5.0 (Macintosh; Intel Mac OS X 10_13_6) AppleWebKit/605.1.15 (KHTML, like Gecko) Version/11.1.2 Safari/605.1.15
4	16	16	0	17	29443058	0	29443058	29337636	0	29337636	211840	Mozilla/5.0 (compatible; CensysInspect/1.1; +https://about.censys.io/)
4	1	1	0	0	29405905	0	0	29405905	0	0	13240	Mozilla/5.0 (Macintosh; Intel Mac OS X 9_1) AppleWebKit/568.40 (KHTML, like Gecko) Chrome/76.0.2885 Safari/537.36
4	115	21	3	19	29431014	29430542	29431014	29422604	29422609	29422604	324765	Mozilla/5.0 AppleWebKit/537.36 (KHTML, like Gecko; compatible; ClaudeBot/1.0; +claudebot@anthropic.com)
4	126	6	0	52	29336571	0	29428950	29336571	0	29336571	127878	Go-http-client/1.1
4	2	0	2	102	29409006	29409006	29449676	29408999	29408999	29391788	15288	Mozilla/5.0 (Macintosh; Intel Mac OS X 10_15_7) AppleWebKit/537.36 (KHTML, like Gecko) Chrome/131.0.0.0 Safari/537.36; compatible; OAI-SearchBot/1.3; robots.txt; +https://openai.com/searchbot
4	2	2	0	26	29425868	0	29425868	29424978	0	29424978	26480	Python/3.12 aiohttp/3.13.2
4	0	0	0	1	0	0	29356698	0	0	29356698	0	MSIE (MSIE 6.0; X11; Linux; i686) Opera 7.23
4	1	1	0	1	29440499	0	29440501	29440499	0	29440501	13240	Mozilla/5.0 (Windows NT 10.0; Win64; x64) AppleWebKit/537.36 (KHTML, like Gecko) Chrome/133.0.0.0 Safari/537.36
4	0	0	0	1	0	0	29428750	0	0	29428750	0	Mozilla/5.0 (X11; U; Linux i586; en-US; rv:1.7.3) Gecko/20040924 Epiphany/1.4.4 (Ubuntu)
4	33	32	1	0	29448212	29408999	0	29391788	29408999	0	431324	Mozilla/5.0 AppleWebKit/537.36 (KHTML, like Gecko; compatible; GPTBot/1.3; +https://openai.com/gptbot)
4	0	0	0	1	0	0	29431452	0	0	29431452	0	Mozilla/5.0 (Kubuntu; Linux x86_64) AppleWebKit/537.36 (KHTML, like Gecko) Chrome/126.0.0.0 Safari/537.36
4	0	0	0	1	0	0	29428832	0	0	29428832	0	Mozilla/5.0 (Windows NT 10.0; WOW64) AppleWebKit/537.36 (KHTML, like Gecko) ConnectPC Safari/537.36 Browser
4	2	2	0	78	29383815	0	29412654	29376845	0	29412642	26480	Mozilla/5.0 (Macintosh; Intel Mac OS X 10_15_7) AppleWebKit/537.36 (KHTML, like Gecko) Chrome/120.0.0.0 Safari/537.36
4	0	0	0	1	0	0	29351590	0	0	29351590	0	Mozilla/5.0 (X11; Linux x86_64) AppleWebKit/535.1 (KHTML, like Gecko) Chrome/13.0.782.20 Safari/535.1
4	7	7	0	7	29431129	0	29336657	29336571	0	29336571	72853	Mozilla/5.0 (X11; Linux x86_64) AppleWebKit/537.36 (KHTML, like Gecko) Chrome/116.0.0.0 Safari/537.36
4	0	0	0	1	0	0	29352682	0	0	29352682	0	Mozilla/5.0 (Linux; Android 8.0.0; LLD-L31) AppleWebKit/537.36 (KHTML, like Gecko) Chrome/73.0.3683.90 Mobile Safari/537.36
4	3	3	0	3	29336662	0	29336662	29336649	0	29336649	39720	Mozilla/5.0 (iPhone; CPU iPhone OS 14_6 like Mac OS X) AppleWebKit/605.1.15 (KHTML, like Gecko) Version/14.0.3 Mobile/15E148 Safari/604.1
4	3	3	0	2	29416673	0	29419160	29346036	0	29348448	39720	Hello from Palo Alto Networks, find out more about our scans in https://docs-cortex.paloaltonetworks.com/r/1/Cortex-Xpanse/Scanning-activity
4	0	0	0	3	0	0	29437789	0	0	29384798	0	RecordedFuture Global Inventory Crawler
4	3	3	0	3	29416897	0	29416897	29340958	0	29340958	39720	Mozilla/5.0 (X11; Linux x86_64; rv:139.0) Gecko/20100101 Firefox/139.0
4	4	4	0	4	29430090	0	29430090	29427199	0	29427199	52960	Mozilla/5.0 (X11; Linux x86_64) AppleWebKit/537.36 (KHTML, like Gecko) Chrome/142.0.0.0 Safari/537.36
4	1	1	0	1	29336635	0	29336635	29336635	0	29336635	13240	Mozilla/5.0 (Windows NT 10.0; Win64; x64) AppleWebKit/537.36 (KHTML, like Gecko) Chrome/141.0.0.0 Safari/537.36
4	3	3	0	0	29363178	0	0	29346006	0	0	39720	Mozilla/5.0 zgrab/0.x
4	0	0	0	2	0	0	29448698	0	0	29448697	0	Mozilla/5.0
4	0	0	0	1	0	0	29433523	0	0	29433523	0	Mozilla/5.0 (Windows NT 6.3; WOW64) AppleWebKit/537.36 (KHTML, like Gecko) Chrome/61.0.3163.79 Safari/537.36 Maxthon/5.2.7.5000
4	0	0	0	1	0	0	29358304	0	0	29358304	0	Mozilla/5.0 (X11; U; Linux x86_64; en-US) AppleWebKit/540.0 (KHTML, like Gecko) Ubuntu/10.10 Chrome/9.1.0.0 Safari/540.0
4	0	0	0	1	0	0	29351790	0	0	29351790	0	Mozilla/5.0 (Macintosh; Intel Mac OS X 10_10_1) AppleWebKit/537.36 (KHTML, like Gecko) Chrome/60.0.3112.90 Safari/537.36
4	0	0	0	1	0	0	29403912	0	0	29403912	0	Mozilla/5.0 (MagentaDesktop 1.2.3.4.5.6.7.8.9.0.1.2.3.4.5.6.7.8.9.0.1.2.3.4.5.6.7.8.9.0.1.2.3.4.5.6.7.8.9.0.1.2.3.4.5.6.7.8.9.0.1.2.3.4.5.6.7.8.9.0.1.2.3.4.5.6.7.8.9.0.1.2.3.4.5.6.7.8.9.0.1.2.3.4.5.6.7.8.9.0.1.2.3.4.5.6.7.8.9.0.1.2.3.4.5.6.7.8.9.0.1.2.3.4.5.6.7.8.9.0.1.2.3.4.5.6.7.8.9.0.1.2.3.4.5.6.7.8.9.0.1.2.3.4.5.6.7.8.9.0.1.2.3.4.5.6.7.8.9.0.1.2.3.4.5.6.7.8.9.0.1.2.3.4.5.6.7.8.9.0.1.2.3.4.5.6.7.8.9.0.1.2.3.4.5.6.7.8.9.0.1.2.3.4.5.6.7.8.9.0.1.2.3.4.5.6.7.8.9.0.1.2.3.4.5.6.7.8.9.0.1.2.3.4.5.6.7.8.9.0.1.2.3.4.5.6.7.8.9.0.1.2.3.4.5.6.7.8.9.0.1.2.3.4.5.6.7.8.9.0.1.2.3.4.5.6.7.8.9.0.1.2.3.4.5.6.7.8.9.0.1.2.3.4.5.6.7.8.9.0.1.2.3.4.5.6.7.8.9.0.1.2.3.4.5.6.7.8.9.0.1.2.3.4.5.6.7.8.9.0.1.2.3.4.5.6.7.8.9.0.1.2.3.4.5.6.7.8.9.0.1.2.3.4.5.6.7.8.9.0.1.2.3.4.5.6.7.8.9.0.1.2.3.4.5.6.7.8.9.0.1.2.3.4.5.6.7.8.9.0.1.2.3.4.5.6.7.8.9.0.1.2.3.4.5.6.7.8.9.0.1.2.3.4.5.6.7.8.9.0.1.2.3.4.5.6.7.8.9.0.1.2.3.4.5.6.7.8.9.0.1.2.3.4.5.6.7.8.9.0.1.2.3.4.5.6.7.8.9.0.1.2.3.4.5.6.7.8.9.0.1.2.3.4.5.6.7.8.9.0.1.2.3.4.5.6.7.8.9.0.1.2.3.4.5.6.7.8.9.0.1.2.3.4.5.6.7.8.9.0; Desktop) AppleWebKit/537.36 (KHTML, like Gecko) Chrome/122.0.5643.136 Safari/537.36 OPR/122.0.5643.136
4	27	27	0	0	29380306	0	0	29337012	0	0	357480	Mozilla/5.0 (X11; Linux i686; rv:109.0) Gecko/20100101 Firefox/120.0
4	0	0	0	1	0	0	29431452	0	0	29431452	0	Mozilla/5.0 (Ubuntu; Linux i686) AppleWebKit/537.36 (KHTML, like Gecko) Chrome/134.0.0.0 Safari/537.36
4	1	1	0	0	29431452	0	0	29431452	0	0	13240	Mozilla/5.0 (Mac OS X 13_2) AppleWebKit/537.36 (KHTML, like Gecko) Edge/107.0 Safari/537.36
4	0	0	0	1	0	0	29341393	0	0	29341393	0	W3C_Validator/1.654
4	2	2	0	2	29424450	0	29424450	29336591	0	29336591	26777	Mozilla/5.0 (iPhone; CPU iPhone OS 16_6_1 like Mac OS X) AppleWebKit/605.1.15 (KHTML, like Gecko) Version/16.5 Mobile/15E148 Safari/604.1
4	14	14	0	39	29366845	0	29366842	29336736	0	29336736	185360	Mozilla/5.0 (Linux; Android 6.0; Nexus 5 Build/MRA58N) AppleWebKit/537.36 (KHTML, like Gecko) Chrome/130.0.0.0 Mobile Safari/537.36
4	1	1	0	0	29435040	0	0	29435040	0	0	13240	Opera/9.30 (Nintendo Wii; U; ; 2047-7; en)
4	1	1	0	0	29425252	0	0	29425252	0	0	13240	Mozilla/5.0 (Windows NT 10.0; WOW64) AppleWebKit/537.36 (KHTML, like Gecko) Chrome/75.0.3770.143 YaBrowser/19.7.2.455 Yowser/2.5 Safari/537.36
4	3	3	0	0	29407844	0	0	29361547	0	0	39720	curl/7.29.0
4	2	2	0	2	29336751	0	29336751	29336751	0	29336751	26480	Mozilla/5.0 (Macintosh; Intel Mac OS X 10_9_2) AppleWebKit/537.36 (KHTML, like Gecko) Chrome/33.0.1750.152 Safari/537.36
4	0	0	0	2	0	0	29350192	0	0	29349780	0	Mozilla/5.0 AppleWebKit/537.36 (KHTML, like Gecko; compatible; GPTBot/1.0; +https://openai.com/gptbot)
4	2	2	0	2	29336751	0	29336751	29336751	0	29336751	26480	Mozilla/5.0 (X11; Linux x86_64) AppleWebKit/537.36 (KHTML, like Gecko) Chrome/132.0.0.0 Safari/537.36
4	1	1	0	0	29407845	0	0	29407845	0	0	13240	Mozilla/5.0 (Macintosh; Intel Mac OS X 8_0_1) AppleWebKit/559.55 (KHTML, like Gecko) Chrome/85.0.2728 Safari/537.36
4	6	6	0	25	29426491	0	29336627	29336571	0	29336571	97868	Mozilla/5.0 (Macintosh; Intel Mac OS X 10.15; rv:139.0) Gecko/20100101 Firefox/139.0
4	0	0	0	3	0	0	29367101	0	0	29363661	0	Mozilla/5.0 (Macintosh; Intel Mac OS X 10_15_7) AppleWebKit/537.36 (KHTML, like Gecko) Chrome/131.0.0.0 Safari/537.36; compatible; OAI-SearchBot/1.0; robots.txt; +https://openai.com/searchbot
4	0	0	0	1	0	0	29354449	0	0	29354449	0	Mozilla/4.0 (compatible; MSIE 6.0; Windows CE; IEMobile 8.12; MSIEMobile6.0)
4	1	1	0	0	29338600	0	0	29338600	0	0	13240	Mozilla/5.0 (X11; Linux x86_64) AppleWebKit/537.36 (KHTML, like Gecko) Chrome/76.0.3809.89 Safari/537.36
4	2	2	0	0	29336657	0	0	29336624	0	0	26426	Mozilla/5.0 (Macintosh; Intel Mac OS X 10_15_7) AppleWebKit/537.36 (KHTML, like Gecko) Chrome/117.0.0.0 Safari/537.36
4	0	0	0	1	0	0	29355005	0	0	29355005	0	Mozilla/5.0 (iPhone; CPU OS 11_0 like Mac OS X) AppleWebKit/604.1.25 (KHTML, like Gecko) Version/11.0 Mobile/15A372 Safari/604.1
4	0	0	0	1	0	0	29426108	0	0	29426108	0	Mozilla/5.0 (Linux; Android 9; SM-G975F) AppleWebKit/537.36 (KHTML, like Gecko) Chrome/76.0.3809.111 Mobile Safari/537.36
4	0	0	0	2	0	0	29403910	0	0	29403910	0	Mozilla/5.0 (Windows NT 10.0; Win64; x64) AppleWebKit/537.36 (KHTML, like Gecko) Chrome/140.0.0.0 Safari/537.36 OPR/124.0.0.0
4	0	0	0	1	0	0	29354216	0	0	29354216	0	HTMLParser/1.6
4	1	1	0	0	29423814	0	0	29423814	0	0	13240	Mozilla/5.0 (Windows NT 9_2; Win64; x64) AppleWebKit/596.53 (KHTML, like Gecko) Chrome/69.0.1236 Safari/537.36
4	0	0	0	1	0	0	29425644	0	0	29425644	0	Mozilla/5.0 (Macintosh; Intel Mac OS X 10_13_4) AppleWebKit/537.36 (KHTML, like Gecko) Chrome/74.0.3729.169 Safari/537.36
4	0	0	0	1	0	0	29425520	0	0	29425520	0	WDG_Validator/1.6.2
4	3	3	0	0	29343782	0	0	29336572	0	0	58310	Mozilla/5.0 (compatible; UGAResearchAgent/1.0; Please visit: NISLabUGA.github.io)
4	1	1	0	1	29425036	0	29425036	29425036	0	29425036	13240	Mozilla/5.0 (Linux; Android 10; K) AppleWebKit/537.36 (KHTML, like Gecko) Chrome/142.0.0.0 Mobile Safari/537.36
4	11	11	0	11	29437113	0	29437113	29338050	0	29338050	145640	Mozilla/5.0 (X11; Linux x86_64) AppleWebKit/537.36 (KHTML, like Gecko) Chrome/139.0.0.0 Safari/537.36
4	1	1	0	0	29413214	0	0	29413214	0	0	13240	Googlebot/2.1 ( http://www.googlebot.com/bot.html)
4	0	0	0	1	0	0	29352518	0	0	29352518	0	Mozilla/5.0 (Linux; Android 7.1.2; Redmi 4X) AppleWebKit/537.36 (KHTML, like Gecko) Chrome/76.0.3809.111 Mobile Safari/537.36
5	12	12	0	8	29424444	0	29424444	29424444	0	29424444	61156	65.87.7.112
5	1	1	0	3	29405905	0	29405905	29405905	0	29405905	13240	118.193.39.117
5	1	1	0	0	29435040	0	0	29435040	0	0	13240	45.148.10.154
5	2	2	0	2	29338038	0	29338038	29338038	0	29338038	26480	23.234.94.157
5	1	1	0	1	29430067	0	29430067	29430067	0	29430067	13240	64.23.239.56
5	1	1	0	1	29387119	0	29387119	29387119	0	29387119	13240	16.171.171.149
5	1	1	0	1	29416897	0	29416897	29416897	0	29416897	13240	64.226.87.93
5	62	2	0	1	29336571	0	29336571	29336571	0	29336571	63069	51.89.167.1
5	1	1	0	0	29336591	0	0	29336591	0	0	13537	172.111.15.145
5	2	2	0	0	29426493	0	0	29426493	0	0	13240	202.120.37.109
5	2	2	0	2	29336649	0	29336649	29336649	0	29336649	26480	44.249.42.175
5	5	5	0	9	29442236	0	29447047	29365443	0	29366738	66200	204.76.203.25
5	1	1	0	0	29443155	0	0	29443155	0	0	13240	87.236.176.32
5	4	0	0	3	29432765	0	29348903	29345047	0	29344323	7920	185.191.171.19
5	4	0	0	0	29432157	0	0	29349031	0	0	8015	185.191.171.18
5	4	1	0	0	29432615	0	0	29344323	0	0	11678	185.191.171.17
5	1	0	0	0	29349458	0	0	29349458	0	0	1995	185.191.171.16
5	0	0	0	2	0	0	29403855	0	0	29401883	0	2a06:98c0:3600::103
5	4	0	0	1	29349150	0	29345126	29345106	0	29345126	7707	185.191.171.15
5	4	0	0	1	29432326	0	29392307	29348537	0	29392307	7316	185.191.171.14
5	1	1	0	0	29336624	0	0	29336624	0	0	13186	104.252.191.51
5	1	1	0	1	29429829	0	29429829	29429829	0	29429829	13240	199.45.155.80
5	4	0	0	0	29432166	0	0	29344553	0	0	7892	185.191.171.13
5	1	1	0	0	29336602	0	0	29336602	0	0	13186	35.204.172.6
5	1	1	0	0	29427114	0	0	29427114	0	0	13240	74.7.243.227
5	1	0	0	1	29432622	0	29432682	29432622	0	29432682	1992	185.191.171.12
5	2	0	0	2	29432084	0	29349219	29348537	0	29348575	3808	185.191.171.11
5	4	2	0	2	29432155	0	29349458	29348903	0	29344341	23140	185.191.171.10
5	6	6	0	4	29336751	0	29336751	29336751	0	29336751	79440	34.248.137.227
5	1	1	0	1	29427199	0	29427199	29427199	0	29427199	13240	147.182.227.144
5	1	1	0	1	29391099	0	29391099	29391099	0	29391099	13240	159.223.158.42
5	2	2	0	0	29430773	0	0	29430497	0	0	26480	16.147.7.175
5	1	1	0	1	29431715	0	29431715	29431715	0	29431715	13240	199.45.155.69
5	1	1	0	1	29411593	0	29411593	29411593	0	29411593	13240	199.45.155.64
5	2	2	0	2	29360728	0	29360728	29360727	0	29360728	26480	141.98.11.115
5	1	1	0	0	29424450	0	0	29424450	0	0	13240	172.111.15.112
5	2	2	0	2	29336624	0	29336625	29336624	0	29336624	26372	104.164.126.105
5	1	1	0	0	29430261	0	0	29430261	0	0	13240	74.7.243.209
5	1	1	0	0	29423800	0	0	29423800	0	0	13240	74.7.227.9
5	7	7	0	0	29425053	0	0	29336573	0	0	26480	146.70.185.32
5	1	1	0	0	29434009	0	0	29434009	0	0	13240	74.7.227.6
5	2	2	0	2	29336657	0	29336657	29336656	0	29336657	26480	104.252.191.28
5	1	1	0	0	29422939	0	0	29422939	0	0	13240	34.255.160.170
5	0	0	0	1	0	0	29448698	0	0	29448698	0	41.225.57.106
5	2	2	0	19	29428939	0	29428939	29428939	0	29428939	26480	194.180.49.169
5	2	2	0	19	29426276	0	29426276	29426276	0	29426276	26480	194.180.49.170
5	5	5	0	572	29433081	0	29433081	29412642	0	29412642	66200	194.180.49.167
5	1	1	0	1	29396575	0	29396575	29396575	0	29396575	13240	165.22.226.219
5	1	1	0	1	29427216	0	29427216	29427216	0	29427216	13240	157.230.112.167
5	15	3	0	0	29409792	0	0	29354564	0	0	40364	217.113.194.247
5	1	1	0	1	29425805	0	29425805	29425805	0	29425805	13240	5.75.224.239
5	1	1	0	0	29336657	0	0	29336657	0	0	13240	104.164.126.65
5	0	0	0	1	0	0	29433491	0	0	29433491	0	18.235.110.182
5	1	1	0	0	29440141	0	0	29440141	0	0	13240	66.132.159.252
5	2	2	0	0	29431129	0	0	29426491	0	0	26480	100.30.248.17
5	2	2	0	4	29448519	0	29448519	29448519	0	29448519	26480	52.221.252.209
5	1	1	0	1	29355685	0	29355685	29355685	0	29355685	13240	138.68.139.207
5	2	2	0	0	29348897	0	0	29336734	0	0	26480	20.171.207.137
5	0	0	0	1	0	0	29336736	0	0	29336736	0	4.227.36.96
5	1	1	0	0	29415913	0	0	29415913	0	0	13240	74.7.242.48
5	2	2	0	0	29383815	0	0	29357284	0	0	26480	3.140.182.19
5	33	7	0	3	29421707	0	29402176	29346455	0	29346455	98591	217.113.194.224
5	21	3	0	2	29409789	0	29409728	29354569	0	29354563	52548	217.113.194.223
5	0	0	0	1	0	0	29424444	0	0	29424444	0	185.225.28.12
5	1	1	0	1	29426258	0	29426258	29426258	0	29426258	13240	123.160.223.75
5	1	1	0	0	29426258	0	0	29426258	0	0	13240	123.160.223.73
5	4	4	0	0	29448212	0	0	29437178	0	0	52960	74.7.242.35
5	1	1	0	0	29423673	0	0	29423673	0	0	13240	74.7.241.1
5	1	1	0	0	29337259	0	0	29337259	0	0	13240	23.27.145.90
5	0	0	0	1	0	0	29421658	0	0	29421658	0	44.251.239.249
5	1	1	0	1	29336572	0	29336572	29336572	0	29336572	22535	103.196.9.70
5	1	1	0	3	29407845	0	29407845	29407845	0	29407845	13240	123.58.213.118
5	1	1	0	0	29347230	0	0	29347230	0	0	13240	23.27.145.83
5	0	0	0	1	0	0	29448697	0	0	29448697	0	173.63.61.151
5	0	0	0	1	0	0	29350192	0	0	29350192	0	172.182.207.93
5	1	1	0	1	29424388	0	29424388	29424388	0	29424388	13240	199.45.154.112
5	1	1	0	0	29425128	0	0	29425128	0	0	13240	46.137.69.231
5	1	1	0	0	29361547	0	0	29361547	0	0	13240	101.36.127.85
5	1	1	0	0	29372365	0	0	29372365	0	0	13240	157.245.15.120
5	2	2	0	0	29415140	0	0	29413214	0	0	26480	45.148.10.80
5	0	0	0	1	0	0	29429906	0	0	29429906	0	74.7.228.62
5	1	1	0	1	29430605	0	29430605	29430605	0	29430605	13240	165.232.134.47
5	1	1	0	3	29423814	0	29423814	29423814	0	29423814	13240	106.75.20.152
5	0	0	0	1	0	0	29419454	0	0	29419454	0	74.7.228.61
5	1	1	0	0	29336602	0	0	29336602	0	0	13186	34.91.125.183
5	5	5	0	25	29336627	0	29336627	29336571	0	29336571	84628	96.41.38.202
5	2	2	0	2	29337113	0	29337114	29337113	0	29337114	26480	103.196.9.50
5	9	9	0	2	29336629	0	29337276	29336586	0	29336586	121245	79.217.216.128
5	1	1	0	1	29434595	0	29434595	29434595	0	29434595	13240	66.132.153.126
5	1	1	0	1	29338050	0	29338050	29338050	0	29338050	13240	161.35.171.163
5	0	0	0	1	0	0	29336635	0	0	29336635	0	192.175.111.246
5	2	2	0	0	29342845	0	0	29338461	0	0	26480	23.27.145.53
5	7	0	7	0	29408785	29408785	0	29408785	29408785	0	53508	47.237.162.142
5	4	4	0	0	29449808	0	0	29376845	0	0	52960	18.224.192.118
5	0	0	0	2	0	0	29425608	0	0	29425387	0	74.7.228.44
5	1	1	0	2	29347820	0	29347820	29347820	0	29347820	13240	66.132.153.119
5	1	1	0	0	29380306	0	0	29380306	0	0	13240	23.27.145.51
5	0	0	0	2	0	0	29435675	0	0	29434144	0	74.7.228.42
5	1	1	0	1	29423040	0	29423040	29423040	0	29423040	13240	66.132.153.116
5	1	1	0	1	29385478	0	29385478	29385478	0	29385478	13240	66.132.153.115
5	0	0	0	9	0	0	29446170	0	0	29437309	0	74.7.228.38
5	0	0	0	1	0	0	29415772	0	0	29415772	0	34.53.21.61
5	1	1	0	0	29351452	0	0	29351452	0	0	13240	23.27.145.38
5	0	0	0	2	0	0	29394736	0	0	29394436	0	74.7.228.25
5	1	1	0	0	29338612	0	0	29338612	0	0	13240	185.247.137.214
5	0	0	0	4	0	0	29416048	0	0	29415859	0	74.7.228.24
5	0	0	0	1	0	0	29336576	0	0	29336576	0	149.102.239.175
5	0	0	0	1	0	0	29348899	0	0	29348899	0	4.227.36.22
5	1	1	0	2	29337643	0	29337644	29337643	0	29337643	13240	167.94.138.202
5	0	0	0	4	0	0	29356807	0	0	29341098	0	93.123.109.7
5	0	0	0	1	0	0	29428269	0	0	29428269	0	74.7.244.61
5	0	0	0	3	0	0	29393317	0	0	29391788	0	74.7.228.21
5	1	1	0	0	29382429	0	0	29382429	0	0	13240	185.247.137.209
5	1	1	0	0	29427166	0	0	29427166	0	0	13240	185.247.137.199
5	0	0	0	1	0	0	29336734	0	0	29336734	0	4.227.36.17
5	0	0	0	8	0	0	29445973	0	0	29437178	0	74.7.228.16
5	1	0	1	12	29409006	29409006	29412947	29409006	29409006	29397346	7644	74.7.228.15
5	0	0	0	2	0	0	29432720	0	0	29432025	0	74.7.244.51
5	0	0	0	1	0	0	29344342	0	0	29344342	0	213.209.157.93
5	1	1	0	0	29374651	0	0	29374651	0	0	13240	34.91.100.7
5	1	1	0	0	29374651	0	0	29374651	0	0	13240	34.91.129.93
5	1	1	0	1	29441559	0	29441559	29441559	0	29441559	13240	167.94.138.181
5	1	1	0	1	29443058	0	29443058	29443058	0	29443058	13240	167.94.138.180
5	0	0	0	1	0	0	29367101	0	0	29367101	0	74.7.228.10
5	1	1	0	0	29339931	0	0	29339931	0	0	13240	23.27.145.13
5	0	0	0	1	0	0	29415364	0	0	29415364	0	74.7.244.43
5	4	0	0	2	29432128	0	29432257	29344341	0	29432252	7975	185.191.171.9
5	1	0	0	1	29432584	0	29344341	29432584	0	29344341	1983	185.191.171.8
5	5	0	0	1	29432054	0	29348929	29348634	0	29348929	8576	185.191.171.7
5	3	1	0	0	29432257	0	0	29349274	0	0	9908	185.191.171.6
5	15	3	0	7	29409790	0	29421707	29354563	0	29354562	48393	154.54.249.203
5	2	0	0	1	29432041	0	29432181	29344765	0	29432181	3983	185.191.171.5
5	4	0	0	1	29432181	0	29392802	29344860	0	29392802	7856	185.191.171.4
5	0	0	0	2	0	0	29448260	0	0	29448212	0	74.7.244.36
5	1	0	0	0	29432601	0	0	29432601	0	0	1966	185.191.171.3
5	1	0	0	2	29344768	0	29432326	29344768	0	29432005	2022	185.191.171.2
5	1	0	0	1	29432541	0	29432380	29432541	0	29432380	2012	185.191.171.1
5	0	0	0	1	0	0	29429681	0	0	29429681	0	62.133.46.9
5	2	2	0	0	29337714	0	0	29337452	0	0	26480	44.243.8.71
5	0	0	0	1	0	0	29423673	0	0	29423673	0	74.7.244.32
5	21	3	0	0	29394777	0	0	29346455	0	0	52606	217.113.194.111
5	25	6	0	1	29409789	0	29378975	29346456	0	29378975	72400	217.113.194.110
5	0	0	0	1	0	0	29414002	0	0	29414002	0	74.7.244.29
5	12	4	0	0	29409791	0	0	29346456	0	0	27894	217.113.194.109
5	14	5	0	1	29409793	0	29362740	29354567	0	29362740	46804	217.113.194.108
5	3	3	0	3	29425036	0	29425036	29337055	0	29337055	39720	133.242.174.119
5	19	2	0	0	29409793	0	0	29346456	0	0	44350	217.113.194.107
5	24	5	0	0	29409791	0	0	29354563	0	0	65767	217.113.194.106
5	0	0	0	1	0	0	29349780	0	0	29349780	0	172.182.204.224
5	1	1	0	0	29373201	0	0	29373201	0	0	13240	104.131.41.66
5	11	5	0	4	29409793	0	29409728	29354569	0	29346455	41161	217.113.194.105
5	35	11	0	1	29409791	0	29370869	29346457	0	29370869	110772	217.113.194.104
5	1	1	0	1	29384816	0	29384816	29384816	0	29384816	13240	34.222.175.250
5	21	4	0	0	29409792	0	0	29346456	0	0	44528	217.113.194.103
5	21	4	0	0	29409792	0	0	29354567	0	0	57220	217.113.194.102
5	1	1	0	0	29385801	0	0	29385801	0	0	13240	185.247.137.161
5	1	1	0	0	29423406	0	0	29423406	0	0	13240	34.245.104.223
5	0	0	0	1	0	0	29416883	0	0	29416883	0	34.86.47.209
5	0	0	0	1	0	0	29418100	0	0	29418100	0	18.237.178.203
5	0	0	0	2	0	0	29424564	0	0	29424519	0	74.7.244.15
5	1	1	0	0	29336635	0	0	29336635	0	0	13240	64.15.129.124
5	2	2	0	2	29336649	0	29336649	29336649	0	29336649	26480	54.244.205.159
5	1	1	0	2	29337636	0	29337636	29337636	0	29337636	13240	162.142.125.214
5	1	1	0	0	29372627	0	0	29372627	0	0	13240	167.71.185.111
5	1	1	0	1	29385249	0	29385249	29385249	0	29385249	13240	162.142.125.210
5	3	3	0	33	29424444	0	29424444	29424443	0	29424443	39720	165.22.34.189
5	1	1	0	0	29353252	0	0	29353252	0	0	13240	198.235.24.186
5	1	1	0	1	29336572	0	29336572	29336572	0	29336572	22535	152.39.243.235
5	0	0	0	2	0	0	29352682	0	0	29352518	0	194.26.192.110
5	1	1	0	0	29391788	0	0	29391788	0	0	13240	74.7.227.241
5	0	0	0	1	0	0	29428214	0	0	29428214	0	74.7.175.190
5	0	0	0	1	0	0	29430872	0	0	29430872	0	74.7.175.185
5	2	2	0	0	29431987	0	0	29431987	0	0	26480	34.124.135.103
5	1	1	0	0	29405959	0	0	29405959	0	0	13240	184.73.189.76
5	0	0	0	1	0	0	29447532	0	0	29447532	0	74.7.175.174
5	0	0	0	1	0	0	29418744	0	0	29418744	0	35.197.15.65
5	0	0	0	2	0	0	29424562	0	0	29424515	0	74.7.175.171
5	0	0	0	1	0	0	29336576	0	0	29336576	0	188.126.89.102
5	7	1	1	7	29431014	29430542	29431014	29427428	29430542	29427428	17773	216.73.216.53
5	11	11	0	33	29346705	0	29346705	29336736	0	29336736	145640	157.143.122.60
5	1	1	0	1	29428950	0	29428950	29428950	0	29428950	13240	57.131.35.166
5	2	2	0	2	29336662	0	29336662	29336662	0	29336662	26480	54.202.142.11
5	1	1	0	0	29426257	0	0	29426257	0	0	13240	34.90.235.227
5	1	1	0	1	29440499	0	29440501	29440499	0	29440501	13240	71.6.134.231
5	3	0	0	0	29432407	0	0	29344613	0	0	6006	85.208.96.212
5	4	1	0	0	29432389	0	0	29344946	0	0	19283	85.208.96.211
5	1	0	0	0	29432799	0	0	29432799	0	0	1990	85.208.96.209
5	4	0	0	2	29432619	0	29432127	29344827	0	29344860	7629	85.208.96.210
5	4	1	0	1	29432701	0	29348983	29344622	0	29348983	11214	85.208.96.199
5	0	0	0	1	0	0	29420895	0	0	29420895	0	74.7.175.154
5	0	0	0	2	0	0	29449605	0	0	29449531	0	74.7.175.153
5	3	3	0	18	29336571	0	29336571	29336571	0	29336571	2391	178.128.207.138
5	6	0	0	2	29432690	0	29349075	29348862	0	29348789	11285	85.208.96.208
5	4	0	0	1	29432439	0	29432449	29348468	0	29432449	7230	85.208.96.198
5	3	0	0	0	29432568	0	0	29344582	0	0	5638	85.208.96.207
5	3	0	0	3	29432023	0	29432765	29348500	0	29344323	5615	85.208.96.197
5	0	0	0	1	0	0	29388221	0	0	29388221	0	34.125.73.167
5	1	1	0	0	29415859	0	0	29415859	0	0	13240	74.7.227.180
5	1	0	0	1	29348575	0	29344743	29348575	0	29344743	1990	85.208.96.196
5	7	1	0	0	29432638	0	0	29348797	0	0	24511	85.208.96.206
5	5	0	0	4	29432449	0	29432062	29348676	0	29348430	9707	85.208.96.195
5	2	0	0	1	29432500	0	29348773	29344534	0	29348773	3988	85.208.96.205
5	3	1	0	0	29432646	0	0	29348980	0	0	17257	85.208.96.204
5	3	0	0	0	29432103	0	0	29344585	0	0	5659	85.208.96.194
5	3	0	0	0	29432414	0	0	29344743	0	0	5811	85.208.96.203
5	4	0	0	0	29432269	0	0	29344339	0	0	8009	85.208.96.193
5	5	0	0	0	29432659	0	0	29344688	0	0	10101	85.208.96.202
5	1	1	0	0	29448697	0	0	29448697	0	0	13240	45.178.149.244
5	4	0	0	0	29432749	0	0	29432005	0	0	8034	85.208.96.201
5	5	0	0	1	29432814	0	29349132	29344343	0	29349132	9996	85.208.96.200
5	2	2	0	0	29370583	0	0	29367098	0	0	26480	74.7.227.169
5	0	0	0	1	0	0	29419489	0	0	29419489	0	74.7.175.138
5	0	0	0	2	0	0	29433524	0	0	29433523	0	185.177.72.75
5	0	0	0	1	0	0	29417998	0	0	29417998	0	16.146.252.241
5	0	0	0	5	0	0	29403912	0	0	29403910	0	80.134.128.183
5	1	1	0	1	29338092	0	29338092	29338092	0	29338092	13240	64.227.146.246
5	1	1	0	0	29407844	0	0	29407844	0	0	13240	101.36.106.134
5	1	1	0	1	29376012	0	29376012	29376012	0	29376012	13240	134.209.20.119
5	0	0	0	1	0	0	29348448	0	0	29348448	0	198.235.24.103
5	1	1	0	0	29430872	0	0	29430872	0	0	13240	74.7.227.149
5	0	0	0	2	0	0	29337208	0	0	29337016	0	54.158.58.85
5	1	1	0	1	29336572	0	29336572	29336572	0	29336572	22535	216.194.92.14
5	0	0	0	1	0	0	29428750	0	0	29428750	0	45.144.212.58
5	4	4	0	0	29447532	0	0	29437309	0	0	52960	74.7.227.139
5	1	1	0	0	29346036	0	0	29346036	0	0	13240	198.235.24.96
5	1	1	0	0	29419454	0	0	29419454	0	0	13240	74.7.227.138
5	1	1	0	0	29394886	0	0	29394886	0	0	13240	74.7.227.137
5	1	1	0	0	29419489	0	0	29419489	0	0	13240	74.7.227.134
5	1	1	0	0	29392200	0	0	29392200	0	0	13240	74.7.227.97
5	1	1	0	0	29434144	0	0	29434144	0	0	13240	74.7.227.133
5	0	0	0	1	0	0	29429681	0	0	29429681	0	188.126.88.10
5	3	3	0	33	29424444	0	29424444	29424443	0	29424443	39720	139.59.136.184
5	0	0	0	2	0	0	29439652	0	0	29439308	0	45.144.212.43
5	3	3	0	6	29366845	0	29366842	29356778	0	29356778	39720	91.84.86.2
5	1	1	0	1	29410374	0	29410374	29410374	0	29410374	13240	142.93.217.158
5	5	5	0	0	29412947	0	0	29397346	0	0	66200	74.7.241.36
5	1	1	0	1	29341029	0	29341029	29341029	0	29341029	13240	68.183.65.13
5	2	2	0	0	29436060	0	0	29363178	0	0	26480	3.138.185.30
5	2	2	0	0	29370587	0	0	29367101	0	0	26480	74.7.227.82
5	0	0	0	2	0	0	29351441	0	0	29351393	0	185.177.72.8
5	0	0	0	1	0	0	29384798	0	0	29384798	0	98.88.137.2
5	1	1	0	0	29380280	0	0	29380280	0	0	13240	149.57.180.194
5	0	0	0	1	0	0	29419160	0	0	29419160	0	198.235.24.69
5	0	0	0	1	0	0	29420804	0	0	29420804	0	34.213.234.20
5	2	2	0	4	29443741	0	29443741	29443741	0	29443741	26480	3.82.106.136
5	1	1	0	0	29340179	0	0	29340179	0	0	13240	149.57.180.191
5	1	1	0	0	29337113	0	0	29337113	0	0	13240	154.28.229.5
5	62	2	0	1	29336571	0	29336571	29336571	0	29336571	63215	57.129.16.41
5	1	1	0	13	29337048	0	29337048	29337048	0	29337048	13240	93.123.109.60
5	1	1	0	1	29336572	0	29336572	29336572	0	29336572	22535	180.149.7.30
5	1	1	0	0	29343070	0	0	29343070	0	0	13240	149.57.180.185
5	1	1	0	0	29431018	0	0	29431018	0	0	13240	185.177.72.11
5	0	0	0	2	0	0	29425644	0	0	29425520	0	185.177.72.10
5	1	1	0	1	29370371	0	29370371	29370371	0	29370371	13240	159.89.108.42
5	1	1	0	0	29340179	0	0	29340179	0	0	13240	149.57.180.182
5	1	1	0	0	29343782	0	0	29343782	0	0	13240	128.192.12.120
5	1	1	0	0	29337259	0	0	29337259	0	0	13240	149.57.180.8
5	5	4	1	0	29412423	29408999	0	29397808	29408999	0	60604	74.7.227.60
5	1	1	0	0	29336573	0	0	29336573	0	0	22535	128.192.12.115
5	1	1	0	0	29336572	0	0	29336572	0	0	22535	128.192.12.111
5	1	1	0	1	29425780	0	29425780	29425780	0	29425780	13240	168.119.245.209
5	1	1	0	0	29351715	0	0	29351715	0	0	13240	149.57.180.165
5	1	1	0	0	29336571	0	0	29336571	0	0	797	103.4.250.185
5	1	1	0	3	29361548	0	29361548	29361548	0	29361548	13240	165.154.172.72
5	2	2	0	0	29348899	0	0	29336736	0	0	26480	20.171.207.75
5	1	1	0	0	29337112	0	0	29337112	0	0	13240	23.27.145.250
5	1	1	0	0	29426735	0	0	29426735	0	0	13240	74.7.227.33
5	2	2	0	0	29351717	0	0	29338714	0	0	26480	23.27.145.242
5	2	2	0	0	29445503	0	0	29445502	0	0	13240	193.19.82.13
5	0	0	0	1	0	0	29426735	0	0	29426735	0	74.7.241.185
5	1	1	0	0	29337012	0	0	29337012	0	0	13240	23.27.145.232
5	0	0	0	5	0	0	29449676	0	0	29449209	0	74.7.241.183
5	0	0	0	1	0	0	29369910	0	0	29369910	0	34.6.198.57
5	3	3	0	18	29336571	0	29336571	29336571	0	29336571	2391	206.81.24.227
5	1	1	0	0	29337113	0	0	29337113	0	0	13240	23.27.145.225
5	1	1	0	0	29337890	0	0	29337890	0	0	13240	185.247.137.60
5	1	1	0	1	29430090	0	29430090	29430090	0	29430090	13240	146.190.78.58
5	0	0	0	1	0	0	29348897	0	0	29348897	0	4.227.36.125
5	1	1	0	0	29416673	0	0	29416673	0	0	13240	205.210.31.67
5	0	0	0	1	0	0	29432804	0	0	29432804	0	74.7.241.162
5	1	1	0	0	29347542	0	0	29347542	0	0	13240	23.27.145.198
5	0	0	0	1	0	0	29424444	0	0	29424444	0	176.125.228.149
5	1	1	0	0	29342837	0	0	29342837	0	0	13240	149.57.180.113
5	0	0	0	2	0	0	29394886	0	0	29394589	0	74.7.230.0
5	0	0	0	1	0	0	29363661	0	0	29363661	0	4.227.36.113
5	1	1	0	1	29379268	0	29379268	29379268	0	29379268	13240	167.94.146.60
5	2	2	0	4	29444084	0	29444084	29444084	0	29444084	26480	13.231.193.174
5	1	1	0	0	29360918	0	0	29360918	0	0	13240	162.142.125.47
5	0	0	0	1	0	0	29429214	0	0	29429214	0	45.82.13.170
5	0	0	0	1	0	0	29423800	0	0	29423800	0	74.7.241.149
5	1	1	0	0	29357219	0	0	29357219	0	0	13240	23.27.145.185
5	1	1	0	0	29387498	0	0	29387498	0	0	13240	34.244.224.37
5	1	1	0	3	29423814	0	29423814	29423814	0	29423814	13240	106.75.10.41
5	1	1	0	0	29405903	0	0	29405903	0	0	13240	118.193.57.218
5	1	0	1	13	29408999	29408999	29412423	29408999	29408999	29367098	7644	74.7.230.58
5	0	0	0	2	0	0	29425465	0	0	29425043	0	74.7.230.56
5	0	0	0	1	0	0	29421494	0	0	29421494	0	74.7.230.55
5	1	1	0	0	29429319	0	0	29429319	0	0	13240	104.252.191.176
5	1	1	0	0	29387311	0	0	29387311	0	0	13240	3.255.215.177
5	0	0	0	2	0	0	29416064	0	0	29415913	0	74.7.230.51
5	2	2	0	4	29433032	0	29433032	29433032	0	29433032	26480	18.171.157.194
5	0	0	0	1	0	0	29449121	0	0	29449121	0	74.7.241.128
5	0	0	0	3	0	0	29393775	0	0	29392200	0	74.7.230.49
5	1	1	0	0	29339931	0	0	29339931	0	0	13240	23.27.145.160
5	1	1	0	0	29337013	0	0	29337013	0	0	13240	23.27.145.156
5	0	0	0	1	0	0	29413796	0	0	29413796	0	74.7.230.40
5	0	0	0	1	0	0	29341393	0	0	29341393	0	213.209.157.253
5	1	1	0	1	29437113	0	29437113	29437113	0	29437113	13240	64.227.130.185
5	3	3	0	5	29336571	0	29336571	29336571	0	29336571	7504	103.4.251.195
5	0	0	0	1	0	0	29425145	0	0	29425145	0	45.148.10.250
5	1	1	0	1	29340958	0	29340958	29340958	0	29340958	13240	134.122.18.150
5	1	1	0	0	29351748	0	0	29351748	0	0	13240	149.57.180.79
5	1	1	0	1	29442342	0	29442342	29442342	0	29442342	13240	44.243.80.109
5	1	1	0	0	29424805	0	0	29424805	0	0	13240	34.245.68.91
5	1	1	0	1	29381460	0	29381460	29381460	0	29381460	13240	35.86.238.29
5	0	0	0	2	0	0	29427114	0	0	29426139	0	74.7.230.25
5	1	1	0	0	29351468	0	0	29351468	0	0	13240	23.27.145.139
5	0	0	0	2	0	0	29429238	0	0	29428832	0	45.148.10.238
5	1	1	0	0	29429332	0	0	29429332	0	0	13240	104.252.191.145
5	0	0	0	2	0	0	29436038	0	0	29434009	0	74.7.230.22
5	2	2	0	4	29431452	0	29431452	29431074	0	29431074	26480	195.178.110.242
5	0	0	0	1	0	0	29424450	0	0	29424450	0	172.111.15.19
5	1	1	0	3	29352635	0	29351919	29352635	0	29351590	13240	213.209.157.232
5	0	0	0	1	0	0	29437789	0	0	29437789	0	13.219.121.241
5	0	0	0	1	0	0	29430261	0	0	29430261	0	74.7.230.13
5	1	1	0	0	29448697	0	0	29448697	0	0	13240	201.219.167.136
5	1	1	0	0	29357553	0	0	29357553	0	0	13240	23.27.145.124
5	2	2	0	4	29338600	0	29429230	29337026	0	29425939	26480	195.178.110.223
5	0	0	0	1	0	0	29417954	0	0	29417954	0	74.7.228.9
5	2	2	0	2	29429319	0	29429319	29429319	0	29429319	26480	103.4.251.157
5	1	1	0	0	29343070	0	0	29343070	0	0	13240	149.57.180.44
5	1	1	0	0	29338714	0	0	29338714	0	0	13240	23.27.145.110
5	0	0	0	1	0	0	29336591	0	0	29336591	0	172.111.15.194
5	0	0	0	1	0	0	29417974	0	0	29417974	0	74.7.228.2
5	2	2	0	0	29336577	0	0	29336577	0	0	45070	135.148.100.196
5	2	2	0	0	29425996	0	0	29425252	0	0	26480	195.178.110.54
5	1	1	0	0	29346006	0	0	29346006	0	0	13240	3.146.111.124
5	0	0	0	5	0	0	29358304	0	0	29354216	0	45.139.104.183
5	4	4	0	52	29425868	0	29425868	29352209	0	29352209	52960	195.178.110.201
5	1	1	0	1	29336572	0	29336572	29336572	0	29336572	22535	104.232.199.22
5	2	2	0	2	29429332	0	29429332	29429332	0	29429332	26480	104.252.191.98
5	2	2	0	4	29433769	0	29433769	29433769	0	29433769	26480	52.214.164.188
5	1	1	0	1	29350031	0	29350031	29350031	0	29350031	13240	167.172.23.174
5	1	1	0	0	29357554	0	0	29357554	0	0	13240	149.57.180.24
5	1	1	0	1	29445443	0	29445443	29445443	0	29445443	13240	35.80.7.226
5	108	20	2	12	29425287	29422609	29425286	29422604	29422609	29422604	306992	216.73.216.112
5	2	2	0	0	29427395	0	0	29426594	0	0	26480	34.221.21.250
5	1	1	0	0	29426257	0	0	29426257	0	0	13240	34.91.115.13
5	2	2	0	4	29424785	0	29424785	29424785	0	29424785	26480	3.120.183.164
5	2	2	0	4	29427884	0	29427884	29427884	0	29427884	26480	52.64.67.153
z	0	76	16	29445502	0
z	3	11	11	29336571	8767
z	4	595	89	29432814	1546176
z	5	308	308	29449808	4195355
c	200	981	29449808
c	206	4	29424444
c	301	3	29430542
c	302	10	29409006
c	304	5	29394610
c	403	5	29412644
c	404	1228	29449676
c	499	9	29437789
