1073741824S,0C
0 0
79728 1
-79728 -1
2484 1
2484 1
-2484 -1
2462 1
-2484 -1
2545 1
-2462 -1
2593 1
-2545 -1
2613 1
-2593 -1
2613 1
-2613 -1
2613 1
-2613 -1
2645 1
-2613 -1
2645 1
-2645 -1
2645 1
-2645 -1
2655 1
-2645 -1
2655 1
-2655 -1
2695 1
-2655 -1
2715 1
-2695 -1
2715 1
-2715 -1
2749 1
-2715 -1
2777 1
-2749 -1
2819 1
-2777 -1
2753 1
-2819 -1
2773 1
-2753 -1
2805 1
-2773 -1
2839 1
-2805 -1
2843 1
-2839 -1
2843 1
-2843 -1
2843 1
-2843 -1
2843 1
-2843 -1
2843 1
-2843 -1
2843 1
-2843 -1
2843 1
-2843 -1
2843 1
-2843 -1
2839 1
-2843 -1
2839 1
-2839 -1
2835 1
-2839 -1
2839 1
-2835 -1
5319 1
-2839 -1
4747 1
-5319 -1
4747 1
-4747 -1
4747 1
-4747 -1
5289 1
-4747 -1
5475 1
-5289 -1
5475 1
-5475 -1
5475 1
-5475 -1
5315 1
-5475 -1
5315 1
-5315 -1
5315 1
-5315 -1
5315 1
-5315 -1
5315 1
-5315 -1
5315 1
-5315 -1
5315 1
-5315 -1
-5315 -1
3163 1
2484 1
2484 1
-2484 -1
712 1
-2484 -1
-712 -1
4007 1
-3163 -1
4300 1
-4007 -1
525521 1
-4300 -1
7408 1
2563 1
1131 1
1163 1
-1131 -1
-1163 -1
