CACHE type 5 produced by analog 6.0/Unix. Do not modify or delete!
T	0	0	1644	940	96	1489	3155370
D	29325989	29449647
20365	77	1	1	797
20365	78	65	12	124545
20365	114	6	6	4782
20365	115	49	19	120980
20365	117	2	2	4195
20365	118	5	5	12051
20365	124	2	1	4767
20365	125	1	1	4923
20365	126	1	1	4197
20365	127	1	1	4197
20365	128	51	21	121917
20365	129	7	7	30434
20365	130	2	2	6243
20365	131	6	6	19044
20365	132	8	6	16862
20365	133	6	4	42336
20365	136	1	1	3067
20365	137	2	2	16231
20365	138	5	4	17295
20365	154	1	1	973
20365	157	1	1	973
20365	160	1	1	973
20365	161	2	2	1946
20365	166	1	1	973
20365	167	1	1	973
20365	173	1	1	973
20365	189	1	1	973
20365	198	1	1	973
20365	199	27	7	52409
20365	200	1	1	973
20365	206	1	1	973
20365	212	1	1	973
20365	226	1	1	973
20365	230	1	1	973
20365	232	2	2	1946
20365	236	1	1	973
20365	248	1	1	973
20365	263	1	1	973
20366	18	8	8	3892
20366	24	1	1	973
20366	52	1	1	973
20366	57	1	1	973
20366	82	1	1	973
20366	100	2	2	1946
20366	104	5	3	7582
20366	105	4	2	591
20366	114	2	1	5477
20366	116	1	1	1159
20366	152	2	1	591
20366	162	2	1	168
20366	163	2	1	5056
20366	164	5	4	15674
20366	165	3	3	0
20366	166	2	2	9557
20366	167	7	3	6690
20366	168	2	2	2318
20366	179	1	1	1159
20366	181	51	21	130927
20366	182	1	1	1159
20366	184	1	1	1159
20366	212	1	1	1159
20366	232	1	1	1159
20366	242	1	1	1159
20367	27	2	2	2318
20367	49	1	0	160
20367	52	1	0	160
20367	70	1	1	1159
20367	71	1	1	1159
20367	89	1	1	1159
20367	90	1	1	1159
20367	102	3	2	8115
20367	112	1	1	1159
20367	147	5	5	16183
20367	149	1	0	160
20367	151	1	1	1159
20367	166	1	1	1159
20367	182	1	1	1159
20367	213	1	1	1159
20368	169	1	1	1159
20369	85	1	1	1159
20369	188	1	1	1159
20371	68	2	2	2318
20371	191	2	2	2318
20372	58	1	1	1159
20372	78	1	1	1159
20372	89	1	1	1159
20372	220	1	1	1159
20374	5	1	1	1159
20374	9	2	2	2318
20374	103	1	1	1159
20374	228	1	1	1159
20375	41	1	1	1159
20375	43	78	28	205955
20375	44	1	1	1159
20375	230	1	1	1159
20376	41	1	1	1159
20376	51	1	1	1159
20376	56	1	1	1159
20376	94	1	1	1159
20376	153	1	1	1159
20379	80	1	1	1159
20379	170	1	1	1159
20379	187	1	1	1159
20380	33	1	1	1159
20380	137	9	9	20819
20384	96	1	1	1159
20384	184	5	5	16183
20384	189	5	5	16183
20385	132	1	1	1159
20385	152	1	1	1159
20385	264	1	1	1159
20386	89	2	2	2318
20388	51	1	1	1159
20388	139	1	1	1159
20389	281	1	1	1159
20390	194	1	1	1159
20393	87	1	1	1159
20393	231	9	9	31207
20393	273	12	10	26017
20393	274	34	6	80776
20393	276	50	20	130549
20394	233	5	5	16183
20395	142	5	5	16183
20395	216	1	1	1159
20396	113	8	8	9272
20396	114	9	9	10431
20397	29	1	1	1159
20397	42	2	2	2318
20397	137	1	1	1159
20397	190	1	1	1159
20397	280	1	1	1159
20398	2	1	1	1159
20398	5	1	1	1159
20398	17	1	1	1159
20398	26	2	2	2318
20398	27	2	2	2318
20398	43	1	1	1159
20398	50	1	1	4888
20398	55	1	1	3067
20398	61	1	1	5910
20400	28	1	1	1159
20400	213	2	2	2318
20400	229	5	5	16183
20403	114	1	1	1159
20403	132	1	1	1159
20404	121	1	1	1159
20406	167	5	5	16183
20407	32	5	5	16183
20407	115	1	1	1159
20407	116	5	5	16183
20407	239	1	1	1159
20408	6	1	1	1159
20408	119	1	1	1159
20408	203	5	5	16183
20410	239	9	9	10431
20410	276	9	9	10431
20412	227	1	1	1159
20412	262	9	9	10431
20413	64	9	9	10431
20414	124	1	1	1159
20415	137	9	9	10431
20416	116	9	9	10431
20417	167	1	1	1159
20417	246	7	7	8113
20418	9	1	1	1159
20418	20	1	1	1159
20419	8	7	7	8113
20419	62	1	1	1159
20420	98	8	8	9272
20420	166	5	5	16183
20421	50	7	7	8113
20421	200	1	1	1159
20422	100	6	6	6954
20422	282	1	0	7654
20424	210	5	5	16183
20424	248	8	8	9272
20425	141	8	8	9272
20425	229	1	1	1159
20426	54	1	1	1159
20426	76	134	14	150132
20426	77	3	3	1159
20426	78	4	4	4636
20426	183	1	1	1159
20427	5	1	1	1159
20427	71	1	1	1159
20427	80	1	1	1159
20427	95	1	1	1159
20427	114	1	1	1159
20427	133	1	1	1159
20427	134	1	1	1159
20427	166	1	1	1159
20427	187	1	1	1159
20427	200	1	1	1159
20427	208	8	8	9272
20427	210	8	8	9272
20427	238	1	1	1159
20427	245	1	1	1159
20428	28	1	1	1159
20428	32	1	1	1159
20428	99	1	1	1159
20428	100	1	1	1159
20428	130	1	1	1159
20428	192	1	1	1159
20428	221	1	1	1159
20429	40	1	1	1159
20429	49	1	1	1159
20429	63	2	2	2318
20429	85	3	3	8228
20429	86	5	5	13253
20429	87	6	6	15521
20429	108	3	0	5408
20429	109	17	0	33864
20429	110	16	9	43398
20429	111	3	0	5711
20429	112	19	3	44794
20429	113	18	4	41385
20429	120	1	1	1159
20429	126	134	14	150162
20429	135	1	1	5910
20429	136	2	2	11820
20429	137	1	1	5910
20429	138	2	2	11820
20429	139	2	2	11820
20429	180	1	1	1159
20430	47	8	8	9272
20430	55	8	8	9272
20430	67	6	6	17342
20430	77	3	3	3477
20430	78	3	3	13865
20430	124	5	5	16183
20430	187	1	1	1159
20430	257	1	1	1159
20431	6	1	1	1159
20431	12	1	1	1159
20431	23	2	2	2318
20431	117	1	1	1159
20431	160	1	1	1159
20431	162	1	1	1159
20431	180	1	1	1159
20431	203	1	1	1159
20431	212	5	5	16183
20431	226	1	1	1159
20431	242	2	2	2318
20432	19	2	0	4052
20432	20	7	2	21939
20432	21	1	0	2025
20432	24	1	1	1159
20432	59	6	6	6954
20432	105	2	0	4088
20432	159	1	1	1159
20432	183	1	1	1159
20432	218	8	8	9272
20432	248	1	1	1159
20432	268	1	1	1159
20432	285	6	6	17342
20433	134	1	1	1159
20433	158	1	1	1159
20433	200	1	1	1159
20433	204	1	0	2052
20433	205	1	0	2056
20433	222	2	0	4070
20433	223	10	0	20077
20433	273	2	0	4083
20433	274	5	0	10236
20434	7	1	0	1787
20434	9	3	0	6060
20434	11	1	0	2070
20434	20	1	1	1159
20434	34	1	1	1159
20434	53	1	0	2052
20434	64	1	0	2025
20434	94	1	1	1159
20434	95	7	7	8113
20435	132	8	8	9272
20435	205	1	0	2049
20435	209	1	1	1159
20435	256	1	0	2023
20435	257	1	0	2027
20436	32	1	1	1159
20436	92	1	1	1159
20436	164	1	0	2050
20436	165	1	0	2054
20437	101	1	1	1159
20437	102	1	1	1159
20437	154	50	20	130403
20437	233	11	11	18386
20437	278	1	1	1159
20438	58	1	0	1986
20438	59	3	0	5322
20438	230	4	4	15024
20438	242	39	9	112103
20439	224	1	1	1159
20439	283	1	1	1159
20440	48	9	9	10431
20440	102	1	1	1159
20440	109	9	9	10431
20440	233	1	1	1159
20441	49	1	1	1159
20441	182	1	1	1159
20442	56	1	1	1159
20442	57	1	1	1159
20442	141	1	1	1159
20442	160	9	9	10431
20442	196	5	5	16183
20443	31	1	1	1159
20443	201	1	1	1159
20444	33	9	9	10431
20444	253	9	9	10431
20445	37	1	1	1159
20445	48	1	1	1159
20445	196	1	1	1159
20445	236	1	1	1159
20446	10	1	1	1194
20446	12	3	3	7276
20446	13	4	4	15094
20446	64	2	2	2388
20446	94	1	1	1194
20446	140	9	9	10746
20446	151	1	1	1194
20446	174	1	1	1194
20447	143	7	7	8358
20448	132	1	1	1194
20448	148	1	1	1194
20448	173	5	5	16288
20448	221	1	1	1194
20449	16	1	1	1194
20449	137	5	5	16288
20450	5	9	9	10746
20450	139	2	2	2388
20450	240	9	9	10746
1	0	0	0	1	0	0	29416482	0	0	29416482	0	/config/local_env.yml
1	0	0	0	6	0	0	29421606	0	0	29327951	0	/.env.local
1	0	0	0	3	0	0	29417428	0	0	29327952	0	/storage/logs/laravel.log
1	0	0	0	1	0	0	29417428	0	0	29417428	0	/_debug
1	0	0	0	1	0	0	29417428	0	0	29417428	0	/api/v1/config
1	0	0	0	1	0	0	29417428	0	0	29417428	0	/.env.prod.local
1	0	0	0	3	0	0	29416483	0	0	29327953	0	/config/application.yml
1	0	0	0	7	0	0	29416483	0	0	29327952	0	/config.js
1	0	0	0	1	0	0	29417428	0	0	29417428	0	/Dockerfile
1	1	0	0	0	29326222	0	0	29326222	0	0	0	/crashed/submit.php
1	22	0	0	0	29431933	0	0	29325990	0	0	29743	/error/400.shtml
1	0	0	0	1	0	0	29416482	0	0	29416482	0	/rails.env
1	0	0	0	2	0	0	29340221	0	0	29327952	0	/js/main.js
1	0	0	0	1	0	0	29417428	0	0	29417428	0	/app/logs/prod.log
1	0	0	0	1	0	0	29416482	0	0	29416482	0	/config/stripe.rb
1	0	0	0	1	0	0	29416482	0	0	29416482	0	/stripe/config
1	22	0	0	0	29431932	0	0	29325990	0	0	30067	/error/401.shtml
1	0	0	0	1	0	0	29416482	0	0	29416482	0	/config/puma.rb
1	0	0	0	3	0	0	29347894	0	0	29327951	0	/mailer/.env
1	0	0	0	1	0	0	29416482	0	0	29416482	0	/aws-keys.json
1	0	0	0	3	0	0	29347895	0	0	29327951	0	/crm/.env
1	0	0	0	35	0	0	29446794	0	0	29326546	0	/.env
1	0	0	0	6	0	0	29423509	0	0	29325990	0	/%3FC%3DD%3BO%3DA
1	23	0	0	0	29431933	0	0	29325991	0	0	31241	/error/402.shtml
1	0	0	0	1	0	0	29416482	0	0	29416482	0	/config/cable.yml
1	0	0	0	3	0	0	29340222	0	0	29327953	0	/config/local.yml
1	0	0	0	12	0	0	29366358	0	0	29326602	0	/js/lkk_ch.js
1	0	0	0	1	0	0	29417428	0	0	29417428	0	/.api_keys
1	0	0	0	1	0	0	29417428	0	0	29417428	0	/s3.yml
1	22	0	0	0	29431933	0	0	29325990	0	0	29614	/error/403.shtml
1	0	0	0	1	0	0	29417428	0	0	29417428	0	/api_keys.json
1	0	0	0	1	0	0	29416483	0	0	29416483	0	/api_keys.js
1	0	0	0	3	0	0	29347895	0	0	29327951	0	/service/email_service.py
1	22	0	0	0	29431932	0	0	29325990	0	0	29956	/error/404.shtml
1	0	0	0	1	0	0	29417428	0	0	29417428	0	/info1.php
1	0	0	0	3	0	0	29347893	0	0	29327950	0	/wp-config
1	0	0	0	1	0	0	29416482	0	0	29416482	0	/config/stripe.js
1	0	0	0	4	0	0	29347893	0	0	29327950	0	/_profiler/phpinfo/phpinfo.php
1	0	0	0	1	0	0	29416482	0	0	29416482	0	/stripe_keys.py
1	0	0	0	43	0	0	29447247	0	0	29325990	0	/cgi-bin/
1	24	0	0	0	29431933	0	0	29325990	0	0	39970	/error/405.shtml
1	0	0	0	1	0	0	29416482	0	0	29416482	0	/config.ini
1	0	0	0	1	0	0	29417428	0	0	29417428	0	/keys.json
1	0	0	0	3	0	0	29347895	0	0	29327951	0	/website/.env
1	0	0	0	2	0	0	29340221	0	0	29327952	0	/app.py
1	0	0	0	5	0	0	29347893	0	0	29327950	0	/_profiler/phpinfo/info.php
1	0	0	0	2	0	0	29423509	0	0	29419590	0	/createbreaktrough/#
1	0	0	0	1	0	0	29416482	0	0	29416482	0	/django_settings.json
1	0	0	0	4	0	0	29347893	0	0	29327950	0	/www/.env
1	0	0	0	3	0	0	29347895	0	0	29327951	0	/scripts/nodemailer.js
1	23	0	0	0	29431932	0	0	29325990	0	0	38109	/error/406.shtml
1	0	0	0	2	0	0	29416482	0	0	29340222	0	/aws/credentials
1	0	0	0	1	0	0	29340222	0	0	29340222	0	/server/s3.js
1	0	0	0	1	0	0	29382597	0	0	29382597	0	/.gitignore
1	0	0	0	1	0	0	29416482	0	0	29416482	0	/.pythonenv
1	46	46	0	0	29447247	0	0	29325990	0	0	271965	/error/
1	0	0	0	1	0	0	29417428	0	0	29417428	0	/oauth.json
1	0	0	0	1	0	0	29417428	0	0	29417428	0	/Thumbs.db
1	0	0	0	1	0	0	29416482	0	0	29416482	0	/aws-keys.env
1	22	0	0	0	29431932	0	0	29325990	0	0	36652	/error/407.shtml
1	1	0	0	0	29327875	0	0	29327875	0	0	158	/createbreaktrough/mc.json?v=1759600543679
1	0	0	0	1	0	0	29417428	0	0	29417428	0	/aws-config.json
1	0	0	0	1	0	0	29416482	0	0	29416482	0	/aws/secrets.json
1	0	0	0	1	0	0	29326546	0	0	29326546	0	/.svn/wc.db
1	2	2	0	0	29418453	0	0	29418446	0	0	11820	/error/?C=S&O=D
1	0	0	0	7	0	0	29418392	0	0	29326598	0	/@vite/env
1	0	0	0	3	0	0	29415883	0	0	29329044	0	/.git/logs/HEAD
1	2	2	0	0	29418324	0	0	29418312	0	0	11820	/error/?C=S&O=A
1	0	0	0	1	0	0	29417428	0	0	29417428	0	/.s3cfg
1	24	0	0	0	29431932	0	0	29325990	0	0	40108	/error/408.shtml
1	0	0	0	1	0	0	29417428	0	0	29417428	0	/api/v2/config
1	0	0	1	0	0	29327562	0	0	29327562	0	0	/createbracktrough
1	0	0	0	3	0	0	29347895	0	0	29327951	0	/node/.env_example
1	0	0	0	1	0	0	29416482	0	0	29416482	0	/python.config.json
1	24	0	0	0	29431932	0	0	29325990	0	0	39368	/error/410.shtml
1	21	0	0	0	29431933	0	0	29325990	0	0	33984	/error/409.shtml
1	3	3	0	3	29326290	0	29326284	29326285	0	29326280	24325	/crashed/submitted/
1	0	0	0	3	0	0	29416483	0	0	29327953	0	/app.js
1	0	0	0	1	0	0	29328729	0	0	29328729	0	/createbreaktrough/fonts/creepster.ttf
1	0	0	0	1	0	0	29417428	0	0	29417428	0	/1.php
1	23	0	0	0	29431933	0	0	29325990	0	0	38598	/error/411.shtml
1	0	0	0	3	0	0	29347894	0	0	29327950	0	/laravel/core/.env
1	2	2	0	0	29418324	0	0	29418311	0	0	11820	/error/?C=N&O=D
1	0	0	0	2	0	0	29340221	0	0	29327952	0	/static/js/2.ca066a4b.chunk.js
1	2	2	0	0	29418453	0	0	29418438	0	0	11820	/error/?C=N&O=A
1	0	0	0	1	0	0	29416483	0	0	29416483	0	/global.json
1	0	0	0	2	0	0	29340221	0	0	29327952	0	/swagger.js
1	0	0	0	2	0	0	29340221	0	0	29327953	0	/apis/controllers/users.js
1	0	0	0	2	0	0	29340221	0	0	29327953	0	/backend/config/development.yml
1	7	7	0	0	29431933	0	0	29326176	0	0	41370	/error/?C=S;O=D
1	24	0	0	0	29431933	0	0	29325991	0	0	40629	/error/412.shtml
1	0	0	0	2	0	0	29340222	0	0	29327953	0	/controller/admin/post.js
1	8	8	0	0	29431933	0	0	29326176	0	0	47280	/error/?C=S;O=A
1	0	0	0	1	0	0	29416482	0	0	29416482	0	/stripe/config.php
1	0	0	0	3	0	0	29347893	0	0	29327950	0	/lara/phpinfo.php
1	0	0	0	4	0	0	29418392	0	0	29413823	0	/webjars/swagger-ui/
1	0	0	0	1	0	0	29417428	0	0	29417428	0	/debug.log
1	0	0	0	7	0	0	29366571	0	0	29335158	0	/robots.txt?68.183.128.252
1	1	0	0	0	29327855	0	0	29327855	0	0	168	/createbreaktrough/mc.json?v=1759599318755
1	0	0	0	1	0	0	29416483	0	0	29416483	0	/secrets.yml.enc
1	0	0	0	1	0	0	29416482	0	0	29416482	0	/config.properties
1	22	0	0	0	29431932	0	0	29325991	0	0	36243	/error/413.shtml
1	0	0	0	4	0	0	29417428	0	0	29327952	0	/test.php
1	1	0	0	0	29327862	0	0	29327862	0	0	168	/createbreaktrough/mc.json?v=1759599755551
1	75	75	0	0	29447247	0	0	29326175	0	0	235005	/crashed/
1	0	0	1	3	0	29326263	29326249	0	29326263	29326249	0	/crashed/uploads
1	0	0	0	5	0	0	29417428	0	0	29327950	0	/_profiler/phpinfo
1	22	0	0	0	29431933	0	0	29325991	0	0	36428	/error/500.shtml
1	0	0	0	3	0	0	29347895	0	0	29327951	0	/xampp/.env
1	24	0	0	0	29431933	0	0	29325991	0	0	40130	/error/414.shtml
1	0	0	0	5	0	0	29418392	0	0	29326546	0	/server-status
1	0	0	0	3	0	0	29347895	0	0	29327951	0	/.env.production.local
1	0	0	0	1	0	0	29340222	0	0	29340222	0	/sms.py
1	9	9	0	0	29431933	0	0	29326176	0	0	53190	/error/?C=N;O=D
1	9	9	0	0	29431933	0	0	29326176	0	0	53190	/error/?C=N;O=A
1	24	0	0	0	29431932	0	0	29325991	0	0	40190	/error/501.shtml
1	0	0	0	1	0	0	29417428	0	0	29417428	0	/docker-compose.yaml
1	0	0	0	1	0	0	29416483	0	0	29416483	0	/.env.js
1	22	0	0	0	29431933	0	0	29325991	0	0	36590	/error/415.shtml
1	0	0	0	5	0	0	29418392	0	0	29413823	0	/.DS_Store
1	0	0	0	1	0	0	29326546	0	0	29326546	0	/user_secrets.yml
1	0	0	0	1	0	0	29416482	0	0	29416482	0	/config/services.php
1	8	8	0	0	29327874	0	0	29327862	0	0	23904	/createbreaktrough/info/
1	0	0	0	1	0	0	29416483	0	0	29416483	0	/backend/secrets.js
1	2	2	0	0	29418325	0	0	29418313	0	0	2318	/?C=M&O=D
1	2	2	0	0	29418196	0	0	29418190	0	0	2318	/?C=M&O=A
1	1	1	0	0	29327562	0	0	29327562	0	0	3791	/createbracktrough/
1	0	0	0	4	0	0	29418392	0	0	29413823	0	/telescope/requests
1	22	0	0	0	29431933	0	0	29325991	0	0	36266	/error/502.shtml
1	0	0	0	2	0	0	29340222	0	0	29327953	0	/controllers/settings.js
1	23	0	0	0	29431933	0	0	29325991	0	0	38983	/error/416.shtml
1	2	2	0	0	29418457	0	0	29418442	0	0	11820	/error/?C=D&O=D
1	0	0	0	1	0	0	29416482	0	0	29416482	0	/secrets.php
1	0	0	0	1	0	0	29417428	0	0	29417428	0	/azure.json
1	2	2	0	0	29418326	0	0	29418313	0	0	11820	/error/?C=D&O=A
1	0	0	0	2	0	0	29340221	0	0	29327952	0	/shared/config/config.js
1	23	0	0	0	29431933	0	0	29325991	0	0	38007	/error/503.shtml
1	0	0	0	1	0	0	29416482	0	0	29416482	0	/config
1	23	0	0	0	29431932	0	0	29325991	0	0	38239	/error/417.shtml
1	0	0	22	0	0	29447247	0	0	29326238	0	0	/crashed
1	0	0	0	2	0	0	29326598	0	0	29325991	0	/error/%3FC%3DM%3BO%3DA
1	0	0	0	4	0	0	29418392	0	0	29413823	0	/debug/default/view?panel=config
1	0	0	0	1	0	0	29416482	0	0	29416482	0	/stripe.json
1	0	0	0	3	0	0	29347895	0	0	29327951	0	/node_modules/.env
1	0	0	0	9	0	0	29417428	0	0	29326546	0	/phpinfo.php
1	23	0	0	0	29431932	0	0	29325991	0	0	38007	/error/504.shtml
1	0	0	0	4	0	0	29347891	0	0	29327949	0	/env/.env
1	0	0	0	1	0	0	29417428	0	0	29417428	0	/info3.php
1	0	0	0	1	0	0	29325991	0	0	29325991	0	/error/418.shtml
1	0	0	0	2	0	0	29340222	0	0	29327953	0	/configs/routes-4aug.js
1	0	0	0	1	0	0	29340222	0	0	29340222	0	/aws.yml
1	0	0	0	2	0	0	29340221	0	0	29327952	0	/backend/config/default.yml
1	0	0	0	1	0	0	29326546	0	0	29326546	0	/actuator/heapdump
1	0	0	0	3	0	0	29347894	0	0	29327950	0	/laravel/.env
1	0	0	0	1	0	0	29326546	0	0	29326546	0	/feed
1	21	0	0	0	29431933	0	0	29325991	0	0	34516	/error/505.shtml
1	0	0	0	4	0	0	29421093	0	0	29375703	0	/.git/config?157.143.122.60
1	0	0	0	1	0	0	29417428	0	0	29417428	0	/kubernetes.yml
1	25	25	0	0	29449204	0	0	29326175	0	0	28743	/?C=M;O=D
1	1	1	0	0	29327541	0	0	29327541	0	0	973	/?51.81.46.212
1	0	0	0	4	0	0	29421607	0	0	29340222	0	/.aws/config
1	0	0	0	1	0	0	29325991	0	0	29325991	0	/error/420.shtml
1	0	0	0	1	0	0	29325991	0	0	29325991	0	/error/419.shtml
1	0	0	0	2	0	0	29340222	0	0	29327953	0	/configs/routes.js
1	42	42	0	0	29449204	0	0	29326175	0	0	48446	/?C=M;O=A
1	0	0	0	1	0	0	29416482	0	0	29416482	0	/config/database.yml
1	9	9	0	0	29431933	0	0	29326176	0	0	53190	/error/?C=D;O=D
1	0	0	0	2	0	0	29340222	0	0	29327953	0	/user/config/config.js
1	9	9	0	0	29431933	0	0	29326176	0	0	53190	/error/?C=D;O=A
1	0	0	0	1	0	0	29416482	0	0	29416482	0	/stripe.js
1	22	0	0	0	29431933	0	0	29325991	0	0	36693	/error/506.shtml
1	0	0	0	2	0	0	29340221	0	0	29327952	0	/gatsby-config.js
1	0	0	0	1	0	0	29325991	0	0	29325991	0	/error/421.shtml
1	0	0	0	1	0	0	29416483	0	0	29416483	0	/node_modules/.bin/env
1	0	0	0	1	0	0	29326546	0	0	29326546	0	/_vti_pvt/service.pwd
1	0	0	0	4	0	0	29421606	0	0	29326546	0	/.env.production
1	0	0	0	4	0	0	29418392	0	0	29413823	0	/api/graphql
1	0	0	0	1	0	0	29340221	0	0	29340221	0	/admin/controllers/partner.js
1	0	0	0	1	0	0	29416482	0	0	29416482	0	/aws/credentials.bak
1	0	0	0	4	0	0	29418392	0	0	29413823	0	/actuator/env
1	21	0	0	0	29431932	0	0	29325991	0	0	34346	/error/507.shtml
1	0	0	0	2	0	0	29417428	0	0	29326546	0	/backup.tar.gz
1	0	0	0	2	0	0	29417428	0	0	29416482	0	/.env.development
1	0	0	0	1	0	0	29416482	0	0	29416482	0	/config/local.py
1	0	0	0	1	0	0	29340222	0	0	29340222	0	/.travis.yml
1	2	2	0	0	29326268	0	0	29326264	0	0	2272	/crashed/uploads/MagentaGaming/
1	24	0	0	0	29431933	0	0	29325991	0	0	40190	/error/422.shtml
1	0	0	0	3	0	0	29347893	0	0	29327950	0	/docker/.env
1	0	0	0	4	0	0	29347894	0	0	29327950	0	/js/.env
1	0	0	0	1	0	0	29416482	0	0	29416482	0	/django.ini
1	0	0	0	2	0	0	29416350	0	0	29328599	0	/.git/
1	0	0	0	2	0	0	29416482	0	0	29326546	0	/config.yaml
1	22	0	0	0	29431932	0	0	29325991	0	0	35654	/error/423.shtml
1	0	0	0	2	0	0	29340221	0	0	29327952	0	/admin/server_info.php
1	0	0	0	8	0	0	29418392	0	0	29326546	0	/.vscode/sftp.json
1	0	0	0	1	0	0	29326546	0	0	29326546	0	/.ssh/id_ed25519
1	0	0	0	1	0	0	29417428	0	0	29417428	0	/credentials.json
1	0	0	0	4	0	0	29418392	0	0	29413823	0	/graphql
1	0	0	0	1	0	0	29416483	0	0	29416483	0	/database.json
1	23	0	0	0	29431933	0	0	29325991	0	0	37817	/error/510.shtml
1	0	0	0	1	0	0	29416483	0	0	29416483	0	/app.json
1	23	0	0	0	29431933	0	0	29325991	0	0	33928	/error/424.shtml
1	0	0	0	1	0	0	29416482	0	0	29416482	0	/configuration
1	0	0	0	1	0	0	29416482	0	0	29416482	0	/config/environment.rb
1	0	0	0	3	0	0	29340222	0	0	29327953	0	/config/storage.yml
1	0	0	0	1	0	0	29417428	0	0	29417428	0	/3.php
1	0	0	0	2	0	0	29340222	0	0	29327953	0	/config/parameters.yml
1	0	0	0	1	0	0	29416482	0	0	29416482	0	/config/master.key
1	0	0	0	4	0	0	29418392	0	0	29413823	0	/v3/api-docs
1	0	0	23	0	0	29447247	0	0	29329218	0	0	/error
1	0	0	0	1	0	0	29325992	0	0	29325992	0	/error/425.shtml
1	0	0	0	1	0	0	29417428	0	0	29417428	0	/i.php
1	0	0	0	1	0	0	29416483	0	0	29416483	0	/package.json
1	0	0	0	2	0	0	29417428	0	0	29326546	0	/database.sql
1	0	0	0	1	0	0	29416482	0	0	29416482	0	/.config/stripe/config.toml
1	0	0	0	1	0	0	29416483	0	0	29416483	0	/frontend/env.json
1	0	0	2	0	0	29327863	0	0	29327862	0	0	/createbreaktrough/info
1	0	0	0	1	0	0	29416482	0	0	29416482	0	/aws/config.properties
1	0	0	0	3	0	0	29347892	0	0	29327949	0	/new/.env.staging
1	0	0	0	1	0	0	29416482	0	0	29416482	0	/settings.json
1	0	0	0	3	0	0	29347895	0	0	29327951	0	/.env_sample
1	5	5	0	0	29355060	0	0	29332302	0	0	5795	/?68.183.128.252
1	0	0	0	2	0	0	29326598	0	0	29325991	0	/error/%3FC%3DS%3BO%3DA
1	0	0	0	1	0	0	29416483	0	0	29416483	0	/local.json
1	0	0	0	4	0	0	29347895	0	0	29327951	0	/.env.prod
1	0	0	0	12	0	0	29366358	0	0	29326602	0	/js/twint_ch.js
1	0	0	0	8	0	0	29415883	0	0	29327951	0	/admin/.env
1	0	0	0	1	0	0	29417428	0	0	29417428	0	/.env.backup
1	0	0	0	1	0	0	29416482	0	0	29416482	0	/stripe_api.json
1	0	0	0	4	0	0	29418392	0	0	29413823	0	/swagger-ui.html
1	4	4	0	0	29418392	0	0	29413823	0	0	4636	/?rest_route=/wp/v2/users/
1	0	0	0	1	0	0	29417428	0	0	29417428	0	/var/www/html/error_log
1	3	0	0	0	29327569	0	0	29327563	0	0	591	/createbreaktrough/mc.json
1	0	0	0	4	0	0	29418392	0	0	29413823	0	/_all_dbs
1	0	0	0	2	0	0	29340222	0	0	29327953	0	/backend/config/settings.yml
1	0	0	0	3	0	0	29347895	0	0	29327951	0	/config.env
1	0	0	0	3	0	0	29416483	0	0	29327953	0	/api/config.js
1	0	0	0	1	0	0	29416483	0	0	29416483	0	/yarn.lock
1	0	0	0	1	0	0	29416482	0	0	29416482	0	/.aws/secrets
1	0	0	0	1	0	0	29416483	0	0	29416483	0	/app.ini
1	0	0	0	2	0	0	29340222	0	0	29327953	0	/user/controllers/index.js
1	1	1	0	0	29326172	0	0	29326172	0	0	797	/?119.13.199.237
1	0	0	0	91	0	0	29447247	0	0	29325989	0	/favicon.ico
1	0	0	0	1	0	0	29417428	0	0	29417428	0	/k8s-config.yml
1	0	0	0	6	0	0	29347892	0	0	29326546	0	/api/.env
1	0	0	0	1	0	0	29417428	0	0	29417428	0	/php-info.php
1	0	0	0	6	0	0	29415883	0	0	29327951	0	/backend/.env
1	0	0	0	1	0	0	29417428	0	0	29417428	0	/site-backup.zip
1	0	0	0	1	0	0	29416483	0	0	29416483	0	/config/routes.rb
1	0	0	0	4	0	0	29418392	0	0	29413823	0	/graphql/api
1	0	0	0	1	0	0	29326546	0	0	29326546	0	/api/v1/format_query
1	0	0	0	1	0	0	29417428	0	0	29417428	0	/.docker/config.json
1	0	0	0	2	0	0	29340222	0	0	29327953	0	/helper/EmailHelper.js
1	1	0	0	0	29327875	0	0	29327875	0	0	168	/createbreaktrough/mc.json?v=1759600502722
1	0	0	0	3	0	0	29417428	0	0	29326546	0	/secrets.json
1	0	0	0	1	0	0	29326546	0	0	29326546	0	/db/schema.rb
1	0	0	0	1	0	0	29417428	0	0	29417428	0	/php.php
1	0	0	0	3	0	0	29362162	0	0	29330546	0	/favicon.ico?79.217.216.128
1	0	0	0	2	0	0	29340222	0	0	29327953	0	/my_env/palash.py
1	0	0	0	2	0	0	29326598	0	0	29325991	0	/error/%3FC%3DN%3BO%3DD
1	0	0	0	3	0	0	29347895	0	0	29327951	0	/server/config/database.js
1	1	0	0	0	29327876	0	0	29327876	0	0	160	/createbreaktrough/mc.json?v=1759600567699
1	1	0	0	0	29326265	0	0	29326265	0	0	33649	/crashed/uploads/MagentaGaming/modlist.txt
1	0	0	0	3	0	0	29347895	0	0	29327951	0	/main/.env
1	0	0	0	2	0	0	29417428	0	0	29416482	0	/aws.json
1	0	0	0	2	0	0	29340222	0	0	29327953	0	/config/settings.prod
1	0	0	0	2	0	0	29340221	0	0	29327952	0	/config/aws.yml
1	0	0	0	1	0	0	29416482	0	0	29416482	0	/local.settings.json
1	0	0	0	1	0	0	29417428	0	0	29417428	0	/php_error.log
1	0	0	0	1	0	0	29416483	0	0	29416483	0	/database.properties
1	0	0	0	1	0	0	29340222	0	0	29340222	0	/admin/config
1	0	0	0	1	0	0	29416482	0	0	29416482	0	/local_settings.py
1	0	0	0	1	0	0	29416482	0	0	29416482	0	/env
1	0	0	0	2	0	0	29340222	0	0	29327953	0	/my_env/newsletter.py
1	0	0	0	2	0	0	29417428	0	0	29326546	0	/backup.zip
1	0	0	0	1	0	0	29416482	0	0	29416482	0	/.env.php
1	0	0	0	1	0	0	29340222	0	0	29340222	0	/debug/default/view
1	0	0	0	2	0	0	29340222	0	0	29327953	0	/index.js
1	0	0	0	5	0	0	29347896	0	0	29327951	0	/application/.env
1	0	0	0	1	0	0	29416482	0	0	29416482	0	/app.config.js
1	0	0	0	2	0	0	29340222	0	0	29327953	0	/.circleci/configs/development.yml
1	0	0	0	1	0	0	29326546	0	0	29326546	0	/cloud-config.yml
1	0	0	0	1	0	0	29417428	0	0	29417428	0	/secrets.yml
1	0	0	0	2	0	0	29417428	0	0	29416482	0	/phpversion.php
1	0	0	0	2	0	0	29340221	0	0	29327953	0	/apis/config/config.js
1	2	2	0	0	29340221	0	0	29327952	0	0	2318	/?phpinfo=1
1	0	0	0	1	0	0	29417428	0	0	29417428	0	/serverinfo.php
1	0	0	0	1	0	0	29417428	0	0	29417428	0	/p.php
1	0	0	0	2	0	0	29417428	0	0	29416482	0	/.env.test
1	0	0	0	3	0	0	29347892	0	0	29327949	0	/new/.env.production
1	0	0	0	1	0	0	29417428	0	0	29417428	0	/probe.php
1	0	0	0	1	0	0	29417428	0	0	29417428	0	/check.php
1	0	0	0	4	0	0	29423509	0	0	29325990	0	/cgi-bin/https:/fonts.googleapis.com/css2%3Ffamily%3DNabla%26family%3DNova+Square%26display%3Dswap
1	0	0	0	1	0	0	29416483	0	0	29416483	0	/local.ini
1	0	0	0	1	0	0	29416482	0	0	29416482	0	/admin.php
1	0	0	0	1	0	0	29417428	0	0	29417428	0	/server.php
1	0	0	0	1	0	0	29417428	0	0	29417428	0	/.env.save
1	0	0	0	3	0	0	29340222	0	0	29327952	0	/appsettings.json
1	0	0	0	2	0	0	29340222	0	0	29327953	0	/partner/config/config.js
1	0	0	0	4	0	0	29347891	0	0	29327949	0	/portal/.env
1	0	0	0	2	0	0	29340221	0	0	29327952	0	/config/constants.js
1	0	0	0	4	0	0	29417428	0	0	29327951	0	/.env.old
1	0	0	0	1	0	0	29416482	0	0	29416482	0	/config/application.rb
1	0	0	0	1	0	0	29416482	0	0	29416482	0	/manage.py
1	0	0	0	1	0	0	29416482	0	0	29416482	0	/aws/config
1	0	0	0	2	0	0	29340221	0	0	29327952	0	/main.js
1	1	0	0	0	29327562	0	0	29327562	0	0	0	/createbracktrough/mc.json
1	0	0	0	1	0	0	29417428	0	0	29417428	0	/.dockerenv
1	0	0	0	4	0	0	29418392	0	0	29413823	0	/swagger/v1/swagger.json
1	0	0	0	2	0	0	29340222	0	0	29327953	0	/api/config/config.yml
1	0	0	0	1	0	0	29417428	0	0	29417428	0	/docker-compose.override.yml
1	0	0	0	6	0	0	29421607	0	0	29326546	0	/wp-config.php
1	0	0	0	4	0	0	29347895	0	0	29327951	0	/core/.env
1	0	0	0	3	0	0	29416483	0	0	29327952	0	/application.properties
1	0	0	0	3	0	0	29418007	0	0	29326598	0	/actutor/env
1	0	0	0	2	0	0	29340222	0	0	29327953	0	/my_env/chakaash.py
1	0	0	0	13	0	0	29421607	0	0	29326546	0	/config.json
1	0	0	0	1	0	0	29340222	0	0	29340222	0	/main.yml
1	0	0	0	1	0	0	29417428	0	0	29417428	0	/errors.log
1	0	0	0	4	0	0	29418392	0	0	29413823	0	/about
1	0	0	0	8	0	0	29418392	0	0	29327952	0	/info.php
1	0	0	0	1	0	0	29416482	0	0	29416482	0	/settings
1	0	0	0	5	0	0	29445860	0	0	29423321	0	/api/action
1	0	0	0	3	0	0	29347895	0	0	29327951	0	/api/shared/config/config.env
1	2	2	0	0	29418455	0	0	29418443	0	0	11820	/error/?C=M&O=D
1	0	0	0	1	0	0	29417428	0	0	29417428	0	/.env.staging
1	49	49	0	0	29447247	0	0	29327563	0	0	209085	/createbreaktrough/
1	0	0	21	0	0	29447247	0	0	29329218	0	0	/cgi-bin
1	2	2	0	0	29418326	0	0	29418313	0	0	11820	/error/?C=M&O=A
1	0	0	0	2	0	0	29340221	0	0	29327952	0	/server-info
1	0	0	0	2	0	0	29326598	0	0	29325991	0	/error/%3FC%3DD%3BO%3DA
1	0	0	1	0	0	29326280	0	0	29326280	0	0	/crashed/submitted
1	0	0	0	4	0	0	29418392	0	0	29413823	0	/ecp/Current/exporttool/microsoft.exchange.ediscovery.exporttool.application
1	0	0	0	1	0	0	29417428	0	0	29417428	0	/auth.json
1	0	0	0	1	0	0	29416482	0	0	29416482	0	/composer.json
1	0	0	0	1	0	0	29417428	0	0	29417428	0	/logs/application.log
1	0	0	0	3	0	0	29421607	0	0	29326546	0	/config.php
1	0	0	0	1	0	0	29416482	0	0	29416482	0	/env.local
1	0	0	0	1	0	0	29416483	0	0	29416483	0	/client/config.js
1	0	0	0	4	0	0	29418392	0	0	29413823	0	/server
1	0	0	0	1	0	0	29417428	0	0	29417428	0	/.azure/credentials
1	0	0	0	1	0	0	29416483	0	0	29416483	0	/config/database.json
1	0	0	0	2	0	0	29340221	0	0	29327952	0	/server-info.php
1	0	0	0	2	0	0	29340222	0	0	29327953	0	/configs/s3_config.json
1	0	0	0	3	0	0	29347895	0	0	29327951	0	/api/shared/.env
1	0	0	0	5	0	0	29417428	0	0	29327948	0	/phpinfo
1	0	0	0	1	0	0	29416482	0	0	29416482	0	/stripe.ini
1	0	0	0	1	0	0	29417428	0	0	29417428	0	/php_version.php
1	0	0	0	1	0	0	29416482	0	0	29416482	0	/config/initializers/secret_token.rb
1	0	0	0	1	0	0	29416482	0	0	29416482	0	/django.env
1	7	7	0	0	29431933	0	0	29326176	0	0	41370	/error/?C=M;O=D
1	0	0	0	1	0	0	29416482	0	0	29416482	0	/aws_keys.py
1	8	8	0	0	29431933	0	0	29326176	0	0	47280	/error/?C=M;O=A
1	0	0	0	2	0	0	29417428	0	0	29326546	0	/dump.sql
1	0	0	24	2	0	29447247	29327563	0	29327563	29327562	0	/createbreaktrough
1	0	0	0	1	0	0	29416482	0	0	29416482	0	/aws/access-keys.js
1	0	0	0	5	0	0	29421607	0	0	29326546	0	/settings.py
1	0	0	0	2	0	0	29340222	0	0	29327953	0	/config/settings.json
1	0	0	0	1	0	0	29416482	0	0	29416482	0	/settings.rb
1	0	0	0	3	0	0	29415883	0	0	29329044	0	/aws.config.js
1	0	0	0	2	0	0	29340221	0	0	29327952	0	/dashboard/phpinfo.php
1	0	0	0	1	0	0	29416482	0	0	29416482	0	/config/secrets.yml
1	1	0	0	0	29328741	0	0	29328741	0	0	160	/createbreaktrough/mc.json?v=1759652503431
1	0	0	0	3	0	0	29347893	0	0	29327950	0	/env.backup
1	0	0	0	1	0	0	29416482	0	0	29416482	0	/stripe-credentials.json
1	0	0	0	2	0	0	29340222	0	0	29327953	0	/getcpuutil.php-bakworking
1	0	0	0	1	0	0	29416483	0	0	29416483	0	/public/config.js
1	0	0	0	2	0	0	29340222	0	0	29327953	0	/config/settings.local
1	0	0	0	9	0	0	29417428	0	0	29327951	0	/.env.bak
1	0	0	0	1	0	0	29326254	0	0	29326254	0	/files.magentaweb.org/forms/fabricatedchaos
1	0	0	0	3	0	0	29347892	0	0	29327949	0	/new/.env
1	0	0	1	215	0	29409090	29449647	0	29409090	29326175	0	/robots.txt
1	0	0	0	1	0	0	29417428	0	0	29417428	0	/.env.sample
1	0	0	0	3	0	0	29347894	0	0	29327951	0	/nginx/.env
1	0	0	0	1	0	0	29416482	0	0	29416482	0	/stripe.properties
1	0	0	0	1	0	0	29325991	0	0	29325991	0	/error/413shtml
1	0	0	0	4	0	0	29347893	0	0	29327950	0	/aws-secret.yaml
1	0	0	0	5	0	0	29347895	0	0	29327951	0	/public/.env
1	0	0	0	1	0	0	29416482	0	0	29416482	0	/env.prod
1	1	0	0	0	29329226	0	0	29329226	0	0	160	/createbreaktrough/mc.json?v=1759681593034
1	0	0	0	4	0	0	29418392	0	0	29413823	0	/v2/api-docs
1	0	0	0	1	0	0	29326546	0	0	29326546	0	/wp-admin/setup-config.php
1	0	0	0	1	0	0	29417428	0	0	29417428	0	/gcp-credentials.json
1	0	0	0	4	0	0	29418392	0	0	29413823	0	/api/gql
1	0	0	0	1	0	0	29417428	0	0	29417428	0	/info2.php
1	0	0	0	3	0	0	29340221	0	0	29327952	0	/secured/phpinfo.php
1	0	0	0	1	0	0	29416482	0	0	29416482	0	/config/credentials.yml.enc
1	0	0	0	1	0	0	29416482	0	0	29416482	0	/api/stripe.js
1	0	0	0	6	0	0	29418392	0	0	29327952	0	/swagger.json
1	0	0	0	4	0	0	29418392	0	0	29413823	0	/api-docs/swagger.json
1	0	0	0	1	0	0	29416482	0	0	29416482	0	/stripe/secrets.json
1	0	0	0	6	0	0	29365202	0	0	29336384	0	/robots.txt?79.217.216.128
1	0	0	0	1	0	0	29417428	0	0	29417428	0	/.gcloud/credentials
1	0	0	0	1	0	0	29416483	0	0	29416483	0	/src/config/api.js
1	0	0	0	1	0	0	29416482	0	0	29416482	0	/stripe-keys.json
1	0	0	0	1	0	0	29416482	0	0	29416482	0	/secrets.py
1	0	0	0	4	0	0	29418392	0	0	29413823	0	/s/1333e26373e2231313e24373/_/
1	0	0	0	1	0	0	29416482	0	0	29416482	0	/secrets.rb
1	0	0	0	1	0	0	29417428	0	0	29417428	0	/.env.remote
1	0	0	0	1	0	0	29416482	0	0	29416482	0	/.env.django
1	0	0	0	5	0	0	29445739	0	0	29438739	0	/robots.txt?44.218.6.122
1	0	0	0	1	0	0	29340222	0	0	29340222	0	/config/config.json
1	0	0	0	4	0	0	29347893	0	0	29327950	0	/lara/info.php
1	0	0	0	3	0	0	29347895	0	0	29327951	0	/.env.stage
1	0	0	0	1	0	0	29326289	0	0	29326289	0	/crashed/submitted/formanswers.json
1	0	0	0	1	0	0	29416483	0	0	29416483	0	/config/client.js
1	0	0	0	1	0	0	29416482	0	0	29416482	0	/aws-credentials.json
1	0	0	0	1	0	0	29417428	0	0	29417428	0	/docker-compose.yml
1	0	0	0	1	0	0	29417428	0	0	29417428	0	/app/logs/dev.log
1	0	0	0	5	0	0	29367077	0	0	29334582	0	/sitemap.xml
1	0	0	0	1	0	0	29417428	0	0	29417428	0	/.dockerignore
1	2	2	0	0	29326268	0	0	29326263	0	0	1620	/crashed/uploads/
1	4	4	0	0	29448697	0	0	29437187	0	0	4741	/?44.218.6.122
1	0	0	0	6	0	0	29423509	0	0	29325990	0	/%3FC%3DM%3BO%3DA
1	1	0	0	0	29409090	0	0	29409090	0	0	7654	/cgi-sys/suspendedpage.cgi
1	0	0	0	1	0	0	29416482	0	0	29416482	0	/stripe-config.yaml
1	0	0	0	1	0	0	29416482	0	0	29416482	0	/django/secrets.json
1	0	0	0	1	0	0	29417428	0	0	29417428	0	/info_php.php
1	0	0	0	1	0	0	29416482	0	0	29416482	0	/aws-env.json
1	0	0	0	2	0	0	29340221	0	0	29327952	0	/public/js/main.js
1	0	0	0	1	0	0	29417428	0	0	29417428	0	/php_info.php
1	0	0	0	4	0	0	29418392	0	0	29413823	0	/api/swagger.json
1	1	0	0	0	29327875	0	0	29327875	0	0	157	/createbreaktrough/mc.json?v=1759600525389
1	0	0	0	4	0	0	29347897	0	0	29327952	0	/wp-config.php.bak
1	0	0	0	2	0	0	29340222	0	0	29327953	0	/helper.js
1	0	0	0	1	0	0	29416483	0	0	29416483	0	/.ruby-version
1	0	0	0	2	0	0	29340222	0	0	29327953	0	/app/config/parameters.yml
1	0	0	0	1	0	0	29416483	0	0	29416483	0	/secrets.ini
1	0	0	0	1	0	0	29416483	0	0	29416483	0	/secrets.js
1	0	0	0	1	0	0	29417428	0	0	29417428	0	/2.php
1	4	0	0	0	29326290	0	0	29326261	0	0	2932	/crashed/formanswers.json
1	0	0	0	4	0	0	29416482	0	0	29327949	0	/app/.env
1	0	0	0	1	0	0	29417428	0	0	29417428	0	/.secrets
1	0	0	0	2	0	0	29340221	0	0	29327953	0	/cloud/Scraper.js
1	0	0	0	3	0	0	29347892	0	0	29327949	0	/_phpinfo.php
1	0	0	0	3	0	0	29347895	0	0	29327951	0	/site/.env
1	0	0	0	4	0	0	29347893	0	0	29327950	0	/xampp/phpinfo.php
1	0	0	0	12	0	0	29366358	0	0	29326602	0	/css/support_parent.css
1	0	0	0	1	0	0	29416483	0	0	29416483	0	/node.config.json
1	0	0	0	2	0	0	29347894	0	0	29340220	0	/mail/.env
1	0	0	0	1	0	0	29416482	0	0	29416482	0	/Gemfile.lock
1	0	0	0	4	0	0	29418392	0	0	29413823	0	/swagger/swagger-ui.html
1	0	0	0	1	0	0	29416483	0	0	29416483	0	/env.properties
1	0	0	0	1	0	0	29328729	0	0	29328729	0	/crashed/fonts/creepster.ttf
1	0	0	0	7	0	0	29435868	0	0	29422605	0	/robots.txt?120.82.83.154
1	0	0	0	4	0	0	29418392	0	0	29413823	0	/api
1	2	2	0	0	29418324	0	0	29418312	0	0	2318	/?C=S&O=D
1	0	0	0	1	0	0	29417428	0	0	29417428	0	/config.zip
1	0	0	0	1	0	0	29416483	0	0	29416483	0	/aws.properties
1	2	2	0	0	29418195	0	0	29418187	0	0	2318	/?C=S&O=A
1	0	0	0	1	0	0	29417428	0	0	29417428	0	/infophp.php
1	0	0	0	1	0	0	29416482	0	0	29416482	0	/.aws/config.bak
1	0	0	0	3	0	0	29347895	0	0	29327951	0	/local/.env
1	0	0	0	1	0	0	29416483	0	0	29416483	0	/config/secrets.json
1	0	0	0	1	0	0	29417428	0	0	29417428	0	/tokens.json
1	0	0	0	4	0	0	29347897	0	0	29327952	0	/web/.env
1	0	0	0	22	0	0	29418187	0	0	29367868	0	/robots.txt?157.143.122.60
1	0	0	0	1	0	0	29417428	0	0	29417428	0	/pi.php
1	0	0	0	1	0	0	29416482	0	0	29416482	0	/aws/config.ini
1	1	0	0	0	29328990	0	0	29328990	0	0	160	/createbreaktrough/mc.json?v=1759667416616
1	0	0	0	5	0	0	29423509	0	0	29325990	0	/https:/fonts.googleapis.com/css2%3Ffamily%3DNabla%26family%3DNova+Square%26display%3Dswap
1	0	0	0	4	0	0	29347893	0	0	29327950	0	/conf/.env
1	2	2	0	0	29418190	0	0	29418187	0	0	2318	/?C=N&O=D
1	2	2	0	0	29418314	0	0	29418314	0	0	2318	/?C=N&O=A
1	0	0	0	1	0	0	29416482	0	0	29416482	0	/app/settings/production.py
1	1	0	0	0	29327613	0	0	29327613	0	0	591	/createbreaktrough/mc.json?v=1759584788307
1	0	0	0	1	0	0	29416483	0	0	29416483	0	/user.properties
1	0	0	0	2	0	0	29340221	0	0	29327952	0	/static/js/main.141b0494.js
1	0	0	0	1	0	0	29417428	0	0	29417428	0	/error.log
1	0	0	0	4	0	0	29347893	0	0	29327950	0	/.vscode/.env
1	0	0	0	2	0	0	29416482	0	0	29326546	0	/config.yml
1	0	0	0	2	0	0	29340222	0	0	29327953	0	/.AWS_/credentials
1	37	37	0	0	29449204	0	0	29326176	0	0	42616	/?C=S;O=D
1	40	40	0	0	29449204	0	0	29326175	0	0	46093	/?C=S;O=A
1	0	0	0	6	0	0	29423509	0	0	29325990	0	/%3FC%3DS%3BO%3DA
1	0	0	0	1	0	0	29416482	0	0	29416482	0	/.stripe/keys
1	0	0	0	3	0	0	29347893	0	0	29327950	0	/laravel/info.php
1	0	0	0	2	0	0	29340221	0	0	29327952	0	/karma.conf.json
1	0	0	0	1	0	0	29416482	0	0	29416482	0	/stripe/secrets.yml
1	0	0	0	3	0	0	29416483	0	0	29415451	0	/.npmrc
1	0	0	0	3	0	0	29347895	0	0	29327951	0	/kyc/.env
1	0	0	0	5	0	0	29445860	0	0	29423321	0	/apps
1	0	0	0	1	0	0	29417428	0	0	29417428	0	/db_backup.sql
1	0	0	0	4	0	0	29418392	0	0	29413823	0	/swagger/
1	0	0	0	1	0	0	29416482	0	0	29416482	0	/.aws/credentials.json
1	0	0	0	1	0	0	29417428	0	0	29417428	0	/app/etc/env.php
1	0	0	0	8	0	0	29421607	0	0	29326546	0	/.aws/credentials
1	0	0	0	1	0	0	29417428	0	0	29417428	0	/configuration.php
1	1	1	0	0	29328990	0	0	29328990	0	0	4888	/createbreaktrough/?79.217.216.128
1	42	42	0	0	29449204	0	0	29326175	0	0	48446	/?C=N;O=D
1	0	0	0	1	0	0	29417428	0	0	29417428	0	/.env.2
1	4	4	0	0	29353882	0	0	29339076	0	0	4636	/?79.217.216.128
1	0	0	0	49	0	0	29433334	0	0	29326598	0	/.git/config
1	0	0	0	1	0	0	29417428	0	0	29417428	0	/.env.1
1	40	40	0	0	29449204	0	0	29326175	0	0	46128	/?C=N;O=A
1	0	0	0	1	0	0	29416482	0	0	29416482	0	/.env.stripe
1	0	0	0	1	0	0	29417428	0	0	29417428	0	/t.php
1	0	0	0	3	0	0	29347892	0	0	29327949	0	/new/.env.local
1	0	0	0	1	0	0	29416482	0	0	29416482	0	/config/settings/local.py
1	0	0	0	1	0	0	29417428	0	0	29417428	0	/security.txt
1	0	0	0	1	0	0	29416482	0	0	29416482	0	/aws/secrets.yaml
1	0	0	0	3	0	0	29416483	0	0	29327952	0	/server.js
1	2	2	0	0	29418325	0	0	29418313	0	0	2318	/?C=D&O=D
1	2	2	0	0	29418198	0	0	29418190	0	0	2318	/?C=D&O=A
1	0	0	0	1	0	0	29417428	0	0	29417428	0	/phptest.php
1	0	0	0	1	0	0	29416483	0	0	29416483	0	/system.ini
1	0	0	0	4	0	0	29347895	0	0	29327951	0	/api/shared/config/.env
1	0	0	0	5	0	0	29445860	0	0	29423321	0	/api/actions
1	0	0	0	4	0	0	29418392	0	0	29413823	0	/v2/_catalog
1	0	0	0	5	0	0	29421606	0	0	29327951	0	/.env.example
1	0	0	0	5	0	0	29445860	0	0	29423321	0	/_next/data
1	0	0	0	1	0	0	29417428	0	0	29417428	0	/apikeys.json
1	0	0	0	3	0	0	29347895	0	0	29327951	0	/api/config.env
1	0	0	0	2	0	0	29340222	0	0	29327953	0	/mytest/astech_robot.js
1	0	0	0	6	0	0	29423509	0	0	29325990	0	/%3FC%3DN%3BO%3DD
1	0	0	0	2	0	0	29340221	0	0	29327953	0	/api/objects/codes.php.save
1	0	0	0	3	0	0	29415883	0	0	29329044	0	/.gitlab-ci.yml
1	0	0	0	3	0	0	29347893	0	0	29327950	0	/cron/.env
1	0	0	0	1	0	0	29417428	0	0	29417428	0	/api/config
1	0	0	0	1	0	0	29326546	0	0	29326546	0	/config.xml
1	3	3	0	0	29434112	0	0	29428303	0	0	3477	/?120.82.83.154
1	1	0	0	0	29327854	0	0	29327854	0	0	168	/createbreaktrough/mc.json?v=1759599254952
1	0	0	0	1	0	0	29416483	0	0	29416483	0	/.properties
1	0	0	0	2	0	0	29417428	0	0	29348473	0	/.well-known/security.txt
1	0	0	0	2	0	0	29416482	0	0	29416482	0	/stripe.env
1	0	0	0	1	0	0	29416482	0	0	29416482	0	/database.yml
1	0	0	0	1	0	0	29417428	0	0	29417428	0	/debug.php
1	0	0	0	1	0	0	29417428	0	0	29417428	0	/diagnostic.php
1	0	0	0	1	0	0	29340222	0	0	29340222	0	/s3.js
1	0	0	0	2	0	0	29340221	0	0	29327952	0	/app_dev.php/_profiler/phpinfo
1	0	0	0	2	0	0	29340221	0	0	29327952	0	/server_info.php
1	0	0	0	4	0	0	29347893	0	0	29327950	0	/docker/app/.env
1	0	0	0	1	0	0	29326546	0	0	29326546	0	/etc/ssl/private/server.key
1	0	0	0	1	0	0	29326546	0	0	29326546	0	/server.key
1	0	0	0	1	0	0	29360859	0	0	29360859	0	/favicon.ico?68.183.128.252
1	0	0	0	2	0	0	29340221	0	0	29327952	0	/admin/controllers/merchant.js
1	0	0	0	2	0	0	29340221	0	0	29327952	0	/static/js/main.e85f7a37.js
1	1	0	0	0	29327800	0	0	29327800	0	0	591	/createbreaktrough/mc.json?v=1759596012082
1	0	0	0	1	0	0	29417428	0	0	29417428	0	/sites/default/settings.php
1	0	0	0	1	0	0	29326546	0	0	29326546	0	/metrics
1	0	0	0	1	0	0	29416483	0	0	29416483	0	/php.ini
1	38	38	0	0	29449204	0	0	29326176	0	0	43810	/?C=D;O=D
1	0	0	0	4	0	0	29418392	0	0	29413823	0	/login.action
1	0	0	0	3	0	0	29347893	0	0	29327950	0	/awstats/.env
1	0	0	0	1	0	0	29416482	0	0	29416482	0	/stripe/credentials
1	0	0	0	3	0	0	29347895	0	0	29327951	0	/api/shared/config.env
1	42	42	0	0	29449204	0	0	29326175	0	0	48446	/?C=D;O=A
1	0	0	0	1	0	0	29416483	0	0	29416483	0	/config/env.js
1	0	0	0	1	0	0	29416483	0	0	29416483	0	/master.key.bak
1	0	0	0	1	0	0	29416483	0	0	29416483	0	/js/secrets.json
1	0	0	0	1	0	0	29416482	0	0	29416482	0	/config.py
1	0	0	0	4	0	0	29416482	0	0	29329044	0	/aws-config.js
1	0	0	0	3	0	0	29347895	0	0	29327951	0	/development/.env
1	0	0	0	1	0	0	29416482	0	0	29416482	0	/config.rb
1	313	313	0	11	29449204	0	29445860	29325989	0	29327953	343281	/
1	0	0	0	1	0	0	29417428	0	0	29417428	0	/testphp.php
1	0	0	0	2	0	0	29417428	0	0	29326546	0	/backup.sql
1	0	0	0	1	0	0	29326546	0	0	29326546	0	/.git/HEAD
1	0	0	0	3	0	0	29347896	0	0	29327951	0	/apps/.env
1	0	0	0	1	0	0	29416482	0	0	29416482	0	/stripe/config.js
1	0	0	0	1	0	0	29416482	0	0	29416482	0	/config/.env
1	0	0	0	2	0	0	29340222	0	0	29327953	0	/controller/api/post.js
1	0	0	0	1	0	0	29417428	0	0	29417428	0	/.env.dev.local
1	0	0	0	3	0	0	29347895	0	0	29327951	0	/prod/.env
1	0	0	0	1	0	0	29340222	0	0	29340222	0	/helpers/utility.js
1	0	0	0	1	0	0	29416483	0	0	29416483	0	/secrets.properties
1	12	12	0	0	29419821	0	0	29369513	0	0	13908	/?157.143.122.60
1	0	0	0	2	0	0	29347892	0	0	29340218	0	/dev/.env
1	0	0	0	1	0	0	29417428	0	0	29417428	0	/app/etc/local.xml
1	1	0	0	0	29328729	0	0	29328729	0	0	160	/createbreaktrough/mc.json?v=1759651765964
3	0	0	0	19	0	0	29442291	0	0	29325992	0	https://www.fabricatedchaos.magentaweb.org/
3	9	9	0	0	29442305	0	0	29369514	0	0	27603	https://fabricatedchaos.magentaweb.org/crashed
3	15	14	0	10	29326267	0	29333580	29326222	0	29326254	44859	https://fabricatedchaos.magentaweb.org/crashed/
3	1	0	0	1	29326290	0	29326289	29326290	0	29326289	0	https://fabricatedchaos.magentaweb.org/crashed/submitted/
3	1	1	0	0	29325989	0	0	29325989	0	0	797	https://cpanel.magentaweb.org/
3	1	0	0	0	29326265	0	0	29326265	0	0	33649	https://fabricatedchaos.magentaweb.org/crashed/uploads/MagentaGaming/
3	3	3	0	0	29327874	0	0	29327864	0	0	14339	https://fabricatedchaos.magentaweb.org/createbreaktrough/info/
3	0	0	0	9	0	0	29442305	0	0	29369514	0	https://fabricatedchaos.magentaweb.org/cgi-bin
3	5	5	0	28	29326234	0	29436760	29325990	0	29325989	23019	https://fabricatedchaos.magentaweb.org/
3	1	1	0	0	29327875	0	0	29327875	0	0	0	https://fabricatedchaos.magentaweb.org/createbreaktrough/info/index.html
3	12	12	0	0	29447247	0	0	29329218	0	0	58656	https://www.fabricatedchaos.magentaweb.org/createbreaktrough
3	12	12	0	0	29447247	0	0	29329218	0	0	36804	https://www.fabricatedchaos.magentaweb.org/crashed
3	2	2	0	26	29415883	0	29415883	29415451	0	29415451	2318	https://www.google.com/
3	10	10	0	0	29442305	0	0	29369513	0	0	48880	https://fabricatedchaos.magentaweb.org/createbreaktrough
3	16	0	0	4	29329226	0	29328990	29327563	0	29328729	3560	https://fabricatedchaos.magentaweb.org/createbreaktrough/
3	2	2	0	0	29326268	0	0	29326264	0	0	2272	https://fabricatedchaos.magentaweb.org/crashed/uploads/
3	1	0	0	0	29327562	0	0	29327562	0	0	0	https://fabricatedchaos.magentaweb.org/createbracktrough/
3	13	13	0	0	29447247	0	0	29329218	0	0	76900	https://www.fabricatedchaos.magentaweb.org/error
3	0	0	0	11	0	0	29447247	0	0	29329218	0	https://www.fabricatedchaos.magentaweb.org/cgi-bin
3	10	10	0	0	29442305	0	0	29369513	0	0	59135	https://fabricatedchaos.magentaweb.org/error
3	2	0	0	0	29325990	0	0	29325990	0	0	3482	https://fabricatedchaos.magentaweb.org/error/
4	1	1	0	0	29434112	0	0	29434112	0	0	1159	Mozilla/5.0 (X11; Linux x86_64) AppleWebKit/537.36 (KHTML, like Gecko) Chrome/131.0.0.0 Safari/537.36
4	1	1	0	0	29373255	0	0	29373255	0	0	1159	Mozilla/5.0 (Macintosh; Intel Mac OS X 10_11) AppleWebKit/601.1.27 (KHTML, like Gecko) Chrome/47.0.2526.106 Safari/601.1.27
4	2	2	0	0	29448697	0	0	29448697	0	0	2388	Mozilla/5.0 (Windows NT 10.0; Win64; x64) AppleWebKit/537.36 (KHTML, like Gecko) Chrome/121.0.0.0 Safari/537.36
4	1	1	0	0	29415817	0	0	29415817	0	0	1159	Mozilla/5.0 (iPhone; CPU iPhone OS 12_1_2 like Mac OS X) AppleWebKit/605.1.15 (KHTML, like Gecko) Mobile/16C104 MicroMessenger/7.0.5(0x17000523) NetType/4G Language/zh_CN
4	4	4	0	8	29423509	0	29423509	29423509	0	29423509	15024	Mozilla/5.0 (Macintosh; Intel Mac OS X 10_15_7) AppleWebKit/537.36 (KHTML, like Gecko) Chrome/116.0.0.0 Safari/537.36
4	211	91	0	4	29370812	0	29367302	29326175	0	29326175	501926	Mozilla/5.0 AppleWebKit/537.36 (KHTML, like Gecko; compatible; GPTBot/1.2; +https://openai.com/gptbot)
4	0	0	0	1	0	0	29415140	0	0	29415140	0	Mozilla/5.0 (Windows NT 6.3; Win64; x64; rv:109.0) Gecko/20100101 Firefox/114.0
4	0	0	0	1	0	0	29331222	0	0	29331222	0	Mozilla/5.0 (Windows NT 6.3; WOW64) AppleWebKit/537.36 (KHTML, like Gecko) Chrome/76.0.3809.100 Safari/537.36
4	2	2	0	2	29422877	0	29422877	29417280	0	29417280	2318	Mozilla/5.0 (X11; Linux x86_64; rv:142.0) Gecko/20100101 Firefox/142.0
4	1	1	0	0	29415356	0	0	29415356	0	0	1159	Mozilla/5.0 (iPhone; CPU iPhone OS 10_0 like Mac OS X) AppleWebKit/600.1.4 (KHTML, like Gecko) GSA/18.0.130791545 Mobile/14A5345a Safari/600.1.4
4	0	0	0	1	0	0	29421493	0	0	29421493	0	Mozilla/5.0 (Linux; Android 9; POT-LX1) AppleWebKit/537.36 (KHTML, like Gecko) Chrome/76.0.3809.89 Mobile Safari/537.36
4	0	0	0	1	0	0	29328444	0	0	29328444	0	Mozilla/5.0 (iPhone; CPU iPhone OS 12_4 like Mac OS X) AppleWebKit/605.1.15 (KHTML, like Gecko) CriOS/74.0.3729.121 Mobile/15E148 Safari/605.1
4	1	1	0	0	29421770	0	0	29421770	0	0	1159	Mozilla/5.0 (Linux; Android 9; Pixel 3) AppleWebKit/537.36 (KHTML, like Gecko) Chrome/76.0.3809.111 Mobile Safari/537.36
4	3	3	0	3	29415280	0	29415280	29327300	0	29327300	3291	Mozilla/5.0 (Windows NT 10.0; Win64; x64) AppleWebKit/537.36 (KHTML, like Gecko) Chrome/137.0.0.0 Safari/537.36
4	1	1	0	13	29415883	0	29415883	29415883	0	29415883	1159	Mozilla/5.0 (Linux; Android 14; Pixel 8) AppleWebKit/537.36 (KHTML, like Gecko) Chrome/123.0.0.0 Mobile Safari/537.36
4	0	0	0	1	0	0	29326995	0	0	29326995	0	Mozilla/5.0 (compatible; Konqueror/3.5; Linux; en_US) KHTML/3.5.6 (like Gecko) (Kubuntu)
4	8	8	0	132	29418392	0	29418392	29413823	0	29413823	9272	Mozilla/5.0 (l9scan/2.0.1333e26373e2231313e24373; +https://leakix.net)
4	1	1	0	1	29401319	0	29401319	29401319	0	29401319	1159	Mozilla/5.0 (Macintosh; Intel Mac OS X 10_15_7) AppleWebKit/537.36 (KHTML, like Gecko) Chrome/96.0.4664.110 Safari/537.36
4	0	0	0	1	0	0	29415998	0	0	29415998	0	Mozilla/5.0 (X11; Linux x86_64) AppleWebKit/537.36 (KHTML, like Gecko) Chrome/72.0.3626.81 Safari/537.36
4	106	60	6	36	29359417	29327862	29362402	29325989	29326238	29325989	270839	Mozilla/5.0 (Windows NT 10.0; Win64; x64) AppleWebKit/537.36 (KHTML, like Gecko) Chrome/138.0.0.0 Safari/537.36 OPR/122.0.0.0
4	1	1	0	0	29429793	0	0	29429793	0	0	1159	Mozilla/5.0 (compatible; VertexWP/1.0; +https://vertexwp.com/bot)
4	7	7	0	1	29373426	0	29373458	29373084	0	29373458	16593	Mozilla/5.0 (Macintosh; Intel Mac OS X 10_15_7) AppleWebKit/537.36 (KHTML, like Gecko) Chrome/124.0.0.0 Safari/537.36
4	2	2	0	1	29328200	0	29421607	29326763	0	29421607	2132	Mozilla/5.0 (Windows NT 10.0; Win64; x64) AppleWebKit/537.36 (KHTML, like Gecko) Chrome/119.0.0.0 Safari/537.36
4	0	0	0	10	0	0	29414716	0	0	29413823	0	Mozilla/5.0 (Windows NT 10.0; Win64; x64) AppleWebKit/537.36
4	4	4	0	0	29434768	0	0	29327884	0	0	4636	Mozilla/5.0 (Windows NT 10.0; Win64; x64) AppleWebKit/537.36 (KHTML, like Gecko) Chrome/120.0.0.0 Safari/537.36
4	0	0	0	1	0	0	29327749	0	0	29327749	0	Mozilla/5.0 (X11; Fedora; Linux x86_64) AppleWebKit/537.36 (KHTML, like Gecko) Chrome/75.0.3770.100 Safari/537.36
4	0	0	0	1	0	0	29421093	0	0	29421093	0	Mozilla/5.0 (X11; Linux i686; rv:1.9.6.20) Gecko/ Firefox/3.6.15
4	0	0	0	3	0	0	29341912	0	0	29341912	0	fasthttp
4	0	0	0	1	0	0	29328459	0	0	29328459	0	Mozilla/5.0 (Linux; Android 5.1.1; KYOCERA-C6742) AppleWebKit/537.36 (KHTML, like Gecko) Chrome/76.0.3809.111 Mobile Safari/537.36
4	0	0	0	1	0	0	29421456	0	0	29421456	0	Mozilla/5.0 (X11; Linux x86_64) AppleWebKit/537.36 (KHTML, like Gecko) Chrome/137.0.0.0 Safari/537.36
4	1	1	0	0	29329237	0	0	29329237	0	0	1159	Mozilla/4.0 (compatible; MSIE 6.0; Windows NT 5.1)
4	0	0	0	1	0	0	29328620	0	0	29328620	0	Mozilla/5.0 (Windows NT 6.1; Win64; x64) AppleWebKit/537.36 (KHTML, like Gecko) Chrome/75.0.3770.142 Safari/537.36
4	1	1	0	13	29329044	0	29329044	29329044	0	29329044	1159	Python/3.10 aiohttp/3.12.15
4	1	1	0	0	29441041	0	0	29441041	0	0	1159	Mozilla/5.0 (Linux; Android 10; LIO-AN00 Build/HUAWEILIO-AN00; wv) AppleWebKit/537.36 (KHTML, like Gecko) Version/4.0 Chrome/78.0.3904.62 XWEB/2692 MMWEBSDK/200901 Mobile Safari/537.36
4	0	0	0	1	0	0	29331222	0	0	29331222	0	Mozilla/5.0 (iPhone; U; CPU iPhone OS 2_0 like Mac OS X; en-us) AppleWebKit/525.18.1 (KHTML, like Gecko) Version/3.1.1 Mobile/5A347 Safari/525.200
4	4	4	0	4	29325992	0	29325992	29325992	0	29325992	3188	Mozilla/5.0 (iPhone; CPU iPhone OS 18_5 like Mac OS X) AppleWebKit/605.1.15 (KHTML, like Gecko) CriOS/138.0.7204.156 Mobile/15E148 Safari/604.1
4	0	0	0	1	0	0	29375703	0	0	29375703	0	Mozilla/5.0 (CentOS; Linux x86_64) AppleWebKit/537.36 (KHTML, like Gecko) Chrome/119.0.0.0 Safari/537.36
4	0	0	0	1	0	0	29379964	0	0	29379964	0	Mozilla/5.0 (ZZ; Linux x86_64) AppleWebKit/537.36 (KHTML, like Gecko) Chrome/126.0.0.0 Safari/537.36
4	6	6	0	0	29442563	0	0	29327621	0	0	6989	Mozilla/5.0 (compatible; InternetMeasurement/1.0; +https://internet-measurement.com/)
4	1	1	0	0	29377068	0	0	29377068	0	0	1159	Mozilla/5.0 (Linux; U; Android 5.1; zh-CN; m2 note Build/LMY47D) AppleWebKit/537.36 (KHTML, like Gecko) Version/4.0 Chrome/40.0.2214.89 UCBrowser/11.2.8.885 Mobile Safari/537.36
4	0	0	0	2	0	0	29416350	0	0	29328599	0	Mozilla/5.0 (X11; Linux x86_64)
4	1	1	0	0	29335199	0	0	29335199	0	0	1159	Mozilla/5.0 (Windows NT 8_0_1; Win64; x64) AppleWebKit/595.53 (KHTML, like Gecko) Chrome/82.0.1383 Safari/537.36
4	1	1	0	0	29415236	0	0	29415236	0	0	1159	Mozilla/5.0 (X11; U; Linux i686; en-gb) AppleWebKit/534.35 (KHTML, like Gecko) Chrome/11.0.696.65 Safari/534.35 Puffin/2.0.5603M
4	1	1	0	0	29326469	0	0	29326469	0	0	973	Mozilla/5.0 (X11; Linux x86_64) AppleWebKit/537.36 (KHTML, like Gecko) Chrome/119.0.0.0 Safari/537.36
4	0	0	0	1	0	0	29424450	0	0	29424450	0	Mozilla/5.0 (Windows NT 6.2; WOW64) AppleWebKit/537.36 (KHTML like Gecko) Chrome/28.0.1469.0 Safari/537.36
4	5	5	0	9	29441981	0	29446794	29362574	0	29364096	5795	Mozilla/5.0 (Windows NT 10.0; Win64; x64) AppleWebKit/537.36 (KHTML, like Gecko) Chrome/134.0.0.0 Safari/537.3
4	0	0	0	3	0	0	29421607	0	0	29421606	0	Mozilla/5.0 (X11; Ubuntu; Linux x86_64; rv:109.0) Gecko/20100101 Firefox/121.0
4	0	0	0	1	0	0	29415994	0	0	29415994	0	Mozilla/5.0 (Linux; Android 9; ONEPLUS A5010) AppleWebKit/537.36 (KHTML, like Gecko) Chrome/76.0.3809.111 Mobile Safari/537.36
4	1	1	0	0	29341912	0	0	29341912	0	0	1159	Mozilla/5.0 (Macintosh; Intel Mac OS X 10_14_6) AppleWebKit/537.36 (KHTML, like Gecko) Chrome/76.0.3809.132 Safari/537.36
4	1	1	0	0	29372366	0	0	29372366	0	0	1159	Mozilla/5.0 (Windows NT 10.0; Win64; x64; rv:120.0) Gecko/20100101 Firefox/120.0
4	2	2	0	1	29377068	0	29377075	29373252	0	29377075	2318	Dalvik/2.1.0 (Linux; U; Android 9.0; ZTE BA520 Build/MRA58K)
4	4	4	0	4	29416072	0	29416072	29326782	0	29326782	4078	Mozilla/5.0 (Linux; Android 10; K) AppleWebKit/537.36 (KHTML, like Gecko) Chrome/137.0.0.0 Mobile Safari/537.36
4	1	1	0	0	29415545	0	0	29415545	0	0	1159	Mozilla/5.0 (Macintosh; Intel Mac OS X 10_13_6) AppleWebKit/537.36 (KHTML, like Gecko) Chrome/75.0.3770.142 Safari/537.36
4	0	0	0	1	0	0	29331546	0	0	29331546	0	Mozilla/5.0 (Macintosh; Intel Mac OS X 10_14_4) AppleWebKit/537.36 (KHTML, like Gecko) Chrome/77.0.3829.0 Safari/537.36 Edg/77.0.197.1
4	5	5	0	0	29420487	0	0	29416483	0	0	5795	Mozilla/5.0 (Windows NT 10.0; Win64; x64) Chrome/91.0.4472.124
4	1	0	1	94	29409090	29409090	29449372	29409090	29409090	29326175	7654	Mozilla/5.0 (Macintosh; Intel Mac OS X 10_15_7) AppleWebKit/537.36 (KHTML, like Gecko) Chrome/131.0.0.0 Safari/537.36; compatible; OAI-SearchBot/1.0; +https://openai.com/searchbot
4	1	1	0	0	29420701	0	0	29420701	0	0	1159	Mozilla/5.0 (Windows NT 6.1; Win64; x64) AppleWebKit/537.36 (KHTML, like Gecko) Chrome/71.0.3578.98 Safari/537.36
4	0	0	0	2	0	0	29421607	0	0	29421607	0	Mozilla/5.0 (Windows NT 10.0; Win64; x64; rv:109.0) Gecko/20100101 Firefox/120.0
4	0	0	0	1	0	0	29423455	0	0	29423455	0	Mozilla/5.0 (Linux; Android 7.1.1; XT1710-02 Build/NDS26.74-36) AppleWebKit/537.36 (KHTML, like Gecko) Chrome/59.0.3071.125 Mobile Safari/537.36
4	0	0	0	1	0	0	29421503	0	0	29421503	0	Mozilla/5.0 (Linux; Android 7.1.1; SM-J510F) AppleWebKit/537.36 (KHTML, like Gecko) Chrome/75.0.3770.143 Mobile Safari/537.36
4	6	6	0	0	29425133	0	0	29387279	0	0	6954	Mozilla/5.0 (compatible; NetcraftSurveyAgent/1.0; +info@netcraft.com)
4	0	0	0	1	0	0	29335475	0	0	29335475	0	Mozilla/5.0 (X11; U; Linux x86_64; en-AU) AppleWebKit/534.35 (KHTML, like Gecko) Chrome/11.0.696.65 Safari/534.35 Puffin/3.9174IT
4	0	0	0	156	0	0	29416823	0	0	29416482	0	python-httpx/0.28.1
4	2	2	0	1	29328836	0	29328844	29328833	0	29328844	2318	Mozilla/5.0 (X11; Ubuntu; Linux x86_64; rv:134.0) Gecko/20100101 Firefox/134.0
4	0	0	0	1	0	0	29415274	0	0	29415274	0	Mozilla/5.0 (Macintosh; Intel Mac OS X 10.14; rv:70.0) Gecko/20100101 Firefox/70.0
4	1	1	0	0	29421852	0	0	29421852	0	0	1159	Mozilla/5.0 (Linux; Android 9; SM-N950U) AppleWebKit/537.36 (KHTML, like Gecko) Chrome/76.0.3809.89 Mobile Safari/537.36
4	34	4	0	11	29326597	0	29325991	29325990	0	29325990	67595	Mozilla/5.0 (Windows NT 10.0; Win64; x64) AppleWebKit/537.36 (KHTML, like Gecko) Chrome/117.0.0.0 Safari/537.36
4	1	1	0	1	29327541	0	29327541	29327541	0	29327541	973	Mozilla/5.0 (Macintosh; Intel Mac OS X 10_15_7) AppleWebKit/537.36 (KHTML, like Gecko) Chrome/113.0.0.0 Safari/537.36
4	0	0	0	1	0	0	29329158	0	0	29329158	0	Mozilla/5.0 (Linux; Android 11; SM-A415F) AppleWebKit/537.36 (KHTML, like Gecko) Chrome/101.0.4951.41 Mobile Safari/537.36
4	1	1	0	0	29421229	0	0	29421229	0	0	1159	Nokia7250/1.0 (3.14) Profile/MIDP-1.0 Configuration/CLDC-1.0
4	1	1	0	0	29326439	0	0	29326439	0	0	973	Mozilla/5.0 (ZZ; Linux i686; rv:125.0) Gecko/20100101 Firefox/125.0
4	1	1	0	0	29437187	0	0	29437187	0	0	1159	Mozilla/5.0 (Macintosh; Intel Mac OS X 10_15_7) AppleWebKit/537.36 (KHTML, like Gecko) Chrome/138.0.0.0 Safari/537.36
4	5	5	0	25	29445860	0	29445860	29423321	0	29423321	5865	Mozilla/5.0 (Windows NT 10.0; Win64; x64) AppleWebKit/537.36 (KHTML, like Gecko) Chrome/60.0.3112.113 Safari/537.36 Assetnote/1.0.0
4	6	6	0	0	29446643	0	0	29421441	0	0	7024	Mozilla/5.0 (X11; Linux i686; rv:124.0) Gecko/20100101 Firefox/124.0
4	2	2	0	0	29326172	0	0	29326172	0	0	1594	Mozilla/5.0 (X11; Linux x86_64; rv:83.0) Gecko/20100101 Firefox/83.0
4	1	1	0	0	29413829	0	0	29413829	0	0	1159	Mozilla/5.0 (X11; Linux x86_64) AppleWebKit/537.36 (KHTML, like Gecko) HeadlessChrome/141.0.7390.37 Safari/537.36
4	2	2	0	0	29413829	0	0	29413829	0	0	0	Mozilla/5.0 (Windows NT 10.0; Win64; x64) AppleWebKit/537.36 (KHTML, like Gecko) Chrome/58.0.3029.110 Safari/537.3
4	0	0	0	1	0	0	29424319	0	0	29424319	0	Mozilla/5.0 (Linux; Android 7.0; Redmi Note 4 Build/NRD90M) AppleWebKit/537.36 (KHTML, like Gecko) Chrome/67.0.3396.87 Mobile Safari/537.36
4	4	4	0	0	29428303	0	0	29386657	0	0	4636	cypex.ai/scanning Mozilla/5.0 (Macintosh; Intel Mac OS X 10_15_7) Chrome/126.0.0.0 Safari/537.36
4	5	5	0	7	29419536	0	29326190	29326190	0	29326190	12237	Mozilla/5.0 (X11; Linux x86_64) AppleWebKit/537.36 (KHTML, like Gecko) Chrome/117.0.0.0 Safari/537.36
4	5	5	0	5	29419536	0	29419536	29326190	0	29419536	15997	Mozilla/5.0 (Windows NT 10.0; Win64; x64) AppleWebKit/537.36 (KHTML, like Gecko) Chrome/116.0.0.0 Safari/537.36
4	2	2	0	2	29441784	0	29441784	29380892	0	29380892	2318	Mozilla/5.0 (compatible; wpbot/1.3; +https://forms.gle/ajBaxygz9jSR8p8G9)
4	1	1	0	1	29327541	0	29327541	29327541	0	29327541	973	Mozilla/5.0 (Linux; Android 8.0.0; SM-G965U Build/R16NW) AppleWebKit/537.36 (KHTML, like Gecko) Chrome/63.0.3239.111 Mobile Safari/537.36
4	0	0	0	1	0	0	29421606	0	0	29421606	0	Mozilla/5.0 (Macintosh; Intel Mac OS X 10_15_7) AppleWebKit/605.1.15 (KHTML, like Gecko) Version/17.1 Safari/605.1.15
4	6	6	0	0	29420759	0	0	29328619	0	0	6954	Scrapy/2.13.3 (+https://scrapy.org)
4	97	97	77	41	29447247	29447247	29447247	29329218	29329218	29329218	313874	Mozilla/5.0 (compatible; CensysInspect/1.1; +https://about.censys.io/)
4	149	42	10	28	29431018	29422180	29431015	29418076	29418187	29418076	367343	Mozilla/5.0 AppleWebKit/537.36 (KHTML, like Gecko; compatible; ClaudeBot/1.0; +claudebot@anthropic.com)
4	257	17	0	45	29418392	0	29429792	29326546	0	29326546	287359	Go-http-client/1.1
4	0	0	0	1	0	0	29335859	0	0	29335859	0	Mozilla/5.0 (Windows; U; Windows NT 6.0; en-US) AppleWebKit/533.1 (KHTML, like Gecko) Maxthon/3.0.8.2 Safari/533.1
4	0	0	0	125	0	0	29449647	0	0	29391599	0	Mozilla/5.0 (Macintosh; Intel Mac OS X 10_15_7) AppleWebKit/537.36 (KHTML, like Gecko) Chrome/131.0.0.0 Safari/537.36; compatible; OAI-SearchBot/1.3; robots.txt; +https://openai.com/searchbot
4	0	0	0	1	0	0	29327222	0	0	29327222	0	Mozilla/5.0 (Windows NT 10.0; Win64; x64) AppleWebKit/537.36 (KHTML, like Gecko) Chrome/91.0.4472.124 Safari/537.36
4	1	1	0	0	29327163	0	0	29327163	0	0	973	Mozilla/5.0 (Windows NT 6.2; rv:137.0) Gecko/20100101 Firefox/137.0
4	1	1	0	0	29373252	0	0	29373252	0	0	1159	Mozilla/5.0 (Windows; U; Windows NT 6.1; es-ES) AppleWebKit/531.22.7 (KHTML, like Gecko) Version/4.0.5 Safari/531.22.7
4	0	0	0	1	0	0	29328742	0	0	29328742	0	Mozilla/5.0 (Windows NT 6.1; Win64; x64; rv:25.0) Gecko/20100101 Firefox/25.0
4	1	1	0	0	29326633	0	0	29326633	0	0	973	Mozilla/5.0 (Macintosh; Intel Mac OS X 10_15) AppleWebKit/605.1.15 (KHTML, like Gecko) Version/13.0.1 Safari/605.1.15
4	349	289	0	4	29449204	0	29430445	29391599	0	29401712	550673	Mozilla/5.0 AppleWebKit/537.36 (KHTML, like Gecko; compatible; GPTBot/1.3; +https://openai.com/gptbot)
4	1	1	0	0	29421453	0	0	29421453	0	0	1159	Mozilla/5.0 (Macintosh; Intel Mac OS X 10_14_3) AppleWebKit/537.36 (KHTML, like Gecko) Chrome/75.0.3770.90 Safari/537.36
4	0	0	0	1	0	0	29415216	0	0	29415216	0	Mozilla/5.0 (Macintosh; Intel Mac OS X 10_13_6) AppleWebKit/605.1.15 (KHTML, like Gecko) Reeder/3.2 Safari/605.1.15
4	1	1	0	0	29334582	0	0	29334582	0	0	1159	Mozilla/5.0 (Windows NT 7_1_1; Win64; x64) AppleWebKit/574.36 (KHTML, like Gecko) Chrome/93.0.777 Safari/537.36
4	2	2	0	3	29380984	0	29421607	29371829	0	29421606	2318	Mozilla/5.0 (Macintosh; Intel Mac OS X 10_15_7) AppleWebKit/537.36 (KHTML, like Gecko) Chrome/120.0.0.0 Safari/537.36
4	1	1	0	0	29327961	0	0	29327961	0	0	1159	Mozilla/5.0 (Macintosh; Intel Mac OS X 10_15_7) AppleWebKit/537.36 (KHTML, like Gecko) Chrome/119.0.0.0 Safari/537.36
4	1	1	0	0	29435289	0	0	29435289	0	0	1159	Mozilla/5.0 (Windows NT 6.1; WOW64) AppleWebKit/537.36 (KHTML, like Gecko) Chrome/46.0.2490.80 Safari/537.36
4	28	8	0	11	29423509	0	29326598	29325990	0	29326597	53578	Mozilla/5.0 (X11; Linux x86_64) AppleWebKit/537.36 (KHTML, like Gecko) Chrome/116.0.0.0 Safari/537.36
4	3	3	0	1	29435953	0	29348473	29341723	0	29348473	3477	Hello from Palo Alto Networks, find out more about our scans in https://docs-cortex.paloaltonetworks.com/r/1/Cortex-Xpanse/Scanning-activity
4	8	8	0	6	29367078	0	29367078	29367077	0	29367077	30048	Mozilla/5.0 (Macintosh; Intel Mac OS X 10_7_0) AppleWebKit/535.11 (KHTML, like Gecko) Chrome/17.0.963.56 Safari/535.11
4	0	0	0	1	0	0	29421209	0	0	29421209	0	Mozilla/5.0 (Macintosh; Intel Mac OS X 10_15_7) AppleWebKit/605.1.15 (KHTML, like Gecko) Version/15.0 Safari/605.1.15
4	0	0	0	3	0	0	29443754	0	0	29374678	0	RecordedFuture Global Inventory Crawler
4	5	5	0	5	29416462	0	29416462	29330769	0	29330769	5795	Mozilla/5.0 (X11; Linux x86_64; rv:139.0) Gecko/20100101 Firefox/139.0
4	4	4	0	4	29424314	0	29424314	29418663	0	29418663	4636	Mozilla/5.0 (X11; Linux x86_64) AppleWebKit/537.36 (KHTML, like Gecko) Chrome/142.0.0.0 Safari/537.36
4	2	2	0	0	29353441	0	0	29342209	0	0	2318	Mozilla/5.0 zgrab/0.x
4	0	0	0	1	0	0	29420487	0	0	29420487	0	python-httpx/0.27.2
4	1	1	0	0	29442999	0	0	29442999	0	0	1194	Mozilla/5.0 (Windows NT 10.0; Win64; x64) AppleWebKit/537.36 (KHTML, like Gecko) Chrome/135.0.0.0 Safari/537.36 Edg/135.0.0.0
4	1	1	0	0	29442713	0	0	29442713	0	0	1194	Mozilla/5.0 (Windows NT 10.0; Win64; x64) AppleWebKit/537.36 (KHTML, like Gecko) Chrome/138.0.0.0 Safari/537.36 clst-pab
4	2	2	1	0	29327876	29327876	0	29327876	29327876	0	6047	Mozilla/5.0 AppleWebKit/537.36 (KHTML, like Gecko); compatible; ChatGPT-User/1.0; +https://openai.com/bot
4	1	1	0	0	29372630	0	0	29372630	0	0	1159	Mozilla/5.0 (Macintosh; Intel Mac OS X 10_15_7) AppleWebKit/537.36 (KHTML, like Gecko) Chrome/136.0.0.0 Safari/537.36
4	0	0	0	105	0	0	29417428	0	0	29417428	0	python-httpx/0.27.0
4	2	2	0	0	29443111	0	0	29418363	0	0	2353	Mozilla/5.0
4	1	1	0	0	29327884	0	0	29327884	0	0	1159	Mozilla/5.0 (Windows NT 10.0; Win64; x64) AppleWebKit/537.36 (KHTML, like Gecko) Chrome/132.0.0.0 Safari/537.36
4	0	0	0	1	0	0	29415190	0	0	29415190	0	Mozilla/5.0 (Linux; U; Android 6.0; he-il; Redmi Note 4X Build/MRA58K) AppleWebKit/537.36 (KHTML, like Gecko) Version/4.0 Chrome/71.0.3578.141 Mobile Safari/537.36 XiaoMi/MiuiBrowser/10.9.7-g
4	0	0	0	1	0	0	29423396	0	0	29423396	0	Mozilla/5.0 (X11; U; Linux i686; en-US; rv:1.8.0.7) Gecko/20060909 Firefox/1.5.0.7 MG(Novarra-Vision/6.9)
4	1	1	0	13	29415451	0	29415451	29415451	0	29415451	1159	Mozilla/5.0 (Windows NT 10.0; Win64; x64) AppleWebKit/537.36 (KHTML, like Gecko) Chrome/123.0.0.0 Safari/537.36
4	1	1	0	0	29326732	0	0	29326732	0	0	973	Mozilla/5.0 (Fedora; Linux i686) AppleWebKit/537.36 (KHTML, like Gecko) Chrome/125.0.0.0 Safari/537.36
4	12	12	0	0	29369882	0	0	29326371	0	0	13164	Mozilla/5.0 (X11; Linux i686; rv:109.0) Gecko/20100101 Firefox/120.0
4	1	1	0	0	29433575	0	0	29433575	0	0	1159	Mozilla/5.0 (Windows NT 10.0; Win64; x64) AppleWebKit/537.36 (KHTML, like Gecko) Chrome/64.0.3282.186 Safari/537.36
4	2	2	0	2	29413830	0	29413830	29413830	0	29413830	2318	Mozilla/5.0 (iPhone; CPU iPhone OS 16_6_1 like Mac OS X) AppleWebKit/605.1.15 (KHTML, like Gecko) Version/16.5 Mobile/15E148 Safari/604.1
4	13	13	0	36	29366358	0	29366358	29326602	0	29326602	14323	Mozilla/5.0 (Linux; Android 6.0; Nexus 5 Build/MRA58N) AppleWebKit/537.36 (KHTML, like Gecko) Chrome/130.0.0.0 Mobile Safari/537.36
4	0	0	0	1	0	0	29428679	0	0	29428679	0	Mozilla/5.0 (Windows NT 10.0; Win64; x64; rv:132.0) Gecko/20100101 Firefox/132.0
4	1	1	0	0	29367077	0	0	29367077	0	0	1159	Mozilla/5.0 (Macintosh; Intel Mac OS X 10_15_7) AppleWebKit/537.36 (KHTML, like Gecko) Chrome/120.0.0.0 Safari/537.36 Edg/120.0.0.0
4	3	3	0	2	29325992	0	29325992	29325991	0	29325992	2391	Mozilla/5.0 (Windows NT 6.1) AppleWebKit/537.36 (KHTML, like Gecko) Chrome/49.0.2623.112 Safari/537.36
4	1	1	0	0	29415550	0	0	29415550	0	0	1159	Mozilla/5.0 (iPhone; CPU iPhone OS 13_0 like Mac OS X) AppleWebKit/605.1.15 (KHTML, like Gecko) Version/13.0 Mobile/15E148 Safari/604.1
4	1	1	0	0	29373395	0	0	29373395	0	0	3067	Mozilla/5.0 (Macintosh; Intel Mac OS X 10.15; rv:136.0) Gecko/20100101 Firefox/136.0
4	136	56	0	409	29347889	0	29347897	29327948	0	29327948	355383	Mozilla/5.0 (Windows NT 6.1; Win64; x64; rv:47.0) Gecko/20100101 Firefox/47.0
4	2	2	0	0	29335198	0	0	29334581	0	0	2318	curl/7.29.0
4	2	2	0	2	29326172	0	29326172	29326172	0	29326172	1594	Mozilla/5.0 (Macintosh; Intel Mac OS X 10_9_2) AppleWebKit/537.36 (KHTML, like Gecko) Chrome/33.0.1750.152 Safari/537.36
4	0	0	0	2	0	0	29352828	0	0	29348921	0	Mozilla/5.0 AppleWebKit/537.36 (KHTML, like Gecko; compatible; GPTBot/1.0; +https://openai.com/gptbot)
4	2	2	0	2	29326172	0	29326172	29326172	0	29326172	1594	Mozilla/5.0 (X11; Linux x86_64) AppleWebKit/537.36 (KHTML, like Gecko) Chrome/132.0.0.0 Safari/537.36
4	1	1	0	0	29326916	0	0	29326916	0	0	973	Mozilla/5.0 (Windows NT 10.0; Win64; x64) AppleWebKit/537.36 (KHTML, like Gecko) Chrome/70.0.3538.102 Safari/537.36 Edge/18.18363
4	0	0	0	1	0	0	29429272	0	0	29429272	0	Mozilla/5.0 (Macintosh; Intel Mac OS X 10_15_7) AppleWebKit/605.1.15 (KHTML, like Gecko) Version/16.0 Safari/605.1.15
4	8	8	0	0	29327132	0	0	29327132	0	0	3892	Python/3.9 aiohttp/3.8.1
4	3	3	0	15	29418007	0	29418007	29326598	0	29326598	3291	Mozilla/5.0 (Macintosh; Intel Mac OS X 10.15; rv:139.0) Gecko/20100101 Firefox/139.0
4	0	0	0	4	0	0	29367287	0	0	29359293	0	Mozilla/5.0 (Macintosh; Intel Mac OS X 10_15_7) AppleWebKit/537.36 (KHTML, like Gecko) Chrome/131.0.0.0 Safari/537.36; compatible; OAI-SearchBot/1.0; robots.txt; +https://openai.com/searchbot
4	1	1	0	0	29436768	0	0	29436768	0	0	1159	Mozilla/5.0 (Windows NT 10.0; Win64; x64) AppleWebKit/537.36 (KHTML, like Gecko) Chrome/122.0.0.0 Safari/537.36
4	0	0	0	1	0	0	29327832	0	0	29327832	0	Mozilla/5.0 (iPhone; CPU iPhone OS 11_0 like Mac OS X) AppleWebKit/604.1.38 (KHTML, like Gecko) Version/11.0 Mobile/15A5362a Safari/604.1
4	0	0	0	1	0	0	29329148	0	0	29329148	0	Opera/9.80 (X11; FreeBSD 8.1-RELEASE i386; Edition Next) Presto/2.12.388 Version/12.10
4	7	7	0	7	29423509	0	29419590	29419536	0	29419590	18501	Mozilla/5.0 (Macintosh; Intel Mac OS X 10_15_7) AppleWebKit/537.36 (KHTML, like Gecko) Chrome/117.0.0.0 Safari/537.36
4	0	0	0	1	0	0	29433334	0	0	29433334	0	Mozilla/5.0 (iPhone; CPU iPhone OS 10_2_1 like Mac OS X) AppleWebKit/602.4.6 (KHTML, like Gecko) Version/10.0 Mobile/14D27 Safari/602.1
4	0	0	0	1	0	0	29433334	0	0	29433334	0	Mozilla/5.0 (Linux; Android 9; G8343 Build/47.2.A.10.107; wv) AppleWebKit/537.36 (KHTML, like Gecko) Version/4.0 Chrome/76.0.3809.111 Mobile Safari/537.36 [FB_IAB/Orca-Android;FBAV/229.1.0.17.118;]
4	1	1	0	0	29339704	0	0	29339704	0	0	1159	Mozilla/5.0 (Windows NT 10.0; Win64; x64) AppleWebKit/537.37 (KHTML, like Gecko) Chrome/118.0.0.0 Safari/537.36
4	0	0	0	1	0	0	29424215	0	0	29424215	0	Mozilla/5.0 (compatible; MSIE 10.0; Windows Phone 8.0; Trident/6.0; IEMobile/10.0; ARM; Touch; NOKIA; Lumia 920)
4	0	0	0	1	0	0	29328926	0	0	29328926	0	SonyEricssonS500i/R6BC Browser/NetFront/3.3 Profile/MIDP-2.0 Configuration/CLDC-1.1
4	1	1	0	0	29420674	0	0	29420674	0	0	1159	Mozilla/5.0 (X11; Linux x86_64) AppleWebKit/537.36 (KHTML, like Gecko) Chrome/45.0.2454.85 Safari/537.36 OPR/32.0.1948.25
4	2	2	0	0	29326407	0	0	29326407	0	0	1946	Mozilla/5.0 (compatible; UGAResearchAgent/1.0; Please visit: NISLabUGA.github.io)
4	0	0	0	1	0	0	29328316	0	0	29328316	0	Mozilla/5.0 (X11; U; Linux i686; en-US; rv:1.9a3pre) Gecko/20070330
4	1	1	0	0	29438078	0	0	29438078	0	0	1159	Mozilla/5.0 (Windows NT 10.0; Win64; x64) AppleWebKit/537.36 (KHTML, like Gecko) Chrome/104.0.0.0 Safari/537.36
4	15	15	0	15	29442290	0	29442291	29326591	0	29326591	17234	Mozilla/5.0 (X11; Linux x86_64) AppleWebKit/537.36 (KHTML, like Gecko) Chrome/139.0.0.0 Safari/537.36
4	5	5	1	0	29327865	29327863	0	29327863	29327863	0	9564	Mozilla/5.0 (Windows NT 10.0; Win64; x64) AppleWebKit/537.36 (KHTML, like Gecko) MCEF/2 Safari/537.36
4	2	2	0	2	29413831	0	29413831	29413830	0	29413830	2318	Mozilla/5.0 (iPhone; CPU iPhone OS 17_3 like Mac OS X) AppleWebKit/605.1.15 (KHTML, like Gecko) CriOS/116.0.5845.177 Mobile/15E148 Safari/604.1
4	1	1	0	1	29442563	0	29442563	29442563	0	29442563	1194	curl/7.61.1
5	1	1	0	0	29373373	0	0	29373373	0	0	4888	159.203.169.126
5	0	0	0	1	0	0	29367077	0	0	29367077	0	115.55.31.193
5	1	1	0	105	29417428	0	29417428	29417428	0	29417428	1159	34.244.221.100
5	0	0	0	10	0	0	29421607	0	0	29421606	0	195.178.110.158
5	25	25	0	0	29444399	0	0	29437283	0	0	29220	74.7.243.245
5	52	22	0	142	29327952	0	29327953	29327948	0	29327948	132086	54.234.247.214
5	0	0	0	3	0	0	29414689	0	0	29413883	0	195.178.110.14
5	192	12	0	3	29418392	0	29418392	29413823	0	29413823	214709	51.89.167.1
5	1	1	0	0	29373084	0	0	29373084	0	0	1159	161.35.184.6
5	0	0	0	2	0	0	29414716	0	0	29413823	0	195.178.110.11
5	0	0	0	3	0	0	29414712	0	0	29413883	0	195.178.110.10
5	8	8	0	0	29423171	0	0	29423171	0	0	9272	74.7.242.6
5	5	5	0	8	29441981	0	29446794	29362574	0	29364096	5795	204.76.203.25
5	9	9	0	0	29434148	0	0	29434148	0	0	10431	74.7.242.3
5	30	30	0	1	29412706	0	29401712	29401712	0	29401712	34770	74.7.242.2
5	33	33	0	1	29411804	0	29402416	29399620	0	29402416	38247	74.7.242.1
5	8	8	0	0	29415931	0	0	29415930	0	0	9272	74.7.243.229
5	1	1	0	1	29413831	0	29413831	29413831	0	29413831	1159	172.111.15.130
5	3	3	0	33	29413823	0	29413823	29413823	0	29413823	3477	206.189.19.19
5	8	8	0	0	29419479	0	0	29419479	0	0	9272	74.7.243.225
5	5	5	0	0	29327163	0	0	29326439	0	0	4865	57.129.46.185
5	1	1	0	0	29339704	0	0	29339704	0	0	1159	85.235.205.186
5	1	1	0	0	29327884	0	0	29327884	0	0	1159	168.119.80.126
5	1	1	0	0	29430673	0	0	29430673	0	0	1159	87.236.176.11
5	8	8	0	0	29415920	0	0	29415920	0	0	9272	74.7.243.212
5	1	1	0	0	29347369	0	0	29347369	0	0	1159	147.185.132.97
5	1	1	0	0	29326597	0	0	29326597	0	0	973	104.252.191.33
5	3	3	0	0	29413829	0	0	29413829	0	0	1159	146.70.185.32
5	39	9	0	0	29431933	0	0	29431932	0	0	112103	74.7.227.7
5	0	0	0	1	0	0	29326995	0	0	29326995	0	54.174.2.255
5	0	0	0	1	0	0	29367077	0	0	29367077	0	112.242.74.234
5	9	9	0	0	29398288	0	0	29398288	0	0	10431	74.7.243.202
5	6	6	0	4	29326172	0	29326172	29326172	0	29326172	4782	54.247.57.72
5	1	1	0	0	29438929	0	0	29438929	0	0	1159	205.210.31.3
5	0	0	0	1	0	0	29348473	0	0	29348473	0	147.185.132.78
5	34	4	0	11	29325991	0	29325991	29325990	0	29325990	67419	103.4.250.69
5	1	1	0	0	29367077	0	0	29367077	0	0	4888	123.14.148.163
5	1	1	0	0	29326386	0	0	29326386	0	0	973	51.81.46.212
5	0	0	0	1	0	0	29367077	0	0	29367077	0	118.73.123.65
5	1	1	0	1	29380892	0	29380892	29380892	0	29380892	1159	35.94.131.254
5	1	1	0	0	29423423	0	0	29423423	0	0	1159	3.249.212.97
5	1	1	0	0	29387553	0	0	29387553	0	0	1159	34.250.27.125
5	1	1	0	5	29445781	0	29445781	29445781	0	29445781	1194	18.197.189.18
5	5	5	4	1	29385478	29385478	29385477	29385477	29385478	29385477	16183	199.45.154.148
5	0	0	0	1	0	0	29443754	0	0	29443754	0	18.235.110.182
5	3	3	0	0	29435289	0	0	29433575	0	0	3477	100.30.248.17
5	1	1	0	0	29380984	0	0	29380984	0	0	1159	3.140.182.19
5	1	1	0	0	29335198	0	0	29335198	0	0	1159	165.154.173.211
5	0	0	0	3	0	0	29429423	0	0	29347404	0	104.210.140.143
5	0	0	0	3	0	0	29387566	0	0	29327240	0	104.210.140.142
5	5	5	0	5	29419536	0	29419536	29419536	0	29419536	16183	103.196.9.87
5	1	1	0	1	29420487	0	29420487	29420487	0	29420487	1159	15.188.23.0
5	2	2	1	0	29442302	29442302	0	29442302	29442302	0	6082	66.132.159.244
5	0	0	0	7	0	0	29448046	0	0	29343742	0	104.210.140.141
5	9	9	0	0	29395042	0	0	29395042	0	0	10431	74.7.241.9
5	0	0	0	11	0	0	29449372	0	0	29367868	0	104.210.140.140
5	0	0	0	6	0	0	29444080	0	0	29341287	0	104.210.140.139
5	5	5	4	2	29369514	29369514	29369514	29369513	29369513	29369513	16183	199.45.154.129
5	0	0	0	5	0	0	29425459	0	0	29335158	0	104.210.140.138
5	0	0	0	1	0	0	29420017	0	0	29420017	0	104.210.140.137
5	8	8	0	0	29427064	0	0	29427064	0	0	9272	74.7.242.41
5	0	0	0	10	0	0	29446718	0	0	29351045	0	104.210.140.136
5	0	0	0	7	0	0	29441409	0	0	29331461	0	104.210.140.135
5	0	0	0	3	0	0	29437440	0	0	29330261	0	104.210.140.134
5	1	0	1	6	29409090	29409090	29434768	29409090	29409090	29337600	7654	104.210.140.133
5	0	0	0	3	0	0	29390132	0	0	29333923	0	104.210.140.132
5	1	1	0	1	29327300	0	29327300	29327300	0	29327300	973	79.127.222.198
5	0	0	0	6	0	0	29402277	0	0	29336384	0	104.210.140.131
5	3	3	0	6	29359417	0	29362402	29355060	0	29355060	3477	80.134.135.17
5	5	5	4	2	29411612	29411612	29411612	29411611	29411612	29411611	16183	199.45.154.120
5	0	0	0	5	0	0	29445400	0	0	29348601	0	104.210.140.130
5	0	0	0	10	0	0	29422725	0	0	29329053	0	104.210.140.129
5	0	0	0	6	0	0	29436111	0	0	29327876	0	104.210.140.128
5	1	1	0	0	29448697	0	0	29448697	0	0	1194	181.208.25.102
5	5	5	4	2	29388536	29388536	29388536	29388535	29388536	29388535	16183	199.45.154.115
5	1	1	0	5	29423321	0	29423321	29423321	0	29423321	1159	52.211.52.121
5	1	1	0	1	29355722	0	29355722	29355722	0	29355722	1159	142.93.203.150
5	49	19	0	1	29326176	0	29326175	29326175	0	29326175	120980	20.171.207.110
5	1	1	0	0	29329237	0	0	29329237	0	0	1159	18.228.13.238
5	5	5	4	2	29386244	29386244	29386244	29386243	29386244	29386243	16183	66.132.153.139
5	0	0	0	1	0	0	29359293	0	0	29359293	0	4.227.36.59
5	5	5	4	2	29445985	29445985	29445985	29445985	29445985	29445985	16288	66.132.153.136
5	1	1	0	0	29371894	0	0	29371894	0	0	1159	34.91.125.183
5	3	3	0	15	29418007	0	29418007	29326598	0	29326598	3291	96.41.38.202
5	0	0	0	3	0	0	29448099	0	0	29448025	0	74.7.228.57
5	1	1	0	0	29326431	0	0	29326431	0	0	973	23.27.145.63
5	108	62	7	30	29329226	29327863	29333580	29325989	29326238	29325989	276926	79.217.216.128
5	1	1	0	1	29327937	0	29327937	29327937	0	29327937	1159	68.183.128.252
5	5	5	4	2	29442305	29442305	29442305	29442304	29442305	29442304	16288	66.132.153.128
5	1	1	0	1	29417280	0	29417280	29417280	0	29417280	1159	161.35.228.153
5	2	2	0	0	29413149	0	0	29342209	0	0	2318	18.224.192.118
5	0	0	0	5	0	0	29416038	0	0	29415930	0	74.7.228.45
5	1	1	0	1	29442290	0	29442291	29442290	0	29442291	1194	134.209.202.61
5	1	1	0	0	29328200	0	0	29328200	0	0	1159	23.27.145.50
5	5	5	4	3	29353906	29353906	29353906	29353905	29353906	29353905	16183	66.132.153.117
5	1	1	0	1	29415713	0	29415713	29415713	0	29415713	1159	164.90.152.142
5	1	1	0	1	29326591	0	29326591	29326591	0	29326591	973	138.68.135.84
5	1	1	0	0	29373426	0	0	29373426	0	0	5910	68.183.55.94
5	1	1	0	1	29421850	0	29421850	29421850	0	29421850	1159	68.183.158.233
5	1	1	0	1	29421542	0	29421542	29421542	0	29421542	1159	137.184.35.133
5	0	0	0	18	0	0	29412706	0	0	29398288	0	74.7.228.26
5	0	0	0	4	0	0	29335859	0	0	29328316	0	93.123.109.7
5	0	0	0	1	0	0	29363824	0	0	29363824	0	4.227.36.19
5	3	3	0	33	29413823	0	29413823	29413823	0	29413823	3477	139.59.132.8
5	5	5	4	2	29386661	29386661	29386661	29386661	29386661	29386661	16183	167.94.138.200
5	0	0	0	1	0	0	29434148	0	0	29434148	0	74.7.228.18
5	1	1	0	0	29367077	0	0	29367077	0	0	1159	39.73.137.42
5	1	1	0	1	29325992	0	29325992	29325992	0	29325992	797	119.13.199.237
5	5	5	4	2	29421701	29421701	29421701	29421701	29421701	29421701	16183	167.94.138.186
5	1	1	0	5	29427447	0	29427447	29427447	0	29427447	1159	3.70.217.196
5	1	1	0	0	29443111	0	0	29443111	0	0	1194	51.89.23.223
5	0	0	0	2	0	0	29331222	0	0	29331222	0	213.209.157.93
5	0	0	0	1	0	0	29430445	0	0	29430445	0	74.7.228.13
5	1	1	0	0	29336782	0	0	29336782	0	0	1159	23.27.145.18
5	1	1	0	0	29420759	0	0	29420759	0	0	1159	34.91.100.6
5	3	3	0	33	29418392	0	29418392	29418391	0	29418392	3477	128.199.182.55
5	2	2	0	2	29327325	0	29327325	29326842	0	29326842	1946	171.244.43.14
5	0	0	0	2	0	0	29415216	0	0	29415190	0	213.209.157.81
5	1	1	0	1	29325991	0	29325992	29325991	0	29325992	797	106.75.166.158
5	1	1	0	5	29428004	0	29428004	29428004	0	29428004	1159	108.130.191.197
5	5	5	4	2	29368528	29368528	29368528	29368527	29368528	29368527	16183	167.94.138.161
5	0	0	0	10	0	0	29445739	0	0	29423171	0	74.7.244.28
5	1	1	0	1	29326782	0	29326782	29326782	0	29326782	973	133.242.174.119
5	1	1	0	0	29387279	0	0	29387279	0	0	1159	3.255.131.207
5	1	1	0	1	29329392	0	29329392	29329392	0	29329392	1159	207.154.218.213
5	0	0	0	1	0	0	29421296	0	0	29421296	0	74.7.244.23
5	1	1	0	1	29416462	0	29416462	29416462	0	29416462	1159	209.97.135.246
5	1	1	0	1	29401969	0	29401969	29401969	0	29401969	1159	143.198.157.150
5	0	0	0	1	0	0	29421516	0	0	29421516	0	74.7.244.16
5	1	1	0	1	29420136	0	29420136	29420136	0	29420136	1159	157.230.125.144
5	0	0	0	13	0	0	29446075	0	0	29436460	0	74.7.244.15
5	2	2	0	0	29373395	0	0	29373336	0	0	4226	174.138.64.34
5	1	1	0	0	29415817	0	0	29415817	0	0	1159	45.145.166.71
5	4	4	4	1	29431873	29431873	29431873	29431873	29431873	29431873	15024	162.142.125.222
5	1	1	0	1	29413830	0	29413830	29413830	0	29413830	1159	103.142.70.227
5	5	5	4	3	29329218	29329218	29329218	29329218	29329218	29329218	16183	162.142.125.218
5	1	1	0	0	29372630	0	0	29372630	0	0	1159	167.71.185.111
5	1	1	1	0	29327876	29327876	0	29327876	29327876	0	4888	20.215.214.29
5	0	0	0	1	0	0	29424838	0	0	29424838	0	98.84.1.175
5	0	0	0	2	0	0	29415274	0	0	29415140	0	44.201.207.51
5	1	1	0	1	29376141	0	29376141	29376141	0	29376141	1159	209.38.223.83
5	1	1	0	0	29327876	0	0	29327876	0	0	1159	20.215.214.22
5	0	0	0	1	0	0	29367077	0	0	29367077	0	60.9.152.227
5	2	2	0	0	29442999	0	0	29442713	0	0	2388	50.17.164.180
5	0	0	0	1	0	0	29373458	0	0	29373458	0	209.97.147.225
5	0	0	0	3	0	0	29432683	0	0	29431804	0	74.7.175.183
5	1	1	0	0	29367077	0	0	29367077	0	0	5910	42.229.134.88
5	1	1	0	1	29382365	0	29382365	29382365	0	29382365	1159	142.93.42.18
5	5	5	0	8	29423509	0	29423509	29423509	0	29423509	16183	103.196.9.253
5	0	0	0	1	0	0	29427064	0	0	29427064	0	74.7.175.171
5	0	0	0	1	0	0	29352828	0	0	29352828	0	172.182.204.94
5	1	1	0	0	29328619	0	0	29328619	0	0	1159	34.147.11.119
5	9	0	0	7	29431018	0	29431015	29427429	0	29427429	17511	216.73.216.53
5	1	1	0	1	29416823	0	29416823	29416823	0	29416823	1159	3.97.209.86
5	1	1	0	0	29346614	0	0	29346614	0	0	1159	198.235.24.144
5	2	2	0	0	29373252	0	0	29373252	0	0	2318	113.31.186.146
5	10	10	0	30	29346162	0	29346162	29326602	0	29326602	10846	157.143.122.60
5	2	2	0	0	29421852	0	0	29421770	0	0	2318	98.93.23.175
5	1	1	0	1	29429793	0	29429792	29429793	0	29429792	1159	57.131.35.166
5	9	9	0	0	29433841	0	0	29433840	0	0	10431	74.7.227.187
5	1	1	0	1	29332302	0	29332302	29332302	0	29332302	1159	165.227.69.92
5	0	0	0	1	0	0	29428209	0	0	29428209	0	74.7.175.153
5	0	0	0	1	0	0	29421456	0	0	29421456	0	185.189.114.118
5	1	1	0	0	29373255	0	0	29373255	0	0	1159	183.134.59.131
5	8	8	0	0	29419437	0	0	29419437	0	0	9272	74.7.227.180
5	1	1	0	0	29328252	0	0	29328252	0	0	1159	87.236.176.123
5	11	11	0	1	29430445	0	29430445	29430445	0	29430445	18386	74.7.227.178
5	0	0	0	2	0	0	29449440	0	0	29449402	0	74.7.175.145
5	9	9	0	0	29391599	0	0	29391599	0	0	10431	74.7.227.171
5	0	0	0	3	0	0	29418258	0	0	29418077	0	74.7.175.141
5	9	9	0	0	29449204	0	0	29449204	0	0	10746	74.7.227.168
5	0	0	0	3	0	0	29416053	0	0	29415920	0	74.7.175.140
5	0	0	0	2	0	0	29433334	0	0	29433334	0	185.177.72.75
5	1	1	0	0	29328619	0	0	29328619	0	0	1159	34.91.36.231
5	5	5	4	2	29405631	29405631	29405631	29405631	29405631	29405631	16183	162.142.125.124
5	5	5	4	2	29437460	29437460	29437460	29437460	29437460	29437460	16183	162.142.125.123
5	0	0	0	1	0	0	29394590	0	0	29394590	0	74.7.175.130
5	0	0	0	1	0	0	29348921	0	0	29348921	0	172.182.204.53
5	0	0	0	1	0	0	29395042	0	0	29395042	0	74.7.175.128
5	1	1	0	0	29442563	0	0	29442563	0	0	1194	87.236.176.100
5	5	5	4	3	29353882	29353882	29353882	29353882	29353882	29353882	16183	162.142.125.117
5	1	1	0	0	29328836	0	0	29328836	0	0	1159	91.231.89.125
5	1	1	0	0	29328833	0	0	29328833	0	0	1159	91.231.89.124
5	9	9	0	0	29394590	0	0	29394590	0	0	10431	74.7.227.154
5	1	1	0	0	29422996	0	0	29422996	0	0	1159	108.130.77.218
5	1	1	0	1	29325991	0	29325992	29325991	0	29325992	797	106.75.141.23
5	3	3	0	33	29418392	0	29418392	29418391	0	29418391	3477	46.101.111.185
5	1	1	0	0	29435953	0	0	29435953	0	0	1159	205.210.31.222
5	17	17	0	0	29425435	0	0	29391783	0	0	19703	74.7.227.148
5	27	27	0	0	29448025	0	0	29439526	0	0	31923	74.7.241.57
5	0	0	0	3	0	0	29424215	0	0	29415994	0	45.144.212.58
5	59	29	0	1	29370812	0	29367302	29367301	0	29367302	140980	74.7.227.141
5	54	24	0	1	29370806	0	29367288	29367287	0	29367288	116065	74.7.227.140
5	2	2	0	1	29377068	0	29377075	29377068	0	29377075	2318	121.29.51.28
5	4	4	0	7	29326190	0	29326190	29326190	0	29326190	11078	103.4.250.249
5	1	1	0	0	29341723	0	0	29341723	0	0	1159	198.235.24.92
5	0	0	0	2	0	0	29379964	0	0	29375703	0	46.193.67.68
5	3	3	0	6	29366358	0	29366358	29356286	0	29356286	3477	91.84.86.2
5	1	1	0	0	29440989	0	0	29440989	0	0	1159	205.210.31.183
5	1	1	0	0	29373259	0	0	29373259	0	0	1159	64.225.20.183
5	2	2	0	0	29428303	0	0	29422204	0	0	2318	3.138.185.30
5	1	1	0	1	29415280	0	29415280	29415280	0	29415280	1159	128.140.51.187
5	1	1	0	1	29422877	0	29422877	29422877	0	29422877	1159	164.92.174.189
5	64	4	0	1	29418392	0	29418392	29418392	0	29418392	71677	57.129.16.41
5	1	1	0	13	29329044	0	29329044	29329044	0	29329044	1159	93.123.109.60
5	1	1	0	34	29326546	0	29326546	29326546	0	29326546	973	109.202.99.36
5	1	1	0	0	29326407	0	0	29326407	0	0	973	128.192.12.118
5	1	1	0	1	29401319	0	29401319	29401319	0	29401319	1159	111.7.96.164
5	1	1	0	0	29326660	0	0	29326660	0	0	973	149.57.180.7
5	0	0	0	2	0	0	29414713	0	0	29413823	0	195.178.110.8
5	1	1	0	0	29326401	0	0	29326401	0	0	973	149.57.180.5
5	1	1	0	1	29335970	0	29335970	29335970	0	29335970	1159	139.59.65.143
5	1	1	0	0	29373208	0	0	29373208	0	0	1159	143.198.0.245
5	1	1	0	1	29416072	0	29416072	29416072	0	29416072	1159	14.232.208.159
5	1	1	0	0	29346695	0	0	29346695	0	0	1159	149.57.180.171
5	2	2	0	0	29415550	0	0	29415356	0	0	2318	13.221.123.221
5	1	1	0	0	29326190	0	0	29326190	0	0	973	103.196.9.121
5	1	1	0	0	29438078	0	0	29438078	0	0	1159	18.212.198.88
5	1	1	0	1	29414906	0	29414906	29414906	0	29414906	1159	168.119.245.209
5	0	0	0	1	0	0	29367078	0	0	29367078	0	27.213.53.70
5	5	5	4	2	29447247	29447247	29447247	29447247	29447247	29447247	16288	206.168.34.223
5	1	1	0	0	29326407	0	0	29326407	0	0	973	128.192.12.101
5	1	1	0	0	29326469	0	0	29326469	0	0	973	149.57.180.161
5	1	1	0	0	29339076	0	0	29339076	0	0	1159	205.210.31.138
5	1	1	0	0	29329548	0	0	29329548	0	0	1159	149.57.180.160
5	2	2	0	2	29327541	0	29327541	29327541	0	29327541	1946	44.247.148.152
5	1	1	0	0	29423509	0	0	29423509	0	0	1159	103.4.251.62
5	1	1	0	1	29361568	0	29361568	29361568	0	29361568	1159	164.92.156.176
5	6	6	0	0	29422379	0	0	29422379	0	0	6954	74.7.227.36
5	1	1	0	0	29338589	0	0	29338589	0	0	1159	198.235.24.31
5	49	19	0	1	29326245	0	29326244	29326243	0	29326244	123901	20.171.207.72
5	1	1	0	0	29419536	0	0	29419536	0	0	1159	107.172.195.210
5	1	1	0	0	29328104	0	0	29328104	0	0	1159	149.57.180.152
5	25	5	0	11	29326598	0	29326598	29326597	0	29326597	50463	107.172.195.207
5	0	0	0	1	0	0	29326175	0	0	29326175	0	4.227.36.2
5	50	20	0	1	29430051	0	29430051	29430050	0	29430051	130403	74.7.227.29
5	1	1	0	3	29334582	0	29334582	29334582	0	29334582	1159	165.154.182.168
5	1	1	0	0	29429788	0	0	29429788	0	0	1159	198.235.24.23
5	1	1	0	3	29335199	0	29335199	29335199	0	29335199	1159	152.32.128.85
5	1	1	0	1	29325992	0	29325992	29325992	0	29325992	797	93.180.195.170
5	1	1	0	0	29448697	0	0	29448697	0	0	1194	105.155.76.27
5	1	1	0	0	29329310	0	0	29329310	0	0	1159	149.57.180.129
5	1	1	0	0	29420759	0	0	29420759	0	0	1159	34.90.229.81
5	1	1	0	2	29355162	0	29355169	29355162	0	29355162	1159	167.94.138.59
5	1	1	0	1	29414359	0	29414359	29414359	0	29414359	1159	167.99.61.204
5	1	1	0	0	29334581	0	0	29334581	0	0	1159	165.154.172.37
5	0	0	0	1	0	0	29428135	0	0	29428135	0	74.7.241.168
5	0	0	0	5	0	0	29435990	0	0	29433150	0	74.7.241.167
5	0	0	0	17	0	0	29412358	0	0	29397768	0	74.7.230.8
5	1	1	0	0	29327621	0	0	29327621	0	0	1159	185.247.137.54
5	1	1	0	0	29327863	0	0	29327863	0	0	1159	23.27.145.211
5	1	1	0	1	29418663	0	29418663	29418663	0	29418663	1159	138.68.155.195
5	0	0	0	1	0	0	29326243	0	0	29326243	0	4.227.36.120
5	1	1	0	1	29330769	0	29330769	29330769	0	29330769	1159	143.198.74.255
5	1	1	0	0	29327884	0	0	29327884	0	0	1159	138.201.135.169
5	1	1	0	0	29325992	0	0	29325992	0	0	797	106.75.129.36
5	1	1	0	0	29367077	0	0	29367077	0	0	1159	119.163.153.244
5	1	1	0	1	29442563	0	29442563	29442563	0	29442563	1194	104.152.52.209
5	1	1	0	1	29413830	0	29413830	29413830	0	29413830	1159	172.111.15.80
5	1	1	0	0	29369882	0	0	29369882	0	0	1159	23.27.145.190
5	0	0	0	3	0	0	29449647	0	0	29449204	0	74.7.241.152
5	1	1	0	0	29419589	0	0	29419589	0	0	1159	104.252.191.196
5	5	5	4	2	29377146	29377146	29377146	29377146	29377146	29377146	16183	167.94.146.56
5	1	1	0	0	29326763	0	0	29326763	0	0	973	23.27.145.187
5	8	8	0	0	29327132	0	0	29327132	0	0	3892	106.74.80.6
5	0	0	0	2	0	0	29421209	0	0	29421093	0	35.172.216.184
5	0	0	0	2	0	0	29424450	0	0	29424319	0	45.82.13.170
5	0	0	0	4	0	0	29414604	0	0	29413900	0	74.7.241.149
5	0	0	0	4	0	0	29418255	0	0	29417933	0	74.7.241.147
5	1	1	0	0	29367078	0	0	29367078	0	0	3067	110.53.47.85
5	0	0	0	1	0	0	29419437	0	0	29419437	0	74.7.241.143
5	1	1	0	0	29327961	0	0	29327961	0	0	1159	23.27.145.178
5	1	1	0	1	29396784	0	29396784	29396784	0	29396784	1159	134.122.52.29
5	0	0	0	3	0	0	29432673	0	0	29431856	0	74.7.230.60
5	1	1	0	154	29416483	0	29416483	29416483	0	29416482	1159	13.115.63.27
5	0	0	0	2	0	0	29425434	0	0	29424983	0	74.7.241.137
5	1	1	0	0	29326371	0	0	29326371	0	0	973	23.27.145.168
5	5	5	0	7	29419590	0	29419590	29419589	0	29419590	16183	103.4.251.218
5	1	1	0	0	29372366	0	0	29372366	0	0	1159	167.172.228.229
5	0	0	0	1	0	0	29422379	0	0	29422379	0	74.7.230.42
5	2	2	0	2	29341696	0	29341696	29341649	0	29341649	2318	68.183.0.198
5	1	1	0	1	29424314	0	29424314	29424314	0	29424314	1159	157.245.121.152
5	0	0	0	1	0	0	29367287	0	0	29367287	0	74.7.230.39
5	0	0	0	1	0	0	29331546	0	0	29331546	0	213.209.157.253
5	0	0	0	2	0	0	29394274	0	0	29394144	0	74.7.230.36
5	0	0	0	4	0	0	29430050	0	0	29391783	0	74.7.230.35
5	0	0	0	5	0	0	29414026	0	0	29413378	0	74.7.230.34
5	1	1	0	1	29441784	0	29441784	29441784	0	29441784	1159	35.88.46.38
5	1	1	0	0	29371894	0	0	29371894	0	0	1159	34.90.220.251
5	0	0	0	1	0	0	29372835	0	0	29372835	0	176.65.148.212
5	0	0	0	1	0	0	29419479	0	0	29419479	0	74.7.230.29
5	0	0	0	2	0	0	29327832	0	0	29327749	0	213.209.157.244
5	0	0	0	2	0	0	29429272	0	0	29428679	0	45.148.10.238
5	0	0	0	1	0	0	29374678	0	0	29374678	0	3.233.59.216
5	0	0	0	1	0	0	29426582	0	0	29426582	0	74.7.230.20
5	1	1	0	0	29418363	0	0	29418363	0	0	1159	51.254.204.161
5	0	0	0	2	0	0	29328926	0	0	29328742	0	213.209.157.232
5	1	1	0	0	29367077	0	0	29367077	0	0	3067	113.201.88.112
5	0	0	0	1	0	0	29328599	0	0	29328599	0	212.11.64.8
5	0	0	0	1	0	0	29416350	0	0	29416350	0	35.163.58.243
5	1	1	0	0	29425060	0	0	29425060	0	0	1159	34.255.183.225
5	1	1	0	0	29441041	0	0	29441041	0	0	1159	43.163.89.148
5	1	1	0	0	29341150	0	0	29341150	0	0	1159	149.57.180.51
5	2	2	0	4	29421229	0	29423455	29420701	0	29328444	2318	195.178.110.223
5	0	0	0	3	0	0	29393463	0	0	29391599	0	74.7.228.8
5	1	1	0	1	29413830	0	29413830	29413830	0	29413830	1159	89.249.58.107
5	1	1	0	5	29445860	0	29445860	29445860	0	29445860	1194	18.201.136.255
5	0	0	0	3	0	0	29329158	0	0	29327222	0	45.139.104.204
5	1	1	0	0	29373131	0	0	29373131	0	0	1159	159.203.134.209
5	0	0	0	1	0	0	29366040	0	0	29366040	0	74.7.228.0
5	11	11	0	94	29347889	0	29347897	29338608	0	29347889	23137	45.148.10.203
5	1	1	0	1	29325992	0	29325992	29325992	0	29325992	797	104.232.199.32
5	1	1	0	1	29416818	0	29416818	29416818	0	29416818	1159	16.170.167.240
5	1	1	0	0	29434768	0	0	29434768	0	0	1159	23.88.69.86
5	4	4	0	0	29421453	0	0	29415236	0	0	4636	195.178.110.54
5	1	1	0	3	29341912	0	29341912	29341912	0	29341912	1159	47.237.90.178
5	3	3	0	0	29386657	0	0	29353441	0	0	3477	3.146.111.124
5	1	1	0	0	29425133	0	0	29425133	0	0	1159	3.252.63.200
5	1	1	0	0	29367078	0	0	29367078	0	0	1159	101.74.59.19
5	5	5	4	2	29419821	29419821	29419821	29419821	29419821	29419821	16183	206.168.34.33
5	2	2	0	26	29415883	0	29415883	29415451	0	29415451	2318	195.178.110.201
5	1	1	0	1	29436760	0	29436760	29436760	0	29436760	1159	198.199.66.11
5	140	42	10	21	29425284	29422180	29425227	29418076	29418187	29418076	349832	216.73.216.112
5	1	1	0	0	29388115	0	0	29388115	0	0	1159	87.236.176.71
5	0	0	0	1	0	0	29328844	0	0	29328844	0	91.196.152.166
5	4	4	0	0	29421655	0	0	29416107	0	0	4636	44.220.48.213
5	4	4	0	0	29446643	0	0	29424191	0	0	4706	34.221.21.250
5	0	0	0	2	0	0	29421503	0	0	29421493	0	45.139.104.171
5	1	1	0	1	29325992	0	29325992	29325992	0	29325992	797	104.232.199.14
5	1	1	0	0	29367078	0	0	29367078	0	0	4888	39.149.242.108
5	1	1	0	0	29373147	0	0	29373147	0	0	1159	87.236.176.64
5	1	1	0	0	29367078	0	0	29367078	0	0	5910	39.162.191.250
5	80	30	0	173	29340221	0	29340222	29340206	0	29340216	208273	45.148.10.166
5	0	0	0	1	0	0	29367077	0	0	29367077	0	120.82.83.154
5	2	2	0	0	29437187	0	0	29436768	0	0	2318	44.218.6.122
z	0	142	16	29418392	0
z	3	91	76	29329226	74600
z	4	1410	848	29449204	3047121
z	5	1	0	29326265	33649
c	200	1632	29449204
c	301	95	29447247
c	302	1	29409090
c	304	12	29327875
c	403	44	29447247
c	404	1438	29449647
c	499	4	29443754
c	500	3	29326284
