CACHE type 5 produced by analog 6.0/Unix. Do not modify or delete!
T	0	0	433	373	3	2150	585784
D	29317802	29449513
20359	168	18	6	6315
20359	169	2	2	3406
20359	170	1	1	1885
20359	171	1	1	2118
20359	177	2	2	7036
20359	189	4	4	14172
20359	193	8	8	28344
20359	236	2	2	7086
20360	21	1	1	3543
20360	23	2	2	7086
20360	25	1	1	3543
20360	26	1	1	3543
20360	58	4	4	14172
20360	91	1	1	3543
20360	95	1	1	3543
20360	101	1	1	3543
20360	139	1	1	3543
20360	146	2	2	7086
20360	154	1	1	3543
20360	190	3	3	10629
20360	214	1	1	3543
20361	101	1	1	3543
20361	163	1	1	3543
20361	169	3	2	10629
20361	226	1	1	3543
20361	285	1	1	3543
20362	104	1	1	3543
20362	210	2	2	1524
20363	83	2	2	1524
20363	126	1	1	762
20364	114	1	1	762
20364	235	2	2	1524
20365	46	1	1	762
20365	67	1	1	762
20365	107	1	1	762
20365	127	1	1	762
20365	133	1	1	0
20365	221	1	1	762
20366	159	1	1	762
20366	226	2	1	2717
20366	227	3	2	3480
20366	257	2	2	1524
20369	9	1	1	762
20369	29	1	1	762
20369	62	1	1	0
20369	78	3	2	3480
20371	132	1	1	762
20371	134	1	1	762
20371	286	1	1	762
20372	62	1	1	0
20372	98	1	1	762
20372	104	1	1	762
20372	138	1	1	762
20372	143	1	1	762
20372	180	2	2	762
20372	201	3	3	2286
20373	84	1	1	762
20373	85	2	2	1524
20373	92	1	1	762
20373	97	1	1	762
20373	104	1	1	762
20373	117	1	1	762
20373	130	1	1	762
20373	146	1	1	762
20373	152	1	1	762
20373	247	1	1	762
20374	27	3	3	2286
20374	46	1	1	762
20374	133	1	1	762
20375	103	1	1	762
20376	98	1	1	762
20378	136	1	1	762
20380	94	1	1	762
20381	216	1	1	762
20381	225	1	1	762
20381	226	2	2	1524
20382	97	2	1	2719
20382	98	1	0	1957
20384	247	3	3	2286
20385	86	1	1	762
20385	141	1	1	762
20387	116	1	1	762
20389	118	10	8	9983
20389	119	2	1	2717
20389	121	2	2	1524
20389	135	1	1	762
20389	137	1	1	762
20389	138	2	2	1524
20389	190	3	3	2286
20389	262	1	1	762
20390	28	3	3	2286
20390	102	1	1	762
20390	127	1	1	762
20390	128	1	1	762
20390	154	1	1	762
20390	159	1	1	762
20390	164	2	2	1524
20390	200	1	1	762
20390	205	1	1	762
20390	211	1	1	762
20390	276	3	2	3480
20391	89	1	1	762
20391	131	1	1	762
20392	74	1	1	762
20392	102	1	1	762
20392	124	4	2	4648
20392	135	1	1	762
20392	273	2	1	2716
20393	108	1	1	762
20393	133	1	1	0
20393	135	1	1	762
20395	103	1	1	762
20397	12	1	1	762
20398	161	1	1	762
20398	193	1	1	0
20399	142	1	1	762
20400	157	1	1	762
20400	261	1	1	762
20401	66	1	1	762
20402	101	1	1	762
20402	164	1	1	762
20404	130	1	1	762
20404	153	1	1	762
20404	157	1	1	0
20407	81	1	1	762
20407	114	1	1	762
20407	121	1	1	0
20407	287	1	1	762
20408	180	1	1	762
20408	203	1	1	762
20410	215	1	1	762
20411	48	1	1	762
20411	86	1	1	0
20412	191	3	3	2286
20413	26	1	1	762
20413	95	1	1	762
20414	102	2	2	1524
20415	15	1	1	762
20415	104	1	1	762
20415	121	1	1	0
20418	123	1	1	762
20420	147	2	0	128
20420	148	16	6	5442
20420	154	1	1	762
20420	155	1	1	762
20421	65	1	1	762
20421	87	1	1	762
20421	96	2	2	1524
20421	98	1	1	762
20421	102	1	1	762
20421	125	1	1	762
20421	189	2	2	1524
20421	226	1	1	762
20422	101	3	3	2286
20422	110	1	1	762
20422	245	20	0	152760
20423	51	1	1	762
20423	74	3	3	2286
20423	108	1	1	762
20423	122	1	1	762
20423	131	2	2	1524
20423	139	1	1	762
20423	161	1	1	762
20423	253	3	3	2286
20423	260	1	1	762
20424	86	1	1	762
20424	121	1	1	762
20424	228	3	3	2286
20424	249	1	1	762
20425	48	6	6	4572
20425	85	1	1	762
20425	91	1	1	762
20425	98	1	1	762
20425	136	1	1	762
20425	140	1	1	762
20425	169	3	3	2286
20425	222	5	5	3810
20426	105	1	1	762
20426	119	3	3	2286
20426	151	1	1	762
20426	153	1	1	762
20426	157	1	1	762
20426	176	3	3	2286
20426	255	2	2	1524
20427	94	1	1	762
20427	109	3	3	2286
20428	38	1	1	762
20428	87	1	1	762
20428	102	1	1	762
20428	112	1	1	762
20428	152	3	3	2286
20428	158	1	1	0
20428	179	1	1	762
20429	34	1	1	762
20429	81	2	2	1524
20429	103	1	1	762
20429	140	1	1	762
20430	42	1	1	762
20430	166	1	1	762
20430	189	1	1	0
20431	14	2	2	1524
20431	96	1	1	762
20431	140	1	1	762
20431	145	1	1	762
20431	152	1	1	762
20432	0	1	1	762
20432	51	1	1	0
20432	77	3	3	2286
20432	103	1	1	762
20432	159	2	2	1524
20432	251	2	2	1524
20432	258	2	2	1524
20433	56	1	1	762
20433	61	3	3	2286
20433	86	1	1	762
20434	161	1	1	762
20435	200	1	1	762
20436	48	3	3	2286
20436	145	1	1	762
20436	198	1	1	762
20437	61	1	1	762
20437	66	3	3	2286
20440	30	1	1	762
20440	142	1	1	762
20440	283	1	1	762
20441	96	1	1	762
20441	145	2	1	2721
20441	228	1	1	762
20442	84	1	1	762
20442	172	1	1	762
20442	215	2	1	2717
20442	251	1	1	762
20443	87	3	3	2286
20443	161	1	1	762
20443	208	1	1	762
20444	132	3	3	2286
20444	279	3	3	2286
20445	65	3	3	2286
20446	48	2	1	2717
20446	65	3	3	2286
20446	95	3	3	2286
20446	116	1	1	762
20446	175	1	1	762
20447	54	3	3	2286
20447	117	1	1	762
20447	143	1	1	762
20448	173	1	1	762
20449	84	1	1	762
20449	94	1	1	762
20449	131	1	1	762
20449	171	1	1	762
20450	54	1	1	762
20450	228	1	1	762
1	0	0	0	28	0	0	29443951	0	0	29318692	0	/wp/wp-includes/wlwmanifest.xml
1	0	0	0	4	0	0	29418167	0	0	29349773	0	/.env.local
1	0	0	0	1	0	0	29413113	0	0	29413113	0	/backend/payment.js
1	0	0	0	1	0	0	29413112	0	0	29413112	0	/dist/js/main.js
1	0	0	0	5	0	0	29423370	0	0	29413113	0	/storage/logs/laravel.log
1	0	0	0	4	0	0	29418168	0	0	29349774	0	/config.js
1	0	0	0	3	0	0	29418172	0	0	29409783	0	/config/application.yml
1	0	0	0	1	0	0	29413113	0	0	29413113	0	/backend/stripe.js
1	0	0	0	1	0	0	29413113	0	0	29413113	0	/Dockerfile
1	0	0	0	1	0	0	29325335	0	0	29325335	0	/core/Datavase/.env
1	0	0	0	3	0	0	29418172	0	0	29409783	0	/static/js/main.js
1	0	0	0	3	0	0	29418171	0	0	29409782	0	/stripe.yaml
1	0	0	0	1	0	0	29413113	0	0	29413113	0	/admin/controllers/payment.js
1	0	0	0	2	0	0	29418172	0	0	29413112	0	/js/main.js
1	0	0	0	1	0	0	29413112	0	0	29413112	0	/src/stripe.js
1	0	0	0	1	0	0	29413113	0	0	29413113	0	/stripe/config
1	0	0	0	5	0	0	29418167	0	0	29409779	0	/.env.secret
1	0	0	0	1	0	0	29413113	0	0	29413113	0	/pages/api/stripe.js
1	0	0	0	1	0	0	29413113	0	0	29413113	0	/api/payment.js
1	0	0	0	1	0	0	29349772	0	0	29349772	0	/mailer/.env
1	0	0	0	1	0	0	29413113	0	0	29413113	0	/server/stripe.js
1	0	0	0	1	0	0	29325336	0	0	29325336	0	/vendor/phpunit/src/Util/PHP/eval-stdin.php
1	0	0	0	1	0	0	29413113	0	0	29413113	0	/openapi.yml
1	0	0	0	1	0	0	29413113	0	0	29413113	0	/logs/payment.log
1	0	0	0	4	0	0	29418168	0	0	29349773	0	/crm/.env
1	0	0	0	36	0	0	29423370	0	0	29317803	0	/.env
1	0	0	0	3	0	0	29418172	0	0	29409782	0	/config/local.yml
1	0	0	0	3	0	0	29418172	0	0	29409782	0	/config/checkout.js
1	0	0	0	1	0	0	29325336	0	0	29325336	0	/sites/all/libraries/mailchimp/vendor/phpunit/phpunit/src/Util/PHP/eval-stdin.php
1	0	0	0	1	0	0	29413113	0	0	29413113	0	/admin/stripe.js
1	0	0	0	1	0	0	29325336	0	0	29325336	0	/wp-content/plugins/cloudflare/vendor/phpunit/phpunit/src/Util/PHP/eval-stdin.php
1	0	0	0	1	0	0	29413113	0	0	29413113	0	/public/settings.json
1	0	0	0	1	0	0	29349773	0	0	29349773	0	/service/email_service.py
1	0	0	0	3	0	0	29418172	0	0	29409782	0	/config/stripe.js
1	0	0	0	1	0	0	29413113	0	0	29413113	0	/middleware/payment.js
1	0	0	0	1	0	0	29349771	0	0	29349771	0	/_profiler/phpinfo/phpinfo.php
1	0	0	0	1	0	0	29325336	0	0	29325336	0	/lib/phpunit/src/Util/PHP/eval-stdin.php
1	0	0	0	1	0	0	29413113	0	0	29413113	0	/api/secrets
1	0	0	0	1	0	0	29413113	0	0	29413113	0	/api/stripe
1	0	0	0	3	0	0	29418172	0	0	29409783	0	/keys.json
1	0	0	0	1	0	0	29413113	0	0	29413113	0	/backend/config/production.yml
1	0	0	0	4	0	0	29418168	0	0	29349773	0	/website/.env
1	0	0	0	1	0	0	29413113	0	0	29413113	0	/app.py
1	0	0	0	1	0	0	29319170	0	0	29319170	0	/wordpress/
1	0	0	0	2	0	0	29418172	0	0	29413112	0	/static/js/app.js
1	0	0	0	1	0	0	29349771	0	0	29349771	0	/_profiler/phpinfo/info.php
1	0	0	0	1	0	0	29325336	0	0	29325336	0	/vendor/phpunit/phpunit/Util/PHP/eval-stdin.php
1	0	0	0	3	0	0	29418172	0	0	29409783	0	/application-production.properties
1	0	0	0	4	0	0	29418168	0	0	29349772	0	/www/.env
1	0	0	0	1	0	0	29349773	0	0	29349773	0	/scripts/nodemailer.js
1	0	0	0	1	0	0	29413113	0	0	29413113	0	/.circleci/config.yml
1	0	0	0	3	0	0	29418168	0	0	29409780	0	/billing/.env
1	0	0	0	3	0	0	29418168	0	0	29409780	0	/.env.swp
1	0	0	0	1	0	0	29413113	0	0	29413113	0	/.gitignore
1	0	0	0	1	0	0	29413113	0	0	29413113	0	/constants.py
1	0	0	0	3	0	0	29418168	0	0	29409780	0	/checkout/.env
1	0	0	0	1	0	0	29413113	0	0	29413113	0	/dist/
1	0	0	0	1	0	0	29325336	0	0	29325336	0	/old/vendor/phpunit/phpunit/src/Util/PHP/eval-stdin.php
1	1	0	0	0	29408908	0	0	29408908	0	0	7638	/cgi-sys/suspendedpage.cgi/site/wp-includes/wlwmanifest.xml
1	0	0	0	1	0	0	29325335	0	0	29325335	0	/saas/.env
1	0	0	0	1	0	0	29325335	0	0	29325335	0	/.production
1	0	0	0	3	0	0	29418172	0	0	29409783	0	/api-keys.json
1	0	0	0	1	0	0	29325335	0	0	29325335	0	/admin/vendor/phpunit/phpunit/src/Util/PHP/eval-stdin.php
1	1	0	0	0	29408908	0	0	29408908	0	0	7638	/cgi-sys/suspendedpage.cgi/2019/wp-includes/wlwmanifest.xml
1	0	0	0	28	0	0	29443951	0	0	29318692	0	/wp1/wp-includes/wlwmanifest.xml
1	0	0	0	8	0	0	29412241	0	0	29317803	0	/@vite/env
1	0	0	0	28	0	0	29443951	0	0	29318692	0	/site/wp-includes/wlwmanifest.xml
1	0	0	0	3	0	0	29418172	0	0	29409783	0	/config/prod.js
1	0	0	0	3	0	0	29418168	0	0	29409781	0	/server/.env.production
1	0	0	0	8	0	0	29442718	0	0	29319354	0	/2020/wp-includes/wlwmanifest.xml
1	0	0	0	28	0	0	29443951	0	0	29318692	0	/2019/wp-includes/wlwmanifest.xml
1	0	0	0	3	0	0	29418171	0	0	29409782	0	/api.js
1	0	0	0	3	0	0	29418168	0	0	29409782	0	/microservices/.env
1	0	0	0	2	0	0	29418172	0	0	29413112	0	/static/js/bundle.js
1	0	0	0	1	0	0	29413113	0	0	29413113	0	/src/payment.js
1	0	0	0	1	0	0	29413113	0	0	29413113	0	/api/credentials
1	0	0	0	1	0	0	29349773	0	0	29349773	0	/node/.env_example
1	0	0	0	1	0	0	29325335	0	0	29325335	0	/administrator/.env
1	0	0	0	3	0	0	29418172	0	0	29409782	0	/stripe_keys.js
1	0	0	0	3	0	0	29418167	0	0	29409779	0	/.env.secrets
1	0	0	0	3	0	0	29418171	0	0	29409782	0	/app.js
1	0	0	0	1	0	0	29413113	0	0	29413113	0	/.well-known/stripe
1	0	0	0	1	0	0	29413113	0	0	29413113	0	/app.log
1	0	0	0	1	0	0	29349772	0	0	29349772	0	/laravel/core/.env
1	0	0	0	3	0	0	29418172	0	0	29349773	0	/static/js/2.ca066a4b.chunk.js
1	0	0	0	3	0	0	29418172	0	0	29409783	0	/application-prod.properties
1	0	0	0	3	0	0	29338357	0	0	29337774	0	/test
1	0	0	0	1	0	0	29325335	0	0	29325335	0	/backup/vendor/phpunit/phpunit/src/Util/PHP/eval-stdin.php
1	0	0	0	3	0	0	29418172	0	0	29409783	0	/constants.js
1	0	0	0	2	0	0	29418172	0	0	29413112	0	/static/js/vendors.js
1	5	0	0	0	29317802	0	0	29317802	0	0	435	/.well-known/acme-challenge/uFdFMnW9k9ja_mVvqky-jjatK9A13eF9GCvYBSWbexs
1	0	0	0	1	0	0	29413113	0	0	29413113	0	/payment/config
1	0	0	0	1	0	0	29413113	0	0	29413113	0	/swagger.js
1	0	0	0	1	0	0	29413113	0	0	29413113	0	/node_modules/stripe/package.json
1	0	0	0	1	0	0	29413113	0	0	29413113	0	/backend/config/development.yml
1	0	0	0	1	0	0	29413113	0	0	29413113	0	/controller/admin/post.js
1	0	0	0	1	0	0	29349772	0	0	29349772	0	/lara/phpinfo.php
1	0	0	0	6	0	0	29412241	0	0	29360751	0	/webjars/swagger-ui/
1	0	0	0	9	0	0	29349496	0	0	29329419	0	/robots.txt?34.143.181.194
1	0	0	0	5	0	0	29423370	0	0	29413113	0	/debug.log
1	0	0	0	28	0	0	29443951	0	0	29318692	0	/wp-includes/wlwmanifest.xml
1	0	0	0	6	0	0	29416831	0	0	29326239	0	/blog/xmlrpc.php
1	0	0	0	1	0	0	29413113	0	0	29413113	0	/static/stripe.json
1	0	0	0	12	0	0	29423370	0	0	29320689	0	/test.php
1	0	0	0	1	0	0	29413113	0	0	29413113	0	/api/config/config.js
1	0	0	0	15	0	0	29423370	0	0	29319473	0	/_profiler/phpinfo
1	0	0	0	1	0	0	29349772	0	0	29349772	0	/xampp/.env
1	1	0	0	0	29408908	0	0	29408908	0	0	7638	/cgi-sys/suspendedpage.cgi/news/wp-includes/wlwmanifest.xml
1	0	0	0	1	0	0	29413113	0	0	29413113	0	/pages/api/payment.js
1	0	0	0	8	0	0	29412241	0	0	29317803	0	/server-status
1	0	0	0	5	0	0	29418167	0	0	29349773	0	/.env.production.local
1	0	0	0	4	0	0	29363485	0	0	29319473	0	/tool/view/phpinfo.view.php
1	0	0	0	2	0	0	29418172	0	0	29413112	0	/static/js/chunk.js
1	0	0	0	28	0	0	29443951	0	0	29318692	0	/news/wp-includes/wlwmanifest.xml
1	0	0	0	4	0	0	29423370	0	0	29420711	0	/.env.js
1	0	0	0	8	0	0	29412241	0	0	29317803	0	/.DS_Store
1	0	0	0	1	0	0	29413113	0	0	29413113	0	/server/payment.js
1	0	0	0	8	0	0	29412241	0	0	29317803	0	/telescope/requests
1	0	0	0	1	0	0	29325336	0	0	29325336	0	/phpunit/phpunit/src/Util/PHP/eval-stdin.php
1	0	0	0	1	0	0	29413113	0	0	29413113	0	/stripe.py
1	0	0	0	1	0	0	29413113	0	0	29413113	0	/controllers/settings.js
1	0	0	0	1	0	0	29413113	0	0	29413113	0	/utils/payment.js
1	0	0	0	1	0	0	29413113	0	0	29413113	0	/src/constants.js
1	0	0	0	1	0	0	29413113	0	0	29413113	0	/nuxt.config.js
1	0	0	0	1	0	0	29325336	0	0	29325336	0	/lib/phpunit/phpunit/Util/PHP/eval-stdin.php
1	0	0	0	2	0	0	29413113	0	0	29349774	0	/shared/config/config.js
1	0	0	0	1	0	0	29325336	0	0	29325336	0	/demo/vendor/phpunit/phpunit/src/Util/PHP/eval-stdin.php
1	0	0	0	3	0	0	29418168	0	0	29409780	0	/.env~
1	0	0	0	2	0	0	29418172	0	0	29413112	0	/static/js/main.chunk.js
1	0	0	0	3	0	0	29418171	0	0	29409782	0	/stripe.json
1	0	0	0	3	0	0	29418168	0	0	29409782	0	/functions/.env
1	0	0	0	8	0	0	29412241	0	0	29317803	0	/debug/default/view?panel=config
1	0	0	0	1	0	0	29325335	0	0	29325335	0	/core/app/.env
1	0	0	0	3	0	0	29418172	0	0	29409782	0	/config/credentials.js
1	0	0	0	1	0	0	29349772	0	0	29349772	0	/node_modules/.env
1	0	0	0	16	0	0	29423370	0	0	29319473	0	/phpinfo.php
1	1	0	0	0	29408908	0	0	29408908	0	0	7638	/cgi-sys/suspendedpage.cgi/shop/wp-includes/wlwmanifest.xml
1	0	0	0	4	0	0	29418168	0	0	29349770	0	/env/.env
1	0	0	0	1	0	0	29413113	0	0	29413113	0	/api/settings
1	0	0	0	1	0	0	29413113	0	0	29413113	0	/backend/config/default.yml
1	0	0	0	2	0	0	29349772	0	0	29325335	0	/laravel/.env
1	0	0	0	28	0	0	29443951	0	0	29318692	0	/shop/wp-includes/wlwmanifest.xml
1	0	0	0	1	0	0	29413113	0	0	29413113	0	/configs/routes.js
1	0	0	0	1	0	0	29413113	0	0	29413113	0	/stripe.bak
1	0	0	0	4	0	0	29423370	0	0	29420711	0	/config/database.yml
1	0	0	0	28	0	0	29443951	0	0	29318692	0	/wp2/wp-includes/wlwmanifest.xml
1	0	0	0	4	0	0	29423370	0	0	29420711	0	/dashboard/info.php
1	0	0	0	1	0	0	29365101	0	0	29365101	0	/error/favicon.ico
1	0	0	0	3	0	0	29418172	0	0	29409782	0	/config/settings.yml
1	0	0	0	3	0	0	29418171	0	0	29409782	0	/stripe.config.js
1	0	0	0	1	0	0	29413113	0	0	29413113	0	/admin/payment
1	0	0	0	3	0	0	29418172	0	0	29409783	0	/constants.json
1	0	0	0	2	0	0	29418172	0	0	29413112	0	/static/js/vendor.js
1	0	0	0	1	0	0	29413113	0	0	29413113	0	/user/config/config.js
1	0	0	0	3	0	0	29418171	0	0	29409782	0	/stripe.js
1	1	1	0	0	29392270	0	0	29392270	0	0	0	/julianhesse/?172.182.204.83
1	0	0	0	1	0	0	29413113	0	0	29413113	0	/swagger.yml
1	0	0	0	1	0	0	29413113	0	0	29413113	0	/gatsby-config.js
1	0	0	0	3	0	0	29418168	0	0	29409781	0	/client/.env
1	0	0	0	1	0	0	29325335	0	0	29325335	0	/lab/.env
1	0	0	0	10	0	0	29423370	0	0	29337774	0	/.env.production
1	0	0	0	6	0	0	29412241	0	0	29360751	0	/api/graphql
1	0	0	0	1	0	0	29413113	0	0	29413113	0	/admin/controllers/partner.js
1	0	0	0	3	0	0	29418172	0	0	29409782	0	/payments.js
1	0	0	0	2	0	0	29418172	0	0	29413112	0	/public/js/config.js
1	0	0	0	8	0	0	29412241	0	0	29317803	0	/actuator/env
1	0	0	0	1	0	0	29325335	0	0	29325335	0	/.local
1	0	0	0	5	0	0	29423370	0	0	29413113	0	/.env.development
1	0	0	0	1	0	0	29413113	0	0	29413113	0	/.travis.yml
1	0	0	0	1	0	0	29325335	0	0	29325335	0	/tools/.env
1	0	0	0	5	0	0	29418168	0	0	29349772	0	/docker/.env
1	0	0	0	1	0	0	29413113	0	0	29413113	0	/billing/config
1	0	0	0	4	0	0	29418168	0	0	29349772	0	/js/.env
1	0	0	0	1	0	0	29413112	0	0	29413112	0	/assets/js/app.js
1	0	0	0	3	0	0	29418171	0	0	29409782	0	/config.yaml
1	0	0	0	1	0	0	29413113	0	0	29413113	0	/src/lib/stripe.js
1	0	0	0	5	0	0	29423370	0	0	29413113	0	/logs/error.log
1	0	0	0	3	0	0	29418172	0	0	29409782	0	/payment.json
1	0	0	0	1	0	0	29325336	0	0	29325336	0	/blog/vendor/phpunit/phpunit/src/Util/PHP/eval-stdin.php
1	0	0	0	1	0	0	29325336	0	0	29325336	0	/panel/vendor/phpunit/phpunit/src/Util/PHP/eval-stdin.php
1	0	0	0	1	0	0	29413113	0	0	29413113	0	/billing.py
1	0	0	0	1	0	0	29349773	0	0	29349773	0	/admin/server_info.php
1	0	0	0	3	0	0	29418172	0	0	29409783	0	/credentials.json
1	0	0	0	8	0	0	29412241	0	0	29317803	0	/.vscode/sftp.json
1	0	0	0	1	0	0	29413113	0	0	29413113	0	/modules/stripe.js
1	0	0	0	7	0	0	29413113	0	0	29360751	0	/graphql
1	0	0	0	1	0	0	29413113	0	0	29413113	0	/admin/settings.js
1	1	0	0	0	29405537	0	0	29405537	0	0	64	/.well-known/acme-challenge/762IMFAHT1W477KO3_NDL8LLAKBWND3M
1	0	0	0	1	0	0	29413112	0	0	29413112	0	/assets/js/config.js
1	0	0	0	1	0	0	29413113	0	0	29413113	0	/config/storage.yml
1	0	0	0	3	0	0	29418172	0	0	29409783	0	/config/parameters.yml
1	0	0	0	6	0	0	29412241	0	0	29360751	0	/v3/api-docs
1	1	0	0	0	29408908	0	0	29408908	0	0	7638	/cgi-sys/suspendedpage.cgi/wp1/wp-includes/wlwmanifest.xml
1	0	0	0	1	0	0	29413113	0	0	29413113	0	/package-lock.json
1	0	0	0	1	0	0	29325336	0	0	29325336	0	/phpunit/Util/PHP/eval-stdin.php
1	0	0	0	3	0	0	29418171	0	0	29409782	0	/stripe.yml
1	0	0	0	3	0	0	29338357	0	0	29337774	0	/i.php
1	0	0	0	1	0	0	29413113	0	0	29413113	0	/api/payment
1	0	0	0	1	0	0	29413113	0	0	29413113	0	/package.json
1	0	0	0	1	0	0	29325336	0	0	29325336	0	/protected/vendor/phpunit/phpunit/src/Util/PHP/eval-stdin.php
1	0	0	0	3	0	0	29418172	0	0	29409782	0	/payments.json
1	0	0	0	2	0	0	29413112	0	0	29413112	0	/build/static/js/bundle.js
1	0	0	0	28	0	0	29443951	0	0	29318692	0	/web/wp-includes/wlwmanifest.xml
1	1	0	0	0	29317802	0	0	29317802	0	0	64	/.well-known/acme-challenge/BN605EZXW1IFPDNH-UPEZBXK_0OF8OO1
1	0	0	0	3	0	0	29418172	0	0	29409782	0	/config/local.js
1	0	0	0	1	0	0	29349771	0	0	29349771	0	/new/.env.staging
1	0	0	0	3	0	0	29418172	0	0	29409782	0	/payment.config.json
1	0	0	0	3	0	0	29418172	0	0	29409783	0	/settings.json
1	10	10	0	0	29345002	0	0	29321802	0	0	10401	/?34.143.181.194
1	0	0	0	4	0	0	29418168	0	0	29349773	0	/.env_sample
1	0	0	0	1	0	0	29413113	0	0	29413113	0	/stripe.log
1	0	0	0	4	0	0	29418167	0	0	29349773	0	/.env.prod
1	0	0	0	3	0	0	29418172	0	0	29409782	0	/config/production.js
1	0	0	0	5	0	0	29418168	0	0	29325335	0	/admin/.env
1	0	0	0	1	0	0	29325335	0	0	29325335	0	/v1/.env
1	0	0	0	3	0	0	29418172	0	0	29409782	0	/billing.js
1	0	0	0	6	0	0	29418168	0	0	29337774	0	/.env.backup
1	0	0	0	1	0	0	29413113	0	0	29413113	0	/routes/checkout.js
1	0	0	0	6	0	0	29412241	0	0	29360751	0	/swagger-ui.html
1	8	8	0	0	29412241	0	0	29317803	0	0	6701	/?rest_route=/wp/v2/users/
1	0	0	0	8	0	0	29412241	0	0	29317803	0	/_all_dbs
1	1	0	0	0	29408908	0	0	29408908	0	0	7638	/cgi-sys/suspendedpage.cgi/wordpress/wp-includes/wlwmanifest.xml
1	0	0	0	1	0	0	29413113	0	0	29413113	0	/backend/config/settings.yml
1	0	0	0	3	0	0	29418168	0	0	29409781	0	/server/.env
1	0	0	0	4	0	0	29418168	0	0	29349773	0	/config.env
1	0	0	0	1	0	0	29413113	0	0	29413113	0	/openapi.json
1	0	0	0	1	0	0	29325336	0	0	29325336	0	/wp-content/plugins/dzs-videogallery/class_parts/vendor/phpunit/phpunit/src/Util/PHP/eval-stdin.php
1	0	0	0	1	0	0	29413113	0	0	29413113	0	/api/config.js
1	0	0	0	1	0	0	29413113	0	0	29413113	0	/yarn.lock
1	0	0	0	85	0	0	29445986	0	0	29317805	0	/favicon.ico
1	0	0	0	1	0	0	29413113	0	0	29413113	0	/user/controllers/index.js
1	0	0	0	3	0	0	29418172	0	0	29409782	0	/config/stripe.json
1	0	0	0	3	0	0	29338357	0	0	29337774	0	/info
1	0	0	0	34	0	0	29443951	0	0	29318692	0	/xmlrpc.php?rsd
1	0	0	0	3	0	0	29418172	0	0	29409782	0	/config/credentials.json
1	0	0	0	17	0	0	29423370	0	0	29319473	0	/api/.env
1	0	0	0	11	0	0	29423370	0	0	29337774	0	/backend/.env
1	0	0	0	1	0	0	29325335	0	0	29325335	0	/lib/.env
1	0	0	0	6	0	0	29412241	0	0	29360751	0	/graphql/api
1	0	0	0	1	0	0	29325335	0	0	29325335	0	/.remote
1	0	0	0	3	0	0	29418172	0	0	29409783	0	/secrets.json
1	0	0	0	1	0	0	29413113	0	0	29413113	0	/controllers/stripe.js
1	0	0	0	3	0	0	29338357	0	0	29337774	0	/php.php
1	0	0	0	2	0	0	29413113	0	0	29349773	0	/server/config/database.js
1	0	0	0	3	0	0	29418172	0	0	29409782	0	/payments.config.js
1	0	0	0	1	0	0	29413112	0	0	29413112	0	/public/js/bundle.js
1	0	0	0	3	0	0	29338357	0	0	29337774	0	/.env.dev
1	0	0	0	4	0	0	29418168	0	0	29349772	0	/main/.env
1	0	0	0	3	0	0	29418168	0	0	29409782	0	/services/.env
1	0	0	0	1	0	0	29325335	0	0	29325335	0	/assets/.env
1	0	0	0	1	0	0	29413113	0	0	29413113	0	/config/settings.prod
1	0	0	0	1	0	0	29349774	0	0	29349774	0	/config/aws.yml
1	0	0	0	1	0	0	29413113	0	0	29413113	0	/controllers/checkout.js
1	0	0	0	3	0	0	29418168	0	0	29409781	0	/api/.env.production
1	0	0	0	1	0	0	29413113	0	0	29413113	0	/services/checkout.js
1	0	0	0	3	0	0	29418172	0	0	29409782	0	/config/production.json
1	0	0	0	3	0	0	29418172	0	0	29409782	0	/config/payments.js
1	0	0	0	2	0	0	29413113	0	0	29413113	0	/admin/config
1	0	0	0	6	0	0	29416831	0	0	29326239	0	/blog/?author=1
1	0	0	0	1	0	0	29413113	0	0	29413113	0	/api/checkout.js
1	0	0	0	1	0	0	29325336	0	0	29325336	0	/dev/vendor/phpunit/phpunit/src/Util/PHP/eval-stdin.php
1	0	0	0	1	0	0	29413113	0	0	29413113	0	/payment.py
1	5	0	0	0	29317802	0	0	29317802	0	0	435	/.well-known/acme-challenge/PPNp5woOeuvXCtvoqSAbZdZ7dcZqgmYvzbR4LrVL-xU
1	0	0	0	3	0	0	29418172	0	0	29409783	0	/api-keys.js
1	0	0	0	1	0	0	29413113	0	0	29413113	0	/.htaccess
1	0	0	0	1	0	0	29325336	0	0	29325336	0	/new/vendor/phpunit/phpunit/src/Util/PHP/eval-stdin.php
1	0	0	0	1	0	0	29413113	0	0	29413113	0	/services/payment.js
1	0	0	0	3	0	0	29418171	0	0	29409782	0	/index.js
1	0	0	0	1	0	0	29413112	0	0	29413112	0	/assets/js/bundle.js
1	0	0	0	4	0	0	29418168	0	0	29349773	0	/application/.env
1	0	0	0	1	0	0	29413113	0	0	29413113	0	/api/config/stripe.js
1	0	0	0	3	0	0	29418168	0	0	29409781	0	/backend/.env.local
1	0	0	0	3	0	0	29418172	0	0	29409783	0	/appsettings.Production.json
1	0	0	0	1	0	0	29413113	0	0	29413113	0	/.circleci/configs/development.yml
1	0	0	0	2	0	0	29418172	0	0	29413112	0	/js/payment.js
1	0	0	0	3	0	0	29418172	0	0	29409782	0	/config/stripe.yml
1	0	0	0	1	0	0	29413113	0	0	29413113	0	/vendor/stripe/
1	0	0	0	4	0	0	29412199	0	0	29336251	0	/wp-login.php
1	0	0	0	3	0	0	29418168	0	0	29409780	0	/live/.env
1	0	0	0	1	0	0	29413113	0	0	29413113	0	/payment.log
1	0	0	0	1	0	0	29413113	0	0	29413113	0	/static/config.json
1	0	0	0	3	0	0	29338357	0	0	29337774	0	/phpversion.php
1	1	0	0	0	29405537	0	0	29405537	0	0	64	/.well-known/acme-challenge/20YYU9DX2ARUKGKPR2922WJW-2I94RS4
1	0	0	0	6	0	0	29416831	0	0	29326239	0	/blog/robots.txt
1	0	0	0	1	0	0	29413113	0	0	29413113	0	/apis/config/config.js
1	0	0	0	3	0	0	29418172	0	0	29409783	0	/config/live.js
1	0	0	0	3	0	0	29418168	0	0	29409781	0	/backend/.env.production
1	1	0	0	0	29408908	0	0	29408908	0	0	7638	/cgi-sys/suspendedpage.cgi/wp2/wp-includes/wlwmanifest.xml
1	0	0	0	3	0	0	29418167	0	0	29409779	0	/.env.private
1	0	0	0	3	0	0	29418172	0	0	29409782	0	/config/local.json
1	0	0	0	1	0	0	29433355	0	0	29433355	0	/.git/config?45.148.10.160
1	0	0	0	1	0	0	29413113	0	0	29413113	0	/.env.test
1	0	0	0	1	0	0	29325336	0	0	29325336	0	/cms/vendor/phpunit/phpunit/src/Util/PHP/eval-stdin.php
1	0	0	0	4	0	0	29418168	0	0	29349771	0	/new/.env.production
1	0	0	0	3	0	0	29418172	0	0	29409782	0	/stripe-secret.js
1	0	0	0	3	0	0	29418168	0	0	29409781	0	/api/.env.local
1	0	0	0	3	0	0	29418172	0	0	29409782	0	/config/billing.js
1	0	0	0	1	0	0	29413113	0	0	29413113	0	/api/stripe/config
1	0	0	0	3	0	0	29418172	0	0	29409782	0	/payment.config.js
1	0	0	0	2	0	0	29418172	0	0	29413112	0	/js/checkout.js
1	0	0	0	1	0	0	29325336	0	0	29325336	0	/wp-content/plugins/mm-plugin/inc/vendors/vendor/phpunit/phpunit/src/Util/PHP/eval-stdin.php
1	0	0	0	1	0	0	29420147	0	0	29420147	0	/.git/refs/remotes/origin/HEAD
1	0	0	0	1	0	0	29413113	0	0	29413113	0	/out/
1	0	0	0	1	0	0	29413113	0	0	29413113	0	/api/payment/config
1	0	0	0	3	0	0	29418168	0	0	29409780	0	/.env.save
1	0	0	0	1	0	0	29413113	0	0	29413113	0	/server/config/payment.js
1	0	0	0	4	0	0	29418172	0	0	29349774	0	/appsettings.json
1	0	0	0	1	0	0	29413113	0	0	29413113	0	/partner/config/config.js
1	0	0	0	3	0	0	29418172	0	0	29409782	0	/payment.js
1	0	0	0	4	0	0	29418168	0	0	29349770	0	/portal/.env
1	0	0	0	1	0	0	29413113	0	0	29413113	0	/vite.config.js
1	0	0	0	4	0	0	29418172	0	0	29349774	0	/config/constants.js
1	0	0	0	4	0	0	29418168	0	0	29349773	0	/.env.old
1	0	0	0	4	0	0	29418171	0	0	29349774	0	/main.js
1	0	0	0	1	0	0	29325336	0	0	29325336	0	/www/vendor/phpunit/phpunit/src/Util/PHP/eval-stdin.php
1	0	0	0	2	0	0	29413112	0	0	29413112	0	/build/main.js
1	0	0	0	6	0	0	29412241	0	0	29360751	0	/swagger/v1/swagger.json
1	0	0	0	1	0	0	29413113	0	0	29413113	0	/api/config/config.yml
1	0	0	0	1	0	0	29413113	0	0	29413113	0	/wp-config.php
1	0	0	0	1	0	0	29413113	0	0	29413113	0	/settings/stripe
1	0	0	0	4	0	0	29418172	0	0	29349774	0	/application.properties
1	0	0	0	1	0	0	29325336	0	0	29325336	0	/phpunit/src/Util/PHP/eval-stdin.php
1	0	0	0	5	0	0	29418168	0	0	29325335	0	/core/.env
1	0	0	0	3	0	0	29418172	0	0	29409782	0	/stripe_config.js
1	0	0	0	1	0	0	29325335	0	0	29325335	0	/psnlink/.env
1	0	0	0	1	0	0	29413113	0	0	29413113	0	/checkout/config
1	0	0	0	13	0	0	29418170	0	0	29317803	0	/config.json
1	0	0	0	8	0	0	29412241	0	0	29317803	0	/about
1	0	0	0	3	0	0	29418172	0	0	29409782	0	/stripe-keys.js
1	0	0	0	21	0	0	29423370	0	0	29317803	0	/info.php
1	0	0	0	2	0	0	29418172	0	0	29413112	0	/js/config.js
1	0	0	0	4	0	0	29418168	0	0	29349773	0	/api/shared/config/config.env
1	0	0	0	1	0	0	29325335	0	0	29325335	0	/en/.env
1	0	0	0	3	0	0	29418168	0	0	29409780	0	/.env.staging
1	0	0	0	1	0	0	29349774	0	0	29349774	0	/server-info
1	0	0	0	1	0	0	29413113	0	0	29413113	0	/middleware/stripe.js
1	0	0	0	8	0	0	29412241	0	0	29317803	0	/ecp/Current/exporttool/microsoft.exchange.ediscovery.exporttool.application
1	0	0	0	1	0	0	29413113	0	0	29413113	0	/routes/payment.js
1	0	0	0	1	0	0	29413113	0	0	29413113	0	/composer.json
1	0	0	0	1	0	0	29413113	0	0	29413113	0	/composer.lock
1	1	0	0	0	29408908	0	0	29408908	0	0	7638	/cgi-sys/suspendedpage.cgi/wp/wp-includes/wlwmanifest.xml
1	1	0	0	0	29408908	0	0	29408908	0	0	7638	/cgi-sys/suspendedpage.cgi/web/wp-includes/wlwmanifest.xml
1	0	0	0	1	0	0	29413113	0	0	29413113	0	/logs/app.log
1	0	0	0	2	0	0	29418172	0	0	29413112	0	/public/js/stripe.js
1	0	0	0	1	0	0	29413112	0	0	29413112	0	/dist/bundle.js
1	0	0	0	8	0	0	29412241	0	0	29317803	0	/server
1	0	0	0	6	0	0	29416831	0	0	29326239	0	/blog/wp-login.php
1	1	0	0	0	29408908	0	0	29408908	0	0	7638	/cgi-sys/suspendedpage.cgi/wp-includes/wlwmanifest.xml
1	0	0	0	1	0	0	29349774	0	0	29349774	0	/server-info.php
1	0	0	0	4	0	0	29418168	0	0	29349773	0	/api/shared/.env
1	0	0	0	3	0	0	29418171	0	0	29409782	0	/stripe-config.js
1	0	0	0	3	0	0	29418172	0	0	29409782	0	/.stripe
1	0	0	0	1	0	0	29325335	0	0	29325335	0	/api/vendor/phpunit/phpunit/src/Util/PHP/eval-stdin.php
1	0	0	0	12	0	0	29423370	0	0	29319473	0	/phpinfo
1	0	0	0	1	0	0	29413112	0	0	29413112	0	/assets/js/stripe.js
1	0	0	0	3	0	0	29418172	0	0	29409782	0	/config/payments.json
1	0	0	0	2	0	0	29418172	0	0	29413112	0	/public/js/app.js
1	1	0	0	0	29317802	0	0	29317802	0	0	64	/.well-known/acme-challenge/AKS87CKSVWFZ0T26TD4ZR26_-M3M7K4F
1	0	0	0	1	0	0	29413113	0	0	29413113	0	/server/config/stripe.js
1	0	0	0	4	0	0	29416514	0	0	29326239	0	/blog/wp-json/oembed/1.0/embed?url=friends.magentaweb.org/blog/
1	0	0	0	6	0	0	29423370	0	0	29349774	0	/settings.py
1	0	0	0	3	0	0	29418172	0	0	29409782	0	/config/settings.json
1	0	0	0	1	0	0	29413113	0	0	29413113	0	/test.js
1	0	0	0	1	0	0	29388405	0	0	29388405	0	/@fs/etc/passwd?import&?inline=1.wasm?init
1	0	0	0	1	0	0	29413113	0	0	29413113	0	/Jenkinsfile
1	0	0	0	1	0	0	29349773	0	0	29349773	0	/dashboard/phpinfo.php
1	0	0	0	1	0	0	29413113	0	0	29413113	0	/admin/stripe
1	0	0	0	1	0	0	29325336	0	0	29325336	0	/phpunit/phpunit/Util/PHP/eval-stdin.php
1	0	0	0	1	0	0	29349772	0	0	29349772	0	/env.backup
1	0	0	0	28	0	0	29443951	0	0	29318692	0	/cms/wp-includes/wlwmanifest.xml
1	0	0	0	1	0	0	29413113	0	0	29413113	0	/admin/settings
1	0	0	0	1	0	0	29413113	0	0	29413113	0	/config/settings.local
1	0	0	0	3	0	0	29418168	0	0	29409782	0	/lambda/.env
1	0	0	0	5	0	0	29418168	0	0	29349773	0	/.env.bak
1	0	0	0	6	0	0	29418168	0	0	29349770	0	/new/.env
1	0	0	0	1	0	0	29413113	0	0	29413113	0	/build/
1	0	0	0	73	0	0	29449513	0	0	29321803	0	/robots.txt
1	5	0	0	0	29405544	0	0	29405544	0	0	435	/.well-known/acme-challenge/JLDLSFndpeSPbyhjIso1ygjsWH-m0AZWI28XxC5ecB8
1	0	0	0	3	0	0	29418168	0	0	29409782	0	/frontend/.env
1	0	0	0	3	0	0	29418172	0	0	29409782	0	/config/payment.js
1	0	0	0	4	0	0	29418168	0	0	29349772	0	/nginx/.env
1	0	0	0	4	0	0	29423370	0	0	29420711	0	/laravel.log
1	0	0	0	1	0	0	29413113	0	0	29413113	0	/api/billing/config
1	0	0	0	2	0	0	29349772	0	0	29349772	0	/aws-secret.yaml
1	0	0	0	5	0	0	29418168	0	0	29325335	0	/public/.env
1	0	0	0	1	0	0	29325336	0	0	29325336	0	/vendor/phpunit/phpunit/src/Util/PHP/eval-stdin.php
1	0	0	0	1	0	0	29413113	0	0	29413113	0	/controllers/billing.js
1	0	0	0	6	0	0	29412241	0	0	29360751	0	/v2/api-docs
1	1	0	0	0	29408908	0	0	29408908	0	0	7638	/cgi-sys/suspendedpage.cgi/sito/wp-includes/wlwmanifest.xml
1	0	0	0	2	0	0	29414502	0	0	29410058	0	/wp-admin/setup-config.php
1	0	0	0	1	0	0	29413113	0	0	29413113	0	/public/stripe.json
1	0	0	0	6	0	0	29412241	0	0	29360751	0	/api/gql
1	0	0	0	1	0	0	29325335	0	0	29325335	0	/exapi/.env
1	0	0	0	3	0	0	29418168	0	0	29409780	0	/stripe/.env
1	0	0	0	1	0	0	29349774	0	0	29349774	0	/secured/phpinfo.php
1	0	0	0	1	0	0	29325335	0	0	29325335	0	/sitemaps/.env
1	0	0	0	8	0	0	29423370	0	0	29420711	0	/logs/debug.log
1	0	0	0	1	0	0	29413113	0	0	29413113	0	/lib/stripe.js
1	0	0	0	3	0	0	29418172	0	0	29409782	0	/config/payment.json
1	0	0	0	1	0	0	29413113	0	0	29413113	0	/api/stripe.js
1	0	0	0	4	0	0	29423370	0	0	29420711	0	/symfony/_profiler/phpinfo
1	0	0	0	7	0	0	29413113	0	0	29360751	0	/swagger.json
1	0	0	0	28	0	0	29443951	0	0	29318692	0	/sito/wp-includes/wlwmanifest.xml
1	1	0	0	0	29408908	0	0	29408908	0	0	7638	/cgi-sys/suspendedpage.cgi/media/wp-includes/wlwmanifest.xml
1	0	0	0	6	0	0	29412241	0	0	29360751	0	/api-docs/swagger.json
1	0	0	0	3	0	0	29418172	0	0	29409783	0	/settings.js
1	0	0	0	1	0	0	29413113	0	0	29413113	0	/jenkins.yml
1	0	0	0	3	0	0	29418172	0	0	29409782	0	/billing.json
1	0	0	0	3	0	0	29418172	0	0	29409782	0	/stripe-keys.json
1	0	0	0	1	0	0	29413113	0	0	29413113	0	/secrets.py
1	0	0	0	8	0	0	29412241	0	0	29317803	0	/s/1333e26373e2231313e24373/_/
1	0	0	0	3	0	0	29418172	0	0	29409782	0	/checkout.json
1	0	0	0	2	0	0	29418172	0	0	29413112	0	/static/js/runtime-main.js
1	0	0	0	2	0	0	29418172	0	0	29413112	0	/js/bundle.js
1	0	0	0	2	0	0	29418172	0	0	29413112	0	/static/js/2.chunk.js
1	0	0	0	1	0	0	29413113	0	0	29413113	0	/api/checkout/config
1	0	0	0	3	0	0	29418172	0	0	29409782	0	/config/config.json
1	0	0	0	28	0	0	29443951	0	0	29318692	0	/wordpress/wp-includes/wlwmanifest.xml
1	0	0	0	4	0	0	29418168	0	0	29349773	0	/.env.stage
1	0	0	0	1	0	0	29349772	0	0	29349772	0	/lara/info.php
1	0	0	0	4	0	0	29423370	0	0	29420711	0	/wp-content/debug.log
1	0	0	0	1	0	0	29413113	0	0	29413113	0	/api/stripe/keys
1	0	0	0	1	0	0	29413113	0	0	29413113	0	/keys.py
1	0	0	0	1	0	0	29413113	0	0	29413113	0	/docker-compose.yml
1	0	0	0	6	0	0	29413113	0	0	29321803	0	/sitemap.xml
1	0	0	0	1	0	0	29413113	0	0	29413113	0	/.dockerignore
1	4	4	0	0	29449143	0	0	29440021	0	0	3048	/?44.218.6.122
1	0	0	0	1	0	0	29325335	0	0	29325335	0	/v2/.env
1	2	0	0	0	29408908	0	0	29408908	0	0	15276	/cgi-sys/suspendedpage.cgi
1	0	0	0	1	0	0	29413113	0	0	29413113	0	/.next/static/
1	3	3	0	0	29323353	0	0	29318875	0	0	7848	/?205.169.39.48
1	0	0	0	1	0	0	29413113	0	0	29413113	0	/backend/config.js
1	0	0	0	3	0	0	29418168	0	0	29409780	0	/payment/.env
1	0	0	0	1	0	0	29413112	0	0	29413112	0	/build/js/main.js
1	0	0	0	3	0	0	29418172	0	0	29349774	0	/public/js/main.js
1	1	0	0	0	29408908	0	0	29408908	0	0	7638	/cgi-sys/suspendedpage.cgi/xmlrpc.php?rsd
1	0	0	0	1	0	0	29409570	0	0	29409570	0	/wp-login.php?172.182.204.83
1	0	0	0	3	0	0	29418172	0	0	29409782	0	/stripe-secret.json
1	0	0	0	7	0	0	29413113	0	0	29360751	0	/api/swagger.json
1	0	0	0	2	0	0	29413113	0	0	29349773	0	/wp-config.php.bak
1	0	0	0	3	0	0	29418172	0	0	29409783	0	/config/private.js
1	0	0	0	1	0	0	29413113	0	0	29413113	0	/helper.js
1	0	0	0	3	0	0	29418172	0	0	29409783	0	/app/config/parameters.yml
1	0	0	0	1	0	0	29413112	0	0	29413112	0	/src/config.js
1	0	0	0	1	0	0	29325335	0	0	29325335	0	/vendor/.env
1	0	0	0	2	0	0	29416831	0	0	29331508	0	/blog/wp-json/oembed/1.0/embed?url=www.friends.magentaweb.org/blog/
1	0	0	0	3	0	0	29418172	0	0	29409783	0	/secrets.js
1	0	0	0	1	0	0	29325335	0	0	29325335	0	/database/.env
1	0	0	0	5	0	0	29418168	0	0	29325335	0	/app/.env
1	0	0	0	1	0	0	29413113	0	0	29413113	0	/server/config.js
1	0	0	0	1	0	0	29413113	0	0	29413113	0	/next.config.js
1	0	0	0	1	0	0	29413113	0	0	29413113	0	/config.bak
1	0	0	0	1	0	0	29413113	0	0	29413113	0	/var/log/app.log
1	0	0	0	1	0	0	29349771	0	0	29349771	0	/_phpinfo.php
1	0	0	0	7	0	0	29418168	0	0	29325335	0	/site/.env
1	0	0	0	1	0	0	29413113	0	0	29413113	0	/logs/stripe.log
1	0	0	0	1	0	0	29349772	0	0	29349772	0	/xampp/phpinfo.php
1	0	0	0	3	0	0	29418172	0	0	29409783	0	/keys.js
1	0	0	0	1	0	0	29349772	0	0	29349772	0	/mail/.env
1	0	0	0	1	0	0	29325335	0	0	29325335	0	/uploads/.env
1	0	0	0	2	0	0	29407095	0	0	29319622	0	/wp-content/
1	0	0	0	6	0	0	29412241	0	0	29360751	0	/swagger/swagger-ui.html
1	0	0	0	6	0	0	29412241	0	0	29360751	0	/api
1	0	0	0	1	0	0	29413113	0	0	29413113	0	/src/utils/stripe.js
1	0	0	0	1	0	0	29413113	0	0	29413113	0	/admin/config.js
1	5	0	0	0	29405544	0	0	29405544	0	0	435	/.well-known/acme-challenge/Q0028VVRSyldW6y5E9Kc0WmtClLiZWp1B50I9hLQm8Q
1	0	0	0	11	0	0	29444228	0	0	29368269	0	/robots.txt?45.148.10.160
1	1	0	0	2	29320689	0	29323138	29320689	0	29322331	3543	/index.php
1	0	0	0	4	0	0	29418168	0	0	29349773	0	/local/.env
1	0	0	0	3	0	0	29418172	0	0	29409782	0	/config/secrets.json
1	0	0	0	3	0	0	29418168	0	0	29409781	0	/src/.env
1	0	0	0	3	0	0	29418172	0	0	29409782	0	/config/config.js
1	0	0	0	5	0	0	29418168	0	0	29325335	0	/web/.env
1	0	0	0	20	0	0	29443951	0	0	29318692	0	/media/wp-includes/wlwmanifest.xml
1	0	0	0	1	0	0	29413113	0	0	29413113	0	/app/api/payment/route.js
1	0	0	0	1	0	0	29413113	0	0	29413113	0	/controllers/payment.js
1	0	0	0	12	0	0	29404012	0	0	29351458	0	/robots.txt?172.182.204.83
1	0	0	0	1	0	0	29413113	0	0	29413113	0	/utils/stripe.js
1	0	0	0	4	0	0	29418168	0	0	29349772	0	/conf/.env
1	0	0	0	28	0	0	29443951	0	0	29318692	0	/website/wp-includes/wlwmanifest.xml
1	0	0	0	3	0	0	29418172	0	0	29409783	0	/application.yaml
1	0	0	0	1	0	0	29413113	0	0	29413113	0	/config.backup
1	0	0	0	3	0	0	29418172	0	0	29349773	0	/static/js/main.141b0494.js
1	0	0	0	1	0	0	29413113	0	0	29413113	0	/error.log
1	0	0	0	4	0	0	29423370	0	0	29420711	0	/index.php/phpinfo
1	0	0	0	4	0	0	29418168	0	0	29349772	0	/.vscode/.env
1	0	0	0	1	0	0	29325336	0	0	29325336	0	/lib/phpunit/Util/PHP/eval-stdin.php
1	0	0	0	3	0	0	29418171	0	0	29409782	0	/config.yml
1	0	0	0	3	0	0	29418172	0	0	29409782	0	/payment-config.js
1	0	0	0	1	0	0	29413112	0	0	29413112	0	/dist/main.js
1	0	0	0	1	0	0	29413113	0	0	29413113	0	/helpers/payment.js
1	0	0	0	3	0	0	29418172	0	0	29409782	0	/config/settings.js
1	0	0	0	1	0	0	29413113	0	0	29413113	0	/docs/swagger.json
1	0	0	0	2	0	0	29418172	0	0	29413112	0	/js/stripe.js
1	0	0	0	1	0	0	29413113	0	0	29413113	0	/checkout.py
1	0	0	0	1	0	0	29349772	0	0	29349772	0	/laravel/info.php
1	0	0	0	1	0	0	29349772	0	0	29349772	0	/kyc/.env
1	0	0	0	1	0	0	29413113	0	0	29413113	0	/routes/stripe.js
1	0	0	0	1	0	0	29413113	0	0	29413113	0	/web.config
1	1	0	0	0	29408908	0	0	29408908	0	0	7638	/cgi-sys/suspendedpage.cgi/website/wp-includes/wlwmanifest.xml
1	0	0	0	6	0	0	29412241	0	0	29360751	0	/swagger/
1	0	0	0	2	0	0	29413112	0	0	29413112	0	/dist/app.js
1	0	0	0	1	0	0	29413113	0	0	29413113	0	/admin/keys
1	11	11	0	0	29422335	0	0	29326267	0	0	0	/julianhesse/
1	1	0	0	0	29408908	0	0	29408908	0	0	7638	/cgi-sys/suspendedpage.cgi/cms/wp-includes/wlwmanifest.xml
1	0	0	0	1	0	0	29325336	0	0	29325336	0	/laravel/vendor/phpunit/phpunit/src/Util/PHP/eval-stdin.php
1	0	0	0	8	0	0	29423370	0	0	29320689	0	/.aws/credentials
1	1	0	0	0	29408908	0	0	29408908	0	0	7638	/cgi-sys/suspendedpage.cgi/blog/wp-includes/wlwmanifest.xml
1	0	0	0	24	0	0	29423370	0	0	29317803	0	/.git/config
1	0	0	0	5	0	0	29418167	0	0	29409779	0	/.env.live
1	0	0	0	1	0	0	29413113	0	0	29413113	0	/azure-pipelines.yml
1	0	0	0	3	0	0	29418172	0	0	29409783	0	/appsettings.Development.json
1	0	0	0	3	0	0	29418172	0	0	29409782	0	/config/secrets.js
1	0	0	0	1	0	0	29413113	0	0	29413113	0	/modules/payment.js
1	0	0	0	4	0	0	29418168	0	0	29349770	0	/new/.env.local
1	0	0	0	1	0	0	29325336	0	0	29325336	0	/vendor/phpunit/Util/PHP/eval-stdin.php
1	0	0	0	28	0	0	29443951	0	0	29318692	0	/blog/wp-includes/wlwmanifest.xml
1	0	0	0	1	0	0	29413113	0	0	29413113	0	/src/services/stripe.js
1	0	0	0	3	0	0	29418172	0	0	29409782	0	/config/keys.json
1	0	0	0	1	0	0	29413113	0	0	29413113	0	/api/keys
1	0	0	0	3	0	0	29418172	0	0	29409782	0	/checkout.config.js
1	0	0	0	1	0	0	29413113	0	0	29413113	0	/api/billing.js
1	0	0	0	3	0	0	29418172	0	0	29409783	0	/application.yml
1	0	0	0	5	0	0	29418171	0	0	29349774	0	/server.js
1	0	0	0	3	0	0	29418172	0	0	29409782	0	/billing.config.js
1	0	0	0	1	0	0	29413113	0	0	29413113	0	/api/config/config.json
1	0	0	0	1	0	0	29325336	0	0	29325336	0	/lib/phpunit/phpunit/src/Util/PHP/eval-stdin.php
1	0	0	0	4	0	0	29418168	0	0	29349773	0	/api/shared/config/.env
1	0	0	0	3	0	0	29418172	0	0	29409782	0	/checkout.js
1	0	0	0	8	0	0	29412241	0	0	29317803	0	/v2/_catalog
1	0	0	0	11	0	0	29423370	0	0	29337774	0	/.env.example
1	0	0	0	4	0	0	29418168	0	0	29349773	0	/api/config.env
1	0	0	0	3	0	0	29418168	0	0	29409781	0	/config/env/.env
1	0	0	0	4	0	0	29423370	0	0	29420711	0	/admin/phpinfo.php
1	0	0	0	1	0	0	29413113	0	0	29413113	0	/.gitlab-ci.yml
1	0	0	0	1	0	0	29413112	0	0	29413112	0	/build/static/js/main.js
1	0	0	0	3	0	0	29418172	0	0	29409783	0	/credentials.js
1	0	0	0	1	0	0	29413113	0	0	29413113	0	/app/api/stripe/route.js
1	0	0	0	2	0	0	29349772	0	0	29325335	0	/cron/.env
1	0	0	0	1	0	0	29413113	0	0	29413113	0	/api/config
1	0	0	0	7	0	0	29419532	0	0	29328768	0	/.well-known/security.txt
1	24	24	0	0	29447032	0	0	29364994	0	0	18288	/?45.148.10.160
1	0	0	0	1	0	0	29413113	0	0	29413113	0	/backend/config/stripe.js
1	0	0	0	3	0	0	29418172	0	0	29409783	0	/settings.yml
1	0	0	0	5	0	0	29423370	0	0	29349773	0	/app_dev.php/_profiler/phpinfo
1	0	0	0	1	0	0	29349773	0	0	29349773	0	/server_info.php
1	0	0	0	1	0	0	29420032	0	0	29420032	0	/.env?45.148.10.160
1	0	0	0	1	0	0	29413113	0	0	29413113	0	/src/keys.js
1	0	0	0	4	0	0	29418168	0	0	29349772	0	/docker/app/.env
1	0	0	0	1	0	0	29388405	0	0	29388405	0	/@fs/etc/passwd?raw??
1	1	0	0	0	29408908	0	0	29408908	0	0	7638	/cgi-sys/suspendedpage.cgi/test/wp-includes/wlwmanifest.xml
1	0	0	0	1	0	0	29413113	0	0	29413113	0	/admin/controllers/merchant.js
1	0	0	0	3	0	0	29418171	0	0	29409782	0	/stripe.config.json
1	0	0	0	3	0	0	29418172	0	0	29349773	0	/static/js/main.e85f7a37.js
1	0	0	0	1	0	0	29413113	0	0	29413113	0	/.next/server/pages/api/
1	0	0	0	6	0	0	29416831	0	0	29326239	0	/blog/wp-json/wp/v2/users/
1	0	0	0	1	0	0	29349772	0	0	29349772	0	/awstats/.env
1	0	0	0	8	0	0	29412241	0	0	29317803	0	/login.action
1	0	0	0	1	0	0	29349773	0	0	29349773	0	/api/shared/config.env
1	0	0	0	28	0	0	29443951	0	0	29318692	0	/test/wp-includes/wlwmanifest.xml
1	0	0	0	1	0	0	29413113	0	0	29413113	0	/config.py
1	0	0	0	1	0	0	29413113	0	0	29413113	0	/services/stripe.js
1	0	0	0	3	0	0	29418172	0	0	29409782	0	/.stripe.json
1	0	0	0	3	0	0	29418172	0	0	29409782	0	/config/keys.js
1	0	0	0	4	0	0	29418168	0	0	29349773	0	/development/.env
1	300	300	3	3	29448274	29409069	29434877	29317803	29408908	29335565	342767	/
1	0	0	0	1	0	0	29413112	0	0	29413112	0	/assets/js/main.js
1	0	0	0	3	0	0	29418172	0	0	29409782	0	/config/config.yml
1	0	0	0	6	0	0	29413113	0	0	29319648	0	/.git/HEAD
1	0	0	0	3	0	0	29418171	0	0	29409782	0	/stripe-config.json
1	0	0	0	7	0	0	29418168	0	0	29325335	0	/apps/.env
1	0	0	0	11	0	0	29418168	0	0	29319473	0	/config/.env
1	0	0	0	1	0	0	29413113	0	0	29413113	0	/public/config.json
1	0	0	0	1	0	0	29325336	0	0	29325336	0	/wp-content/plugins/jekyll-exporter/vendor/phpunit/phpunit/src/Util/PHP/eval-stdin.php
1	1	0	0	0	29408908	0	0	29408908	0	0	7638	/cgi-sys/suspendedpage.cgi/2018/wp-includes/wlwmanifest.xml
1	0	0	0	1	0	0	29413113	0	0	29413113	0	/.well-known/payment
1	15	0	0	0	29442481	0	0	29328174	0	0	29288	/error/424-2.shtml
1	0	0	0	1	0	0	29413113	0	0	29413113	0	/assets/config.json
1	0	0	0	1	0	0	29413113	0	0	29413113	0	/controller/api/post.js
1	0	0	0	20	0	0	29443951	0	0	29318692	0	/2018/wp-includes/wlwmanifest.xml
1	0	0	0	4	0	0	29418168	0	0	29349773	0	/prod/.env
1	0	0	0	1	0	0	29413113	0	0	29413113	0	/helpers/utility.js
1	0	0	0	2	0	0	29418172	0	0	29413112	0	/js/app.js
1	0	0	0	1	0	0	29413113	0	0	29413113	0	/lib/payment.js
1	0	0	0	1	0	0	29413113	0	0	29413113	0	/helpers/stripe.js
1	12	12	0	1	29412456	0	29360750	29354196	0	29360750	9144	/?172.182.204.83
1	0	0	0	1	0	0	29325335	0	0	29325335	0	/cronlab/.env
1	0	0	0	4	0	0	29418168	0	0	29349770	0	/dev/.env
1	0	0	0	1	0	0	29413113	0	0	29413113	0	/webpack.config.js
3	2	2	0	63	29325335	0	29325336	29325335	0	29325335	1524	https://www.google.com/
3	1	1	0	5	29336397	0	29336397	29336397	0	29336397	762	https://frankiesitalia.it//wp-login.php
3	1	1	0	5	29416514	0	29416514	29416514	0	29416514	762	https://frhavnkom.dk//wp-login.php
3	12	0	0	17	29442481	0	29437737	29328174	0	29320348	23468	http://friends.magentaweb.org/
3	0	0	0	2	0	0	29350573	0	0	29350568	0	http://friends.magentaweb.org/error/424-2.shtml
3	1	1	0	5	29416831	0	29416831	29416831	0	29416831	762	https://www.freifunk-rtk.de//wp-login.php
3	1	1	0	5	29331508	0	29331508	29331508	0	29331508	762	https://www.freshinkgroup.com.qrf.vwj.temporary.site//blog//wp-login.php
3	1	1	0	5	29326239	0	29326239	29326239	0	29326239	762	https://freetelugusongslyrics.music.blog//wp-login.php
3	1	0	0	15	29435768	0	29435523	29435768	0	29318908	1959	http://www.friends.magentaweb.org/
3	1	1	0	5	29409375	0	29409375	29409375	0	29409375	762	https://friarsgreenimc.co.uk//wp-login.php
4	1	1	0	0	29436900	0	0	29436900	0	0	762	Mozilla/5.0 (Windows NT 10.0; Win64; x64) AppleWebKit/537.36 (KHTML, like Gecko) Chrome/129.0.0.0 Safari/537.36
4	0	0	0	1	0	0	29365101	0	0	29365101	0	python-requests/2.32.3
4	9	8	0	17	29429589	0	29323138	29320689	0	29320689	15201	Mozilla/5.0 (Windows NT 10.0; Win64; x64) AppleWebKit/537.36 (KHTML, like Gecko) Chrome/58.0.3029.110 Safari/537.3
4	1	1	0	0	29317805	0	0	29317805	0	0	1703	Mozilla/5.0 (Windows NT 10.0; Win64; x64) AppleWebKit/537.36 (KHTML, like Gecko) Chrome/103.0.5060.66 Safari/537.36 Edg/103.0.1264.44
4	0	0	0	1	0	0	29365593	0	0	29365593	0	Mozilla/5.0 (Macintosh; Intel Mac OS X 10_14_0) AppleWebKit/537.36 (KHTML, like Gecko) Chrome/75.0.3770.142 Safari/537.36
4	2	2	0	0	29411168	0	0	29394854	0	0	1524	cypex.ai/scanning Mozilla/5.0 (Macintosh; Intel Mac OS X 10_15_7) Chrome/126.0.0.0 Safari/537.36
4	1	1	0	0	29423954	0	0	29423954	0	0	762	Mozilla/5.0 (Windows NT 10.0; Win64; x64) AppleWebKit/537.36 (KHTML, like Gecko) Chrome/125.0.0.0 Safari/537.36 Edg/125.0.0.0
4	1	1	0	0	29317805	0	0	29317805	0	0	1703	Mozilla/5.0 (iPhone; CPU iPhone OS 12_2 like Mac OS X) AppleWebKit/605.1.15 (KHTML, like Gecko) Mobile/15E148
4	1	1	0	0	29433754	0	0	29433754	0	0	762	Mozilla/5.0 (Macintosh; Intel Mac OS X 10_15_7) AppleWebKit/537.36 (KHTML, like Gecko) Chrome/116.0.0.0 Safari/537.36
4	3	3	0	0	29318142	0	0	29317905	0	0	10629	Mozilla/5.0 (Linux; Android 8.0.0; SM-G965U Build/R16NW) AppleWebKit/537.36 (KHTML, like Gecko) Chrome/63.0.3239.111 Mobile Safari/537.36
4	2	2	0	2	29418276	0	29418276	29416756	0	29416756	1524	Mozilla/5.0 (X11; Linux x86_64; rv:142.0) Gecko/20100101 Firefox/142.0
4	27	27	0	34	29449143	0	29445986	29318508	0	29318508	34479	Mozilla/5.0 (compatible; CensysInspect/1.1; +https://about.censys.io/)
4	1	1	0	0	29317845	0	0	29317845	0	0	3518	Mozilla/5.0 (Windows NT 6.3; Win64; x64) AppleWebKit/537.36 (KHTML, like Gecko) Chrome/37.0.2049.0 Safari/537.36
4	1	1	0	0	29410422	0	0	29410422	0	0	762	Mozilla/5.0 (Windows NT 10.0; Win64; x64) AppleWebKit/537.36 (KHTML, like Gecko) Chrome/107.0.0.0 Safari/537.36
4	1	1	0	0	29406569	0	0	29406569	0	0	762	Mozilla/5.0 (Windows NT 6.3; Win64; x64) AppleWebKit/537.36 (KHTML, like Gecko) HeadlessChrome/77.0.3865.120 Safari/537.36
4	0	0	0	2	0	0	29388405	0	0	29388405	0	Mozilla/5.0 (Windows NT 11.0; Win64; x64) AppleWebKit/537.36 (KHTML, like Gecko) Chrome/134.0.6998.166 Safari/537.36
4	5	5	0	80	29420147	0	29420147	29317803	0	29317803	3653	Go-http-client/1.1
4	0	0	0	2	0	0	29435960	0	0	29403532	0	Mozilla/5.0 (Macintosh; Intel Mac OS X 10_15_7) AppleWebKit/537.36 (KHTML, like Gecko) Chrome/131.0.0.0 Safari/537.36; compatible; OAI-SearchBot/1.3; robots.txt; +https://openai.com/searchbot
4	12	6	0	0	29442481	0	0	29328174	0	0	16305	Mozilla/5.0 (Windows NT 10.0; Win64; x64) AppleWebKit/537.36 (KHTML, like Gecko) Chrome/117.0.5938.132 Safari/537.36
4	8	8	0	166	29412241	0	29412241	29405544	0	29317803	6096	Mozilla/5.0 (l9scan/2.0.1333e26373e2231313e24373; +https://leakix.net)
4	40	40	0	0	29447416	0	0	29318858	0	0	41604	Mozilla/5.0 (compatible; CMS-Checker/1.0; +https://example.com)
4	1	1	0	0	29325937	0	0	29325937	0	0	762	Mozilla/5.0 (Windows NT 9_2_1; Win64; x64) AppleWebKit/582.46 (KHTML, like Gecko) Chrome/101.0.127 Safari/537.36
4	0	0	0	2	0	0	29414502	0	0	29410058	0	Mozilla/5.0 (Windows NT 10.0; Win64; x64)
4	4	2	0	0	29360751	0	0	29328175	0	0	5436	Mozilla/5.0 (X11; Linux x86_64) AppleWebKit/537.36 (KHTML, like Gecko) HeadlessChrome/125.0.6422.60 Safari/537.36
4	2	2	0	0	29379388	0	0	29371742	0	0	1524	Mozilla/5.0 (Macintosh; Intel Mac OS X 10_15_7) AppleWebKit/537.36 (KHTML, like Gecko) Chrome/120.0.0.0 Safari/537.36
4	1	1	0	0	29409662	0	0	29409662	0	0	762	Mozilla/5.0 (Windows NT 10.0; Win64; x64) AppleWebKit/537.36 (KHTML, like Gecko) Chrome/120.0.0.0 Safari/537.36
4	22	22	0	6	29422335	0	29419532	29326138	0	29328768	8382	Hello from Palo Alto Networks, find out more about our scans in https://docs-cortex.paloaltonetworks.com/r/1/Cortex-Xpanse/Scanning-activity
4	0	0	0	1	0	0	29318599	0	0	29318599	0	Opera/9.64 (X11; Linux i686; U; Linux Mint; nb) Presto/2.1.1
4	0	0	0	4	0	0	29407095	0	0	29319622	0	Mozilla/5.0 (Macintosh; Intel Mac OS X 10.15; rv:77.0) Gecko/20100101 Firefox/77.0
4	2	2	0	0	29396672	0	0	29396672	0	0	1524	Mozilla/5.0 (Windows NT 10.0; Win64; x64) AppleWebKit/537.36 (KHTML, like Gecko) Chrome/92.0.4515.107 Safari/537.36
4	0	0	0	1	0	0	29434877	0	0	29434877	0	Mozilla/5.0 (Macintosh; Intel Mac OS X 10_15_7) AppleWebKit/605.1.15 (KHTML, like Gecko) Version/17.3.1 Safari/605.1.1
4	11	11	0	11	29435523	0	29435523	29320348	0	29320348	11163	Mozilla/5.0 (X11; Linux x86_64; rv:139.0) Gecko/20100101 Firefox/139.0
4	0	0	0	6	0	0	29336581	0	0	29336581	0	fasthttp
4	2	2	0	0	29347673	0	0	29338790	0	0	1524	Mozilla/5.0 zgrab/0.x
4	3	3	1	0	29360751	29409069	0	29328325	29409069	0	2286	Mozilla/5.0 (X11; Linux x86_64) AppleWebKit/537.36 (KHTML, like Gecko) Chrome/137.0.0.0 Safari/537.36
4	1	1	0	0	29443118	0	0	29443118	0	0	762	Mozilla/5.0 (Macintosh; Intel Mac OS X 10_15_7) AppleWebKit/537.36 (KHTML, like Gecko) Chrome/136.0.0.0 Safari/537.36
4	0	0	0	5	0	0	29412199	0	0	29336251	0	Mozilla/5.0
4	2	2	0	63	29325335	0	29325336	29325335	0	29325335	1524	Mozilla/5.0 (Windows NT 6.3; Win64; x64) Gecko/20080909 Firefox/25.0
4	2	2	0	0	29362983	0	0	29331753	0	0	1524	Mozilla/5.0 (Windows NT 6.1; Win64; x64) AppleWebKit/537.36 (KHTML, like Gecko) Chrome/83.0.4103.61 Safari/537.36
4	80	60	1	360	29443951	29408908	29443951	29318692	29408908	29318692	206823	Mozilla/5.0 (Windows NT 10.0; Win64; x64) AppleWebKit/537.36 (KHTML, like Gecko) Chrome/78.0.3904.108 Safari/537.36
4	24	24	0	136	29442718	0	29442718	29319354	0	29319354	26631	Mozilla/5.0 (Windows NT 10.0; Win64; x64) AppleWebKit/537.36 (KHTML, like Gecko) Chrome/88.0.4240.193 Safari/537.36
4	2	1	0	0	29365101	0	0	29365101	0	0	2718	Mozilla/5.0 (X11; Linux x86_64) AppleWebKit/537.36 (KHTML, like Gecko) Chrome/125.0.6422.142 Safari/537.36
4	6	6	0	0	29423800	0	0	29318691	0	0	10134	Mozilla/5.0 (compatible; InternetMeasurement/1.0; +https://internet-measurement.com/)
4	20	0	0	0	29405544	0	0	29317802	0	0	1740	Mozilla/5.0 (compatible; Let's Encrypt validation server; +https://www.letsencrypt.org)
4	7	7	0	7	29421404	0	29421404	29349720	0	29349720	5334	Mozilla/5.0 (X11; Linux x86_64) AppleWebKit/537.36 (KHTML, like Gecko) Chrome/81.0.4044.129 Safari/537.36
4	1	1	0	0	29377309	0	0	29377309	0	0	762	Mozilla/5.0 (Linux; Android 14; SM-S901B) AppleWebKit/537.36 (KHTML, like Gecko) Chrome/120.0.6099.280 Mobile Safari/537.36 OPR/80.4.4244.7786
4	1	1	0	0	29321802	0	0	29321802	0	0	3543	Mozilla/5.0 (Windows NT 9_2; Win64; x64) AppleWebKit/544.51 (KHTML, like Gecko) Chrome/97.0.1977 Safari/537.36
4	7	6	0	0	29407371	0	0	29317812	0	0	11763	Mozilla/5.0 (Windows NT 10.0) AppleWebKit/537.36 (KHTML, like Gecko) Chrome/106.0.0.0 Safari/537.36
4	1	1	0	0	29325834	0	0	29325834	0	0	762	Mozilla/5.0 (Windows NT 8_1; Win64; x64) AppleWebKit/551.44 (KHTML, like Gecko) Chrome/90.0.349 Safari/537.36
4	4	2	0	0	29362983	0	0	29331753	0	0	5436	Mozilla/5.0 (Windows NT 10.0; Win64; x64) AppleWebKit/537.36 (KHTML, like Gecko) Chrome/79.0.3945.79 Safari/537.36
4	3	1	0	2	29350573	0	29350573	29350568	0	29350568	4676	Mozilla/5.0 (Windows NT 10.0; Win64; x64; rv:109.0) Gecko/20100101 Firefox/113.0
4	1	1	0	0	29442821	0	0	29442821	0	0	762	Mozilla/5.0 (Windows NT 10.0; Win64; x64) AppleWebKit/537.36 (KHTML, like Gecko) Chrome/124.0.0.0 Safari/537.36 Edg/124.0.0.0
4	1	1	0	0	29437343	0	0	29437343	0	0	762	Mozilla/5.0 (Windows NT 10.0; Win64; x64) AppleWebKit/537.36 (KHTML, like Gecko) Chrome/86.0.4240.193 Safari/537.36
4	1	1	0	0	29414716	0	0	29414716	0	0	762	Download Demon/3.5.0.11
4	0	0	0	6	0	0	29408483	0	0	29319648	0	Python-urllib/3.10
4	3	3	0	0	29318142	0	0	29317905	0	0	10629	Mozilla/5.0 (Windows NT 10.0; Win64; x64) AppleWebKit/537.36 (KHTML, like Gecko) Chrome/70.0.3538.102 Safari/537.36 Edge/18.19582
4	0	0	0	1	0	0	29360750	0	0	29360750	0	Mozilla/5.0 (Windows NT 10.0; Win64; x64) AppleWebKit/537.36 (KHTML, like Gecko) Chrome/120.0.0.0 Safari/537.36 Edg/120.0.0.0
4	2	2	0	0	29336581	0	0	29336581	0	0	762	Mozilla/5.0 (Macintosh; Intel Mac OS X 10_14_6) AppleWebKit/537.36 (KHTML, like Gecko) Chrome/76.0.3809.132 Safari/537.36
4	8	8	0	2	29317927	0	29317927	29317927	0	29317927	28344	Mozilla/5.0 (Windows NT 10.0; Win64; x64) AppleWebKit/537.36 (KHTML, like Gecko) Chrome/140.0.0.0 Safari/537.36
4	0	0	0	3	0	0	29360751	0	0	29328325	0	Mozilla/5.0 (X11; Linux x86_64) AppleWebKit/537.36 (KHTML, like Gecko) Chrome/136.0.0.0 Safari/537.36
4	5	5	0	854	29418167	0	29418172	29349770	0	29349770	3810	Mozilla/5.0 (Windows NT 6.1; Win64; x64; rv:47.0) Gecko/20100101 Firefox/47.0
4	1	0	0	1	29365101	0	29365101	29365101	0	29365101	1930	Mozilla/5.0 (Macintosh; Intel Mac OS X 10_9_2) AppleWebKit/537.36 (KHTML, like Gecko) Chrome/33.0.1750.152 Safari/537.36
4	1	1	0	0	29317845	0	0	29317845	0	0	3518	Mozilla/5.0 (Windows NT 6.1; Win64; x64; rv:25.0) Gecko/20100101 Firefox/29.0
4	0	0	0	94	0	0	29449513	0	0	29322125	0	Mozilla/5.0 (Macintosh; Intel Mac OS X 10_15_7) AppleWebKit/537.36 (KHTML, like Gecko) Chrome/131.0.0.0 Safari/537.36; compatible; OAI-SearchBot/1.0; +https://openai.com/searchbot
4	0	0	0	1	0	0	29349496	0	0	29349496	0	Mozilla/5.0 AppleWebKit/537.36 (KHTML, like Gecko; compatible; GPTBot/1.0; +https://openai.com/gptbot)
4	0	0	0	1	0	0	29433355	0	0	29433355	0	Mozilla/5.0 (WindowsCE 6.0; rv:2.0.1) Gecko/20100101 Firefox/4.0.1
4	6	6	0	42	29416831	0	29416831	29326239	0	29326239	4572	Mozilla/5.0 (Windows NT 10.0; Win64; x64) AppleWebKit/537.36 (KHTML, like Gecko) Chrome/131.0.0.0 Safari/537.36
4	0	0	0	1	0	0	29335565	0	0	29335565	0	Mozilla/5.0 (Windows NT 10.0; Win64; x64; rv:123.0) Gecko/20100101 Firefox/123.0
4	0	0	0	2	0	0	29367725	0	0	29358948	0	Mozilla/5.0 (Macintosh; Intel Mac OS X 10_15_7) AppleWebKit/537.36 (KHTML, like Gecko) Chrome/131.0.0.0 Safari/537.36; compatible; OAI-SearchBot/1.0; robots.txt; +https://openai.com/searchbot
4	1	1	0	0	29434312	0	0	29434312	0	0	762	Mozilla/5.0 (Windows NT 10.0; Win64; x64) AppleWebKit/537.36 (KHTML, like Gecko) Chrome/122.0.0.0 Safari/537.36
4	1	1	0	0	29417217	0	0	29417217	0	0	762	Mozilla/5.0 (compatible; NetcraftSurveyAgent/1.0; +info@netcraft.com)
4	8	8	0	5	29407187	0	29407194	29360769	0	29360777	6096	Mozilla/5.0 (X11; Ubuntu; Linux x86_64; rv:134.0) Gecko/20100101 Firefox/134.0
4	15	15	0	205	29423370	0	29423370	29319473	0	29319473	19773	python-httpx/0.28.1
4	0	0	0	1	0	0	29381667	0	0	29381667	0	Mozilla/5.0 (Windows NT 10.0; Win64; x64) AppleWebKit/537.36 (KHTML, like Gecko) Chrome/122.0.0.0 Safari/537.36 Agency/93.8.2357.5
4	0	0	0	2	0	0	29317805	0	0	29317805	0	Mozilla/5.0 (Windows NT 6.3; WOW64; rv:38.0) Gecko/20100101 Firefox/38.0
4	1	1	0	1	29319170	0	29319170	29319170	0	29319170	3543	Mozilla/5.0 (Linux; Android 5.1.1; SM-J111F)
4	1	1	0	0	29365100	0	0	29365100	0	0	0	Mozilla/5.0 (Macintosh; Intel Mac OS X 14_2) AppleWebKit/605.1.15 (KHTML, like Gecko) Version/17.4 Safari/605.1.15
4	4	4	0	0	29360751	0	0	29317803	0	0	3118	Mozilla/5.0 (Linux; Android 6.0; HTC One M9 Build/MRA876937) AppleWebKit/537.36 (KHTML, like Gecko) Chrome/52.0.1248.98 Mobile Safari/537.3
4	1	1	0	0	29435016	0	0	29435016	0	0	762	Mozilla/5.0 (Windows NT 10.0; Win64; x64) AppleWebKit/537.36 (KHTML, like Gecko) Chrome/104.0.0.0 Safari/537.36
4	19	19	0	19	29437737	0	29437737	29318908	0	29318908	17259	Mozilla/5.0 (X11; Linux x86_64) AppleWebKit/537.36 (KHTML, like Gecko) Chrome/139.0.0.0 Safari/537.36
4	4	0	0	0	29405537	0	0	29317802	0	0	256	Cpanel-HTTP-Client/1.0
5	1	1	0	3	29325937	0	29325937	29325937	0	29325937	762	165.154.206.250
5	0	0	0	1	0	0	29360846	0	0	29360846	0	91.196.152.144
5	2	2	0	38	29338357	0	29338357	29337853	0	29337853	1524	195.178.110.159
5	3	2	0	5	29320689	0	29320689	29320689	0	29320689	10629	195.181.172.247
5	1	1	0	1	29349720	0	29349720	29349720	0	29349720	762	157.66.54.66
5	1	1	0	7	29416514	0	29416514	29416514	0	29416514	762	64.23.147.102
5	3	3	0	33	29412241	0	29412241	29412241	0	29412241	2286	157.245.204.205
5	1	1	0	1	29406865	0	29406865	29406865	0	29406865	762	103.133.214.127
5	7	7	0	585	29418167	0	29418172	29413110	0	29413110	5334	195.178.110.155
5	1	1	0	1	29414717	0	29414717	29414717	0	29414717	762	209.97.133.234
5	0	0	0	1	0	0	29405583	0	0	29405583	0	91.196.152.72
5	2	2	0	0	29317905	0	0	29317905	0	0	7086	34.218.80.35
5	1	1	0	0	29422598	0	0	29422598	0	0	762	87.236.176.35
5	1	1	0	2	29324733	0	29324733	29324733	0	29324733	762	199.45.155.89
5	1	1	0	1	29354830	0	29354830	29354830	0	29354830	762	134.199.238.223
5	1	1	0	0	29362627	0	0	29362627	0	0	762	136.118.97.223
5	1	1	0	0	29436184	0	0	29436184	0	0	762	199.45.155.78
5	3	3	0	18	29414322	0	29414322	29414322	0	29414322	2286	35.188.244.2
5	1	1	0	0	29409926	0	0	29409926	0	0	762	34.127.40.87
5	3	3	0	33	29405544	0	29405544	29405544	0	29405544	2286	64.23.218.208
5	3	2	0	0	29331753	0	0	29331753	0	0	3480	205.169.39.141
5	1	1	0	0	29318875	0	0	29318875	0	0	3543	35.241.225.179
5	1	0	0	0	29405544	0	0	29405544	0	0	87	23.178.112.213
5	3	3	0	17	29319354	0	29319354	29319354	0	29319354	10629	34.187.214.207
5	1	0	0	0	29405544	0	0	29405544	0	0	87	23.178.112.210
5	0	0	0	1	0	0	29405581	0	0	29405581	0	91.196.152.45
5	1	0	0	0	29405544	0	0	29405544	0	0	87	54.244.210.199
5	1	1	0	0	29317805	0	0	29317805	0	0	1703	54.162.19.5
5	0	0	0	1	0	0	29360777	0	0	29360777	0	91.196.152.40
5	1	1	0	1	29408234	0	29408234	29408234	0	29408234	762	207.154.252.118
5	3	3	0	17	29414036	0	29414036	29414036	0	29414036	2286	35.205.8.246
5	2	2	0	28	29423370	0	29423370	29423370	0	29423370	1524	194.180.49.173
5	1	0	0	0	29405544	0	0	29405544	0	0	87	3.142.51.249
5	0	0	0	1	0	0	29400433	0	0	29400433	0	157.245.33.178
5	1	1	0	0	29337580	0	0	29337580	0	0	762	34.91.217.109
5	1	1	0	1	29418276	0	29418276	29418276	0	29418276	762	159.203.87.162
5	1	1	0	0	29319130	0	0	29319130	0	0	3543	34.126.100.198
5	2	2	0	28	29420711	0	29420711	29420711	0	29420711	1524	194.180.49.167
5	1	1	0	0	29362659	0	0	29362659	0	0	762	136.117.242.216
5	0	0	1	0	0	29409069	0	0	29409069	0	0	43.250.207.106
5	1	1	0	1	29319170	0	29319170	29319170	0	29319170	3543	34.143.244.218
5	1	1	0	2	29345002	0	29345002	29345002	0	29345002	762	199.45.154.156
5	1	1	0	0	29362600	0	0	29362600	0	0	762	136.118.23.52
5	3	3	0	18	29336687	0	29336687	29336687	0	29336687	2286	146.190.137.52
5	1	1	0	1	29412491	0	29412491	29412491	0	29412491	762	147.182.151.61
5	1	1	0	0	29362395	0	0	29362395	0	0	762	136.107.47.156
5	1	1	0	1	29418461	0	29418461	29418461	0	29418461	762	199.45.154.143
5	1	0	0	0	29317802	0	0	29317802	0	0	87	3.145.119.59
5	1	1	0	0	29435016	0	0	29435016	0	0	762	54.208.67.139
5	1	1	0	1	29376785	0	29376785	29376785	0	29376785	762	199.45.154.139
5	2	2	0	0	29434312	0	0	29433754	0	0	1524	100.30.248.17
5	1	1	0	1	29402539	0	29402539	29402539	0	29402539	762	199.45.154.138
5	1	1	0	0	29410422	0	0	29410422	0	0	762	183.207.45.112
5	1	1	0	1	29438961	0	29438961	29438961	0	29438961	762	199.45.154.137
5	2	2	0	0	29317906	0	0	29317906	0	0	7086	54.245.63.112
5	0	0	0	1	0	0	29358948	0	0	29358948	0	4.227.36.95
5	3	1	0	2	29350573	0	29350573	29350568	0	29350568	4676	217.235.135.126
5	0	0	0	7	0	0	29437597	0	0	29345326	0	104.210.140.143
5	1	1	0	0	29388424	0	0	29388424	0	0	762	199.45.154.132
5	0	0	0	8	0	0	29402641	0	0	29334264	0	104.210.140.142
5	1	1	0	2	29318508	0	29318508	29318508	0	29318508	3543	199.45.154.131
5	0	0	0	10	0	0	29449513	0	0	29323410	0	104.210.140.141
5	0	0	0	10	0	0	29444228	0	0	29331834	0	104.210.140.140
5	0	0	0	4	0	0	29446864	0	0	29390485	0	104.210.140.139
5	0	0	0	3	0	0	29420244	0	0	29333043	0	104.210.140.138
5	0	0	0	6	0	0	29440230	0	0	29324559	0	104.210.140.137
5	0	0	0	6	0	0	29445546	0	0	29361270	0	104.210.140.136
5	1	1	0	1	29337549	0	29337549	29337549	0	29337549	762	167.99.38.112
5	0	0	0	3	0	0	29441564	0	0	29381324	0	104.210.140.135
5	1	1	0	0	29447218	0	0	29447218	0	0	762	34.13.150.203
5	0	0	0	6	0	0	29438913	0	0	29322125	0	104.210.140.134
5	9	9	0	54	29411701	0	29411701	29408189	0	29408189	6858	45.154.98.144
5	0	0	0	4	0	0	29408044	0	0	29322185	0	104.210.140.133
5	0	0	0	3	0	0	29432253	0	0	29352930	0	104.210.140.132
5	3	3	0	17	29415425	0	29415425	29415425	0	29415425	2286	34.73.166.148
5	0	0	0	13	0	0	29448190	0	0	29336753	0	104.210.140.131
5	1	1	0	1	29428565	0	29428566	29428565	0	29428566	762	199.45.154.120
5	0	0	0	2	0	0	29351458	0	0	29327038	0	104.210.140.129
5	0	0	0	4	0	0	29401247	0	0	29340408	0	104.210.140.130
5	2	2	0	4	29388538	0	29388538	29355109	0	29355109	1524	199.45.154.119
5	0	0	0	5	0	0	29429609	0	0	29342861	0	104.210.140.128
5	1	1	0	7	29336397	0	29336397	29336397	0	29336397	762	161.35.176.152
5	1	1	0	0	29409815	0	0	29409815	0	0	762	34.187.145.216
5	1	1	0	0	29414199	0	0	29414199	0	0	762	34.61.207.185
5	3	3	0	18	29361741	0	29361741	29361741	0	29361741	2286	138.197.114.53
5	0	0	0	2	0	0	29319622	0	0	29319622	0	88.99.6.56
5	1	1	0	2	29337643	0	29337643	29337643	0	29337643	762	66.132.153.143
5	1	1	0	1	29386651	0	29386651	29386651	0	29386651	762	66.132.153.142
5	2	2	0	0	29318142	0	0	29318142	0	0	7086	44.249.61.147
5	1	1	0	0	29391477	0	0	29391477	0	0	762	66.132.153.141
5	1	0	0	0	29317802	0	0	29317802	0	0	87	23.178.112.107
5	3	3	0	18	29440757	0	29440757	29440757	0	29440757	2286	138.199.35.8
5	1	1	0	0	29414716	0	0	29414716	0	0	762	45.148.10.80
5	1	0	0	0	29317802	0	0	29317802	0	0	87	23.178.112.105
5	1	1	0	1	29377772	0	29377772	29377772	0	29377772	762	147.182.165.211
5	1	0	0	0	29317802	0	0	29317802	0	0	87	18.227.26.209
5	3	3	0	18	29317803	0	29317803	29317803	0	29317803	2746	159.65.144.72
5	1	1	0	0	29337545	0	0	29337545	0	0	762	34.31.137.123
5	1	1	0	0	29412428	0	0	29412428	0	0	762	35.237.4.220
5	1	1	0	0	29317845	0	0	29317845	0	0	3518	34.70.11.245
5	1	1	0	0	29417217	0	0	29417217	0	0	762	18.203.134.38
5	1	1	0	0	29406734	0	0	29406734	0	0	762	34.168.216.107
5	1	1	0	0	29319131	0	0	29319131	0	0	3543	34.143.181.194
5	2	0	0	0	29405544	0	0	29405544	0	0	174	18.136.119.70
5	1	1	0	0	29317927	0	0	29317927	0	0	3543	192.175.111.248
5	1	1	0	1	29416756	0	29416756	29416756	0	29416756	762	159.203.34.123
5	2	2	0	28	29422877	0	29422877	29422877	0	29422877	1524	45.148.10.63
5	2	2	0	0	29379388	0	0	29338790	0	0	1524	18.224.192.118
5	2	2	0	0	29317927	0	0	29317927	0	0	7086	192.175.111.244
5	1	1	0	0	29317927	0	0	29317927	0	0	3543	192.175.111.238
5	3	3	0	18	29317803	0	29317803	29317803	0	29317803	2571	206.189.2.13
5	1	1	0	0	29364994	0	0	29364994	0	0	762	185.247.137.224
5	1	1	0	0	29317927	0	0	29317927	0	0	3543	192.175.111.233
5	1	1	0	0	29318858	0	0	29318858	0	0	3543	34.82.41.156
5	1	1	0	1	29363695	0	29363695	29363695	0	29363695	762	64.227.97.54
5	1	1	0	1	29357861	0	29357861	29357861	0	29357861	762	157.230.26.170
5	1	1	0	1	29397679	0	29397679	29397679	0	29397679	762	164.92.199.34
5	23	3	1	18	29410388	29408908	29410388	29408908	29408908	29410388	155046	2.58.56.222
5	0	0	0	2	0	0	29407095	0	0	29407095	0	169.150.227.229
5	1	1	0	0	29318691	0	0	29318691	0	0	3543	185.247.137.206
5	2	2	0	63	29325335	0	29325336	29325335	0	29325335	1524	13.212.88.49
5	1	1	0	0	29422081	0	0	29422081	0	0	762	198.235.24.254
5	1	1	0	1	29414229	0	29414229	29414229	0	29414229	762	167.94.138.183
5	1	1	0	1	29410992	0	29410992	29410992	0	29410992	762	159.203.32.18
5	1	1	0	1	29362112	0	29362112	29362112	0	29362112	762	142.93.210.152
5	1	1	0	1	29409733	0	29409733	29409733	0	29409733	762	67.205.137.50
5	0	0	0	1	0	0	29381667	0	0	29381667	0	192.121.136.190
5	1	1	0	0	29336173	0	0	29336173	0	0	762	34.31.244.42
5	1	1	0	0	29447032	0	0	29447032	0	0	762	34.14.37.5
5	1	1	0	1	29339227	0	29339227	29339227	0	29339227	762	159.65.153.214
5	9	9	0	54	29443951	0	29443951	29441128	0	29441128	6858	208.84.101.154
5	3	3	0	33	29360751	0	29360751	29360751	0	29360751	2286	206.81.24.74
5	1	1	0	0	29421367	0	0	29421367	0	0	762	104.196.253.36
5	1	1	0	0	29386486	0	0	29386486	0	0	762	198.235.24.239
5	1	1	0	0	29319099	0	0	29319099	0	0	3543	185.247.137.178
5	3	3	0	17	29428082	0	29428082	29428082	0	29428082	2286	34.186.57.220
5	1	1	0	0	29449143	0	0	29449143	0	0	762	167.94.138.166
5	1	1	0	1	29413968	0	29413968	29413968	0	29413968	762	162.243.162.90
5	1	1	0	0	29423800	0	0	29423800	0	0	762	185.247.137.174
5	1	1	0	0	29364851	0	0	29364851	0	0	762	185.247.137.173
5	1	1	0	1	29337706	0	29337706	29337706	0	29337706	762	159.65.34.51
5	3	3	0	18	29338699	0	29338699	29338699	0	29338699	2286	134.199.238.10
5	1	1	0	0	29374087	0	0	29374087	0	0	0	198.235.24.223
5	1	1	0	0	29331409	0	0	29331409	0	0	762	198.235.24.218
5	0	0	0	1	0	0	29410058	0	0	29410058	0	2.58.56.167
5	0	0	0	1	0	0	29317927	0	0	29317927	0	64.15.129.125
5	3	3	0	18	29422467	0	29422467	29422467	0	29422467	2286	34.60.223.223
5	1	1	0	1	29437737	0	29437737	29437737	0	29437737	762	142.93.68.248
5	0	0	0	1	0	0	29340554	0	0	29340554	0	45.130.203.212
5	0	0	0	1	0	0	29317927	0	0	29317927	0	64.15.129.118
5	1	1	0	1	29438728	0	29438728	29438728	0	29438728	762	162.142.125.199
5	1	1	0	3	29321802	0	29321803	29321802	0	29321802	3543	165.154.51.221
5	0	0	0	1	0	0	29342044	0	0	29342044	0	45.130.203.204
5	2	2	0	0	29429589	0	0	29428830	0	0	1524	216.106.187.123
5	1	1	0	0	29317927	0	0	29317927	0	0	3543	64.15.129.109
5	1	1	0	0	29392081	0	0	29392081	0	0	762	198.235.24.182
5	0	0	0	1	0	0	29434877	0	0	29434877	0	192.71.126.151
5	2	0	0	0	29317802	0	0	29317802	0	0	174	13.61.2.194
5	1	1	0	1	29417933	0	29417933	29417933	0	29417933	762	137.184.114.183
5	0	0	0	1	0	0	29409570	0	0	29409570	0	138.197.168.68
5	1	1	0	0	29443118	0	0	29443118	0	0	762	50.17.164.180
5	1	1	0	1	29341933	0	29341933	29341933	0	29341933	762	104.248.51.43
5	1	1	0	0	29317927	0	0	29317927	0	0	3543	64.15.129.101
5	1	1	0	0	29317927	0	0	29317927	0	0	3543	64.15.129.100
5	3	3	0	18	29394235	0	29394235	29394235	0	29394235	2286	34.72.56.198
5	0	0	0	1	0	0	29321069	0	0	29321069	0	45.130.203.178
5	0	0	0	1	0	0	29319648	0	0	29319648	0	45.130.203.174
5	0	0	0	1	0	0	29435960	0	0	29435960	0	74.7.175.183
5	1	1	0	1	29334902	0	29334902	29334902	0	29334902	762	188.166.50.26
5	1	1	0	1	29318908	0	29318908	29318908	0	29318908	3543	134.209.183.200
5	0	0	0	1	0	0	29408483	0	0	29408483	0	45.130.203.165
5	1	1	0	0	29406569	0	0	29406569	0	0	762	184.73.189.76
5	1	1	0	0	29405576	0	0	29405576	0	0	762	91.231.89.97
5	1	1	0	0	29406751	0	0	29406751	0	0	762	34.139.53.247
5	1	1	0	0	29360769	0	0	29360769	0	0	762	91.231.89.96
5	0	0	0	1	0	0	29320116	0	0	29320116	0	45.130.203.150
5	1	1	0	1	29415350	0	29415350	29415350	0	29415350	762	164.90.235.153
5	0	0	0	1	0	0	29349496	0	0	29349496	0	172.182.204.83
5	0	0	0	1	0	0	29317805	0	0	29317805	0	13.223.205.209
5	0	0	0	1	0	0	29365593	0	0	29365593	0	2.57.122.48
5	0	0	0	1	0	0	29403532	0	0	29403532	0	74.7.175.151
5	0	0	0	1	0	0	29328768	0	0	29328768	0	198.235.24.127
5	2	2	0	6	29336581	0	29336581	29336581	0	29336581	762	8.219.232.150
5	0	0	0	1	0	0	29433355	0	0	29433355	0	185.177.72.75
5	2	2	0	167	29409779	0	29409783	29409779	0	29409779	1524	34.224.21.88
5	2	1	0	0	29360751	0	0	29360751	0	0	2718	34.122.147.229
5	1	1	0	1	29445986	0	29445986	29445986	0	29445986	762	162.142.125.119
5	1	1	0	2	29334914	0	29334914	29334914	0	29334914	762	162.142.125.120
5	0	0	0	1	0	0	29369198	0	0	29369198	0	205.210.31.228
5	1	1	0	1	29395198	0	29395198	29395198	0	29395198	762	45.55.73.131
5	1	1	0	0	29360769	0	0	29360769	0	0	762	91.231.89.126
5	1	1	0	1	29406675	0	29406675	29406675	0	29406675	762	147.182.201.169
5	1	1	0	1	29427403	0	29427403	29427403	0	29427403	762	162.142.125.117
5	1	1	0	2	29320658	0	29320658	29320658	0	29320658	3543	162.142.125.116
5	4	0	0	0	29405537	0	0	29317802	0	0	256	74.112.76.31
5	1	1	0	0	29412456	0	0	29412456	0	0	762	34.187.253.201
5	3	3	0	33	29405544	0	29405544	29405544	0	29405544	2286	167.99.182.39
5	1	1	0	0	29382411	0	0	29382411	0	0	762	205.210.31.215
5	1	1	0	0	29335672	0	0	29335672	0	0	762	198.235.24.99
5	1	1	0	0	29407185	0	0	29407185	0	0	762	91.231.89.37
5	1	1	0	0	29362241	0	0	29362241	0	0	762	136.107.44.158
5	1	1	0	0	29407187	0	0	29407187	0	0	762	91.231.89.101
5	1	1	0	0	29442821	0	0	29442821	0	0	762	34.239.214.15
5	2	1	0	0	29435768	0	0	29435768	0	0	2721	205.169.39.57
5	1	1	0	1	29360751	0	29360751	29360751	0	29360751	762	185.255.129.216
5	1	1	0	0	29360839	0	0	29360839	0	0	762	91.231.89.21
5	0	0	1	0	0	29408941	0	0	29408941	0	0	54.242.160.227
5	2	2	0	0	29405573	0	0	29360846	0	0	1524	91.231.89.19
5	1	1	0	9	29321265	0	29321265	29321265	0	29321265	3543	185.177.72.31
5	2	1	0	0	29437556	0	0	29437556	0	0	2717	205.169.39.51
5	1	1	0	9	29320970	0	29320970	29320970	0	29320970	3543	185.177.72.30
5	2	1	0	0	29360757	0	0	29360757	0	0	2717	205.169.39.50
5	2	2	0	0	29371742	0	0	29347673	0	0	1524	3.138.185.30
5	1	1	0	0	29317819	0	0	29317819	0	0	2118	205.169.39.48
5	0	0	0	1	0	0	29338645	0	0	29338645	0	198.235.24.75
5	1	1	0	9	29319473	0	29319473	29319473	0	29319473	3543	185.177.72.24
5	1	1	0	9	29363485	0	29363485	29363485	0	29363485	762	185.177.72.23
5	1	1	0	0	29386687	0	0	29386687	0	0	0	205.210.31.173
5	1	1	0	0	29377309	0	0	29377309	0	0	762	93.158.90.155
5	1	1	0	0	29373929	0	0	29373929	0	0	762	205.210.31.166
5	3	3	0	3	29421404	0	29421404	29411806	0	29411806	2286	93.123.109.58
5	1	1	0	0	29326707	0	0	29326707	0	0	762	198.235.24.60
5	1	0	0	0	29317802	0	0	29317802	0	0	87	18.142.178.196
5	2	1	0	0	29442481	0	0	29442481	0	0	2717	205.169.39.31
5	3	3	0	17	29412847	0	29412847	29412847	0	29412847	2286	34.10.183.182
5	3	3	0	18	29318692	0	29318692	29318692	0	29318692	10629	50.16.41.231
5	1	1	0	0	29421342	0	0	29421342	0	0	762	136.117.155.53
5	2	0	0	0	29405544	0	0	29405544	0	0	174	56.228.22.38
5	1	1	0	0	29421121	0	0	29421121	0	0	762	34.14.120.132
5	1	1	0	0	29335991	0	0	29335991	0	0	0	198.235.24.53
5	2	2	0	0	29360851	0	0	29360851	0	0	1524	34.58.193.232
5	1	1	0	0	29327839	0	0	29327839	0	0	762	205.210.31.153
5	1	1	0	1	29435523	0	29435523	29435523	0	29435523	762	146.190.131.121
5	1	1	0	0	29317845	0	0	29317845	0	0	3518	35.224.181.211
5	3	3	0	17	29429611	0	29429611	29429611	0	29429611	2286	34.127.56.98
5	2	2	0	0	29328175	0	0	29317812	0	0	2647	205.169.39.20
5	1	1	0	0	29448274	0	0	29448274	0	0	762	198.235.24.44
5	2	2	0	0	29337606	0	0	29331671	0	0	762	198.235.24.42
5	2	1	0	0	29328174	0	0	29328174	0	0	2717	205.169.39.14
5	1	1	0	0	29361472	0	0	29361472	0	0	762	205.169.39.13
5	1	1	0	0	29422335	0	0	29422335	0	0	0	198.235.24.40
5	1	0	0	0	29360751	0	0	29360751	0	0	1931	205.169.39.12
5	1	1	0	0	29412702	0	0	29412702	0	0	762	136.118.186.0
5	3	3	0	17	29438357	0	29438357	29438357	0	29438357	2286	35.233.220.99
5	2	2	0	6	29322331	0	29322331	29322331	0	29322331	1524	79.127.167.248
5	2	2	0	6	29323138	0	29323138	29323138	0	29323138	1524	79.127.167.246
5	2	1	0	0	29328175	0	0	29328175	0	0	2718	104.197.69.115
5	2	1	0	0	29365101	0	0	29365101	0	0	2718	34.141.187.142
5	1	1	0	0	29423954	0	0	29423954	0	0	762	34.231.195.239
5	1	1	0	0	29369319	0	0	29369319	0	0	762	205.210.31.130
5	2	2	0	2	29382528	0	29382527	29379700	0	29379700	1524	91.92.241.199
5	1	1	0	0	29416881	0	0	29416881	0	0	762	205.210.31.92
5	2	2	0	0	29407371	0	0	29318526	0	0	4305	205.169.39.8
5	2	1	0	0	29365847	0	0	29365847	0	0	2716	205.169.39.7
5	1	1	0	1	29323353	0	29323353	29323353	0	29323353	762	204.48.29.130
5	1	1	0	0	29392270	0	0	29392270	0	0	0	205.210.31.110
5	1	1	0	0	29326138	0	0	29326138	0	0	762	205.210.31.82
5	2	2	0	0	29366589	0	0	29366461	0	0	762	205.210.31.80
5	1	1	0	0	29326267	0	0	29326267	0	0	0	205.210.31.76
5	0	0	0	1	0	0	29419532	0	0	29419532	0	205.210.31.73
5	1	1	0	1	29375271	0	29375271	29375271	0	29375271	762	167.99.202.2
5	3	3	0	33	29360751	0	29360751	29360751	0	29360751	2286	164.92.244.132
5	0	0	0	1	0	0	29389284	0	0	29389284	0	147.185.132.222
5	0	0	0	1	0	0	29412199	0	0	29412199	0	159.223.141.80
5	1	0	0	0	29405544	0	0	29405544	0	0	87	3.132.214.65
5	1	1	0	1	29328325	0	29328325	29328325	0	29328325	762	156.146.55.168
5	3	3	0	18	29423827	0	29423827	29423827	0	29423827	2286	34.182.0.32
5	3	3	0	18	29354196	0	29354196	29354196	0	29354196	2286	45.149.173.211
5	1	1	0	0	29362239	0	0	29362239	0	0	762	34.136.132.240
5	1	1	0	2	29318533	0	29318534	29318533	0	29318533	3543	167.94.146.57
5	1	1	0	0	29414209	0	0	29414209	0	0	762	34.86.97.165
5	6	6	0	36	29440021	0	29440021	29361113	0	29361113	4572	45.149.173.193
5	1	1	0	0	29425769	0	0	29425769	0	0	762	167.94.138.32
5	0	0	0	1	0	0	29336251	0	0	29336251	0	64.23.171.164
5	1	1	0	2	29318515	0	29318515	29318515	0	29318515	3543	167.94.146.50
5	3	3	0	18	29417082	0	29417082	29417082	0	29417082	2286	34.75.145.30
5	0	0	0	1	0	0	29398925	0	0	29398925	0	205.210.31.46
5	1	1	0	0	29444268	0	0	29444268	0	0	762	34.60.182.0
5	1	1	0	0	29387519	0	0	29387519	0	0	762	205.210.31.45
5	0	0	0	2	0	0	29388405	0	0	29388405	0	213.136.76.215
5	1	1	0	1	29366596	0	29366596	29366596	0	29366596	762	137.184.167.22
5	1	1	0	0	29412684	0	0	29412684	0	0	762	35.196.187.197
5	1	1	0	0	29398207	0	0	29398207	0	0	0	205.210.31.37
5	1	1	0	0	29417113	0	0	29417113	0	0	0	205.210.31.35
5	1	0	0	0	29317802	0	0	29317802	0	0	87	44.250.221.149
5	1	0	0	0	29405544	0	0	29405544	0	0	87	52.43.155.17
5	0	0	0	1	0	0	29414502	0	0	29414502	0	208.84.101.66
5	1	1	0	0	29436900	0	0	29436900	0	0	762	98.88.142.13
5	1	1	0	0	29382549	0	0	29382549	0	0	0	205.210.31.22
5	3	3	0	17	29442718	0	29442718	29442718	0	29442718	2286	34.31.38.119
5	1	1	0	0	29419410	0	0	29419410	0	0	762	205.210.31.21
5	1	1	0	7	29416831	0	29416831	29416831	0	29416831	762	24.199.117.85
5	3	3	0	33	29412241	0	29412241	29412241	0	29412241	2286	139.59.143.102
5	1	1	0	3	29420147	0	29420147	29420147	0	29323548	0	45.148.10.246
5	1	1	0	19	29337774	0	29337774	29337774	0	29337774	762	45.148.10.245
5	1	1	0	3	29325834	0	29325834	29325834	0	29325834	762	118.193.33.130
5	1	1	0	0	29398123	0	0	29398123	0	0	762	205.210.31.11
5	0	0	0	1	0	0	29317805	0	0	29317805	0	44.198.61.61
5	0	0	0	1	0	0	29318599	0	0	29318599	0	213.209.157.244
5	0	0	0	1	0	0	29367725	0	0	29367725	0	74.7.230.25
5	1	1	0	1	29328326	0	29328326	29328326	0	29328326	762	195.47.194.76
5	2	2	0	0	29396672	0	0	29396672	0	0	1524	111.7.100.27
5	1	1	0	0	29447416	0	0	29447416	0	0	762	34.38.119.124
5	1	1	0	1	29340516	0	29340516	29340516	0	29340516	762	164.92.71.227
5	1	0	0	0	29317802	0	0	29317802	0	0	87	34.219.22.253
5	2	2	0	14	29331508	0	29331508	29326239	0	29326239	1524	137.184.177.9
5	1	1	0	0	29362371	0	0	29362371	0	0	762	136.112.127.80
5	1	1	0	0	29317805	0	0	29317805	0	0	1703	44.214.92.208
5	1	1	0	1	29365158	0	29365158	29365158	0	29365158	762	143.110.190.149
5	1	1	0	0	29337884	0	0	29337884	0	0	762	34.68.40.168
5	3	3	0	102	29349770	0	29349774	29349769	0	29349770	2286	195.178.110.68
5	1	1	0	0	29406722	0	0	29406722	0	0	762	34.59.132.4
5	1	1	0	0	29337541	0	0	29337541	0	0	762	34.135.20.196
5	1	1	0	2	29318519	0	29318519	29318519	0	29318519	3543	206.168.34.45
5	2	2	0	28	29423339	0	29423339	29423339	0	29423339	1524	45.148.10.204
5	1	1	0	0	29444399	0	0	29444399	0	0	762	34.48.131.55
5	2	2	0	0	29411168	0	0	29394854	0	0	1524	3.146.111.124
5	1	1	0	0	29336204	0	0	29336204	0	0	762	34.73.216.41
5	1	1	0	1	29320348	0	29320348	29320348	0	29320348	3543	161.35.21.83
5	3	2	0	0	29362983	0	0	29362983	0	0	3480	205.169.39.198
5	1	1	0	2	29336371	0	29336371	29336371	0	29336371	762	206.168.34.34
5	0	0	0	2	0	0	29360750	0	0	29335565	0	192.64.113.146
5	1	1	0	0	29409662	0	0	29409662	0	0	762	44.220.48.213
5	1	1	0	0	29446980	0	0	29446980	0	0	762	136.119.47.210
5	1	0	0	0	29317802	0	0	29317802	0	0	87	13.251.124.181
5	0	0	0	1	0	0	29361698	0	0	29361698	0	164.90.192.121
5	1	1	0	0	29406722	0	0	29406722	0	0	762	34.56.69.189
5	1	1	0	7	29409375	0	29409375	29409375	0	29409375	762	143.198.74.120
5	0	0	0	1	0	0	29407194	0	0	29407194	0	91.196.152.86
5	2	1	0	2	29365101	0	29365101	29365100	0	29365101	1930	34.32.251.74
5	1	1	0	0	29437343	0	0	29437343	0	0	762	44.218.6.122
5	2	2	0	0	29362422	0	0	29362421	0	0	1524	45.148.10.160
z	0	14	14	29422335	0
z	2	24	0	29405544	1996
z	3	311	311	29449143	237337
z	4	84	48	29442481	346451
c	200	433	29449143
c	302	3	29409069
c	403	5	29434877
c	404	2145	29449513
