CACHE type 5 produced by analog 6.0/Unix. Do not modify or delete!
T	0	0	774	252	10	1418	3587937
D	29336569	29449808
20372	177	12	0	998
20372	178	131	11	153543
20372	179	1	1	22535
20372	180	1	1	22535
20372	182	1	1	13537
20372	191	10	10	132400
20372	200	2	2	26480
20372	226	1	1	13240
20373	18	1	1	13240
20373	60	1	1	13240
20373	93	1	1	13240
20373	96	1	1	13240
20373	107	2	2	26480
20373	130	1	1	13240
20373	163	1	1	13240
20373	166	1	1	13240
20373	186	1	1	13240
20373	194	1	1	13240
20374	99	3	3	39720
20375	156	1	1	13240
20375	191	1	1	13240
20375	205	1	1	13240
20378	9	1	0	2000
20378	12	1	1	5910
20378	21	1	0	2029
20378	47	1	0	2040
20378	48	1	0	1991
20378	50	1	0	1995
20378	51	1	0	2025
20378	64	1	0	1977
20378	72	1	0	1991
20378	81	1	0	1982
20378	92	1	0	2008
20378	95	1	0	2012
20378	110	1	0	2036
20378	117	1	0	2004
20378	119	1	1	5910
20378	121	2	0	4009
20378	126	1	0	1999
20378	138	1	0	1987
20378	146	1	0	2022
20378	153	1	0	1987
20378	178	1	0	1990
20378	183	1	0	1998
20379	49	1	1	13240
20379	139	8	2	23864
20380	118	1	1	13240
20380	239	1	1	13240
20380	254	1	0	2002
20380	257	1	0	2017
20380	261	1	0	2000
20380	265	1	0	1970
20380	271	1	0	1953
20380	279	1	0	1786
20380	283	1	0	1637
20380	286	1	0	1994
20381	3	1	0	2020
20381	4	1	0	1786
20381	6	1	0	1655
20381	10	1	0	2016
20381	13	1	0	1994
20381	14	1	0	1995
20381	16	1	1	13240
20381	17	2	0	4018
20381	19	1	0	1991
20381	23	1	0	1660
20381	30	1	0	1967
20381	31	1	0	2013
20381	38	1	0	1957
20381	60	2	0	3642
20381	66	1	0	1651
20381	74	1	0	2022
20381	75	1	0	2024
20381	78	1	0	1988
20381	82	1	1	13240
20381	85	1	0	1633
20381	96	1	0	1990
20381	98	1	0	1987
20381	103	1	0	1631
20381	104	1	0	1641
20381	107	1	0	2027
20381	109	1	0	1983
20381	112	1	0	1635
20381	114	1	0	2009
20381	125	1	0	1655
20381	179	1	0	2021
20381	216	1	0	1994
20381	278	1	1	13240
20382	31	3	3	39720
20382	32	2	2	26480
20382	54	1	1	13240
20383	23	3	3	39720
20383	111	1	1	13240
20383	113	1	1	13240
20383	149	1	1	13240
20383	150	1	1	13240
20385	32	11	1	32750
20385	33	26	6	74354
20385	34	26	2	57236
20385	151	3	3	39720
20385	257	1	1	13240
20389	141	1	1	13240
20389	277	2	2	26480
20390	228	2	2	19150
20390	229	15	9	65234
20391	27	1	1	13240
20391	216	2	2	26480
20393	181	1	1	13240
20394	102	1	1	13240
20396	26	1	1	13240
20396	125	2	1	1980
20396	134	14	5	46438
20396	135	38	2	81164
20396	243	1	1	13240
20400	2	1	1	13240
20400	169	1	1	13240
20402	19	2	2	5910
20402	86	16	7	59449
20402	145	1	1	13240
20404	272	1	1	13240
20405	123	1	1	13240
20406	64	1	1	13240
20406	156	1	1	13240
20406	208	1	1	13240
20406	232	1	1	13240
20407	162	2	1	1950
20407	272	4	0	7944
20407	273	39	6	99391
20407	274	7	2	20188
20409	75	1	1	13240
20410	94	1	1	13240
20410	108	1	1	13240
20410	139	1	1	13240
20411	132	1	1	5910
20411	177	1	1	5910
20412	266	2	0	3978
20413	10	2	0	4016
20413	11	15	6	53511
20413	137	1	1	13240
20413	263	2	2	26480
20414	83	1	1	13240
20418	51	3	3	11820
20418	52	5	1	13532
20420	220	2	2	26480
20422	32	1	1	13240
20422	33	1	1	13240
20422	41	1	1	13240
20422	221	7	0	53508
20423	121	2	1	1652
20423	133	21	5	61215
20423	134	20	2	45207
20423	250	1	1	13240
20424	219	1	1	13240
20425	130	1	1	13240
20425	131	2	2	26480
20428	115	1	1	13240
20429	95	1	1	13240
20429	247	1	1	13240
20430	261	2	2	26480
20432	105	2	1	7947
20432	195	1	1	13240
20432	277	2	2	26480
20433	58	2	2	26480
20433	167	1	1	13240
20433	183	2	0	128
20433	184	16	6	80310
20433	185	1	1	13240
20433	186	1	1	13240
20433	189	3	3	39720
20433	190	1	1	13240
20433	204	3	1	10008
20433	246	1	0	1787
20434	4	9	0	18219
20434	5	3	0	6111
20434	7	1	0	1787
20434	8	4	0	8052
20434	9	2	0	4050
20434	12	2	0	4134
20434	53	2	0	4098
20434	64	1	0	2024
20434	65	1	0	2020
20434	112	1	1	13240
20434	117	1	1	13240
20434	128	1	1	13240
20434	129	1	1	13240
20434	142	1	1	13240
20434	204	3	3	39720
20434	261	2	2	26480
20435	77	3	3	39720
20435	159	1	1	13240
20435	163	1	1	13240
20435	205	1	0	2048
20435	206	1	0	2044
20435	236	1	1	13240
20435	257	1	0	2018
20436	107	1	1	13240
20436	164	2	0	4094
20436	249	2	2	26480
20437	74	1	1	13240
20437	80	1	1	13240
20437	112	1	1	13240
20437	127	1	1	13240
20437	129	1	1	13240
20437	157	1	1	13240
20437	162	1	1	13240
20437	253	1	1	5910
20437	265	1	1	13240
20438	58	1	0	1659
20438	195	1	1	13240
20438	255	1	0	1971
20438	257	1	1	13240
20438	259	1	0	1994
20438	262	1	0	1659
20438	263	1	0	1638
20438	264	1	0	1966
20438	267	1	0	1786
20438	278	2	0	4023
20438	282	1	0	1977
20438	283	1	0	2036
20439	0	2	0	3969
20439	1	1	0	2022
20439	5	1	0	1995
20439	9	2	0	3681
20439	12	1	0	1988
20439	19	2	0	3627
20439	20	2	0	4004
20439	21	1	0	2013
20439	24	1	0	2004
20439	26	1	0	1988
20439	31	1	1	13240
20439	45	1	0	1651
20439	48	1	0	2021
20439	52	1	0	1998
20439	53	1	0	2041
20439	54	1	0	2022
20439	57	1	0	1641
20439	60	2	0	3655
20439	61	2	0	4004
20439	62	1	0	1632
20439	67	1	0	2003
20439	69	1	0	2010
20439	71	1	0	2000
20439	74	1	0	1992
20439	76	2	0	3653
20439	77	1	0	2018
20439	84	2	0	3952
20439	85	1	0	2000
20439	86	1	0	1998
20439	88	1	0	2004
20439	92	1	0	1991
20439	93	1	0	2027
20439	96	2	0	4010
20439	97	1	0	1786
20439	99	1	0	2018
20439	106	1	0	1655
20439	108	1	0	1957
20439	115	1	0	2021
20439	118	1	0	1992
20439	123	1	0	1988
20439	124	1	0	1983
20439	134	1	0	1990
20439	196	1	1	13240
20440	199	1	1	13240
20440	215	3	3	39720
20442	126	1	1	13240
20444	163	1	1	13240
20444	214	3	3	39720
20445	167	1	1	13240
20446	46	1	1	13240
20446	52	1	1	13240
20446	168	1	1	13240
20447	69	1	1	13240
20448	118	3	3	39720
20450	1	3	3	39720
20451	73	1	1	13240
1	0	0	0	8	0	0	29448007	0	0	29339057	0	/wp/wp-includes/wlwmanifest.xml
1	0	0	0	3	0	0	29429088	0	0	29350239	0	/.env.local
1	0	0	0	1	0	0	29412658	0	0	29412658	0	/config/cli_bootstrap.php
1	0	0	0	1	0	0	29412661	0	0	29412661	0	/admin/constants.js
1	0	0	0	1	0	0	29429091	0	0	29429091	0	/dist/js/main.js
1	0	0	0	4	0	0	29423465	0	0	29350240	0	/storage/logs/laravel.log
1	0	0	0	1	0	0	29412656	0	0	29412656	0	/install/index.php
1	0	0	0	1	0	0	29412656	0	0	29412656	0	/wordpress/wp-config.php.bak
1	0	0	0	1	0	0	29412666	0	0	29412666	0	/server/constant.js
1	0	0	0	1	0	0	29412662	0	0	29412662	0	/application/libraries/aws/access.ini
1	0	0	0	3	0	0	29429089	0	0	29350240	0	/config.js
1	0	0	0	3	0	0	29429091	0	0	29350240	0	/config/application.yml
1	0	0	0	1	0	0	29412659	0	0	29412659	0	/src/settings.json
1	0	0	0	1	0	0	29412660	0	0	29412660	0	/AWSCredentials.properties
1	16	0	0	0	29432447	0	0	29336571	0	0	22812	/error/400.shtml
1	0	0	0	1	0	0	29429091	0	0	29429091	0	/static/js/main.js
1	0	0	0	1	0	0	29412664	0	0	29412664	0	/circle.yml
1	0	0	0	1	0	0	29429090	0	0	29429090	0	/stripe.yaml
1	0	0	0	3	0	0	29355159	0	0	29355159	0	/login/
1	0	0	0	1	0	0	29412657	0	0	29412657	0	/sftp-config.json
1	0	0	0	1	0	0	29412667	0	0	29412667	0	/src/FileUpload.js
1	0	0	0	1	0	0	29412668	0	0	29412668	0	/staging/config/common.js
1	0	0	0	2	0	0	29429091	0	0	29350240	0	/js/main.js
1	0	0	0	1	0	0	29412655	0	0	29412655	0	/linusadmin-phpinfo.php
1	0	0	0	1	0	0	29412663	0	0	29412663	0	/backend/constant.js
1	16	0	0	0	29432693	0	0	29336571	0	0	23064	/error/401.shtml
1	0	0	0	1	0	0	29429088	0	0	29429088	0	/.env.secret
1	0	0	0	1	0	0	29412668	0	0	29412668	0	/web/constant.js
1	0	0	0	1	0	0	29412656	0	0	29412656	0	/admincontrol/sys_phpinfo.php
1	0	0	0	1	0	0	29350238	0	0	29350238	0	/mailer/.env
1	0	0	0	1	0	0	29412658	0	0	29412658	0	/config/database.php
1	0	0	0	1	0	0	29412665	0	0	29412665	0	/elb.rb
1	0	0	0	2	0	0	29429089	0	0	29350239	0	/crm/.env
1	0	0	0	10	0	0	29429088	0	0	29336571	0	/.env
1	1	0	0	0	29336569	0	0	29336569	0	0	64	/.well-known/acme-challenge/B0QY6VXOZ0LBFKUVNWZQB-1QW9EVYBA3
1	14	0	0	0	29432541	0	0	29336571	0	0	19499	/error/402.shtml
1	0	0	0	1	0	0	29412666	0	0	29412666	0	/minio.md
1	0	0	0	1	0	0	29412659	0	0	29412659	0	/Properties/launchSettings.json
1	0	0	0	2	0	0	29429090	0	0	29350240	0	/config/local.yml
1	0	0	0	1	0	0	29429090	0	0	29429090	0	/config/checkout.js
1	0	0	0	1	0	0	29412667	0	0	29412667	0	/server/src/util/s3_operation.go
1	0	0	0	1	0	0	29412668	0	0	29412668	0	/src/mailserver.js
1	0	0	0	1	0	0	29412664	0	0	29412664	0	/backend/utils.js
1	0	0	0	1	0	0	29367872	0	0	29367872	0	/tmp/phpinfo.php
1	0	0	0	1	0	0	29412669	0	0	29412669	0	/.jaynes.yml
1	16	0	0	0	29432474	0	0	29336571	0	0	22743	/error/403.shtml
1	0	0	0	11	0	0	29441517	0	0	29346455	0	/robots.txt?13.229.248.186
1	0	0	0	1	0	0	29412663	0	0	29412663	0	/backend/controller.js
1	0	0	0	1	0	0	29412664	0	0	29412664	0	/config/app.js
1	0	0	0	1	0	0	29350239	0	0	29350239	0	/service/email_service.py
1	16	0	0	0	29432388	0	0	29336571	0	0	23008	/error/404.shtml
1	1	0	0	0	29424437	0	0	29424437	0	0	64	/.well-known/acme-challenge/AMUO2VGP0RDD58-933H9M62ZHK381ZX8
1	0	0	0	1	0	0	29412660	0	0	29412660	0	/admin/config/database.js
1	0	0	0	1	0	0	29412658	0	0	29412658	0	/config/app.php
1	0	0	0	1	0	0	29412662	0	0	29412662	0	/app/config/parameters.yml.dist
1	0	0	0	1	0	0	29350237	0	0	29350237	0	/wp-config
1	0	0	0	1	0	0	29412665	0	0	29412665	0	/constants.ts
1	0	0	0	1	0	0	29412656	0	0	29412656	0	/tool/phpinfo.php
1	0	0	0	1	0	0	29429090	0	0	29429090	0	/config/stripe.js
1	0	0	0	1	0	0	29350237	0	0	29350237	0	/_profiler/phpinfo/phpinfo.php
1	0	0	0	1	0	0	29412659	0	0	29412659	0	/appsettings.Local.json
1	0	0	0	1	0	0	29412668	0	0	29412668	0	/src/src.js
1	0	0	0	1	0	0	29412659	0	0	29412659	0	/config/aws.json
1	14	0	0	0	29432781	0	0	29336571	0	0	23685	/error/405.shtml
1	0	0	0	2	0	0	29336571	0	0	29336571	0	/cgi-bin/
1	0	0	0	1	0	0	29429091	0	0	29429091	0	/keys.json
1	0	0	0	2	0	0	29429089	0	0	29350239	0	/website/.env
1	0	0	0	2	0	0	29412662	0	0	29350240	0	/app.py
1	0	0	0	4	0	0	29425604	0	0	29337212	0	/wordpress/
1	0	0	0	1	0	0	29429091	0	0	29429091	0	/static/js/app.js
1	0	0	0	1	0	0	29350237	0	0	29350237	0	/_profiler/phpinfo/info.php
1	0	0	0	2	0	0	29390941	0	0	29390872	0	/wp/
1	0	0	0	1	0	0	29412659	0	0	29412659	0	/config/production.config.php
1	0	0	0	1	0	0	29429091	0	0	29429091	0	/application-production.properties
1	0	0	0	2	0	0	29429089	0	0	29350237	0	/www/.env
1	0	0	0	1	0	0	29350239	0	0	29350239	0	/scripts/nodemailer.js
1	0	0	0	1	0	0	29412661	0	0	29412661	0	/api/config/common.js
1	0	0	0	1	0	0	29412662	0	0	29412662	0	/app.yaml
1	15	0	0	0	29432469	0	0	29336571	0	0	25763	/error/406.shtml
1	0	0	0	1	0	0	29350240	0	0	29350240	0	/aws/credentials
1	0	0	0	1	0	0	29412658	0	0	29412658	0	/config/queue.php
1	0	0	0	1	0	0	29429089	0	0	29429089	0	/billing/.env
1	0	0	0	1	0	0	29429088	0	0	29429088	0	/.env.swp
1	0	0	0	1	0	0	29350240	0	0	29350240	0	/server/s3.js
1	0	0	0	1	0	0	29412666	0	0	29412666	0	/prod/config.js
1	0	0	0	1	0	0	29429089	0	0	29429089	0	/checkout/.env
1	0	0	0	1	0	0	29412663	0	0	29412663	0	/awsconfig.properties
1	0	0	0	1	0	0	29412659	0	0	29412659	0	/tsconfig.app.json
1	16	16	0	0	29430546	0	0	29336571	0	0	94560	/error/
1	0	0	0	1	0	0	29412659	0	0	29412659	0	/config/acl.config.php
1	0	0	0	1	0	0	29412667	0	0	29412667	0	/src/mail.js
1	0	0	0	1	0	0	29412656	0	0	29412656	0	/src/config.json
1	0	0	0	1	0	0	29412668	0	0	29412668	0	/staging/config/config.js
1	14	0	0	0	29432627	0	0	29336571	0	0	24171	/error/407.shtml
1	0	0	0	1	0	0	29412664	0	0	29412664	0	/config/index.js
1	0	0	0	1	0	0	29412660	0	0	29412660	0	/API/config/constants.js
1	0	0	0	1	0	0	29412669	0	0	29412669	0	/.production
1	0	0	0	1	0	0	29412670	0	0	29412670	0	/myproject/settings.py
1	0	0	0	1	0	0	29429091	0	0	29429091	0	/api-keys.json
1	0	0	0	1	0	0	29412670	0	0	29412670	0	/elasticsearch.yml
1	0	0	0	1	0	0	29412669	0	0	29412669	0	/config/php.ini
1	0	0	0	8	0	0	29448007	0	0	29339057	0	/wp1/wp-includes/wlwmanifest.xml
1	0	0	0	4	0	0	29424444	0	0	29336571	0	/@vite/env
1	0	0	0	8	0	0	29448007	0	0	29339057	0	/site/wp-includes/wlwmanifest.xml
1	0	0	0	1	0	0	29429090	0	0	29429090	0	/config/prod.js
1	0	0	0	1	0	0	29412661	0	0	29412661	0	/api/helper.js
1	15	0	0	0	29432833	0	0	29336571	0	0	25793	/error/408.shtml
1	0	0	0	1	0	0	29429089	0	0	29429089	0	/server/.env.production
1	0	0	0	1	0	0	29412671	0	0	29412671	0	/settings.yaml
1	0	0	0	1	0	0	29412664	0	0	29412664	0	/backend/node/common.js
1	0	0	0	1	0	0	29412655	0	0	29412655	0	/install/phpinfo.php
1	0	0	0	1	0	0	29412669	0	0	29412669	0	/.aws-secrets
1	0	0	0	1	0	0	29445711	0	0	29445711	0	/2020/wp-includes/wlwmanifest.xml
1	0	0	0	1	0	0	29429090	0	0	29429090	0	/api.js
1	0	0	0	8	0	0	29448007	0	0	29339057	0	/2019/wp-includes/wlwmanifest.xml
1	0	0	0	1	0	0	29429089	0	0	29429089	0	/microservices/.env
1	0	0	0	1	0	0	29412664	0	0	29412664	0	/configs/aws.config.ts
1	0	0	0	1	0	0	29412664	0	0	29412664	0	/config/mail.js
1	0	0	0	1	0	0	29412668	0	0	29412668	0	/web/config/database.js
1	0	0	0	2	0	0	29396037	0	0	29364124	0	/.env/.env.bak
1	0	0	0	1	0	0	29412662	0	0	29412662	0	/app.yml
1	0	0	0	1	0	0	29429091	0	0	29429091	0	/static/js/bundle.js
1	0	0	0	1	0	0	29350239	0	0	29350239	0	/node/.env_example
1	0	0	0	1	0	0	29412654	0	0	29412654	0	/backend/.env.development
1	0	0	0	3	0	0	29370869	0	0	29354562	0	/robots.txt?192.175.111.253
1	0	0	0	1	0	0	29429090	0	0	29429090	0	/stripe_keys.js
1	13	0	0	0	29432702	0	0	29336571	0	0	21381	/error/410.shtml
1	14	0	0	0	29432293	0	0	29336571	0	0	23740	/error/409.shtml
1	0	0	0	2	0	0	29436092	0	0	29342388	0	/.git/HEAD?13.229.248.186
1	0	0	0	1	0	0	29412662	0	0	29412662	0	/application.ini
1	0	0	0	1	0	0	29412665	0	0	29412665	0	/dev/helper.js
1	0	0	0	1	0	0	29412667	0	0	29412667	0	/src/constants.ts
1	0	0	0	1	0	0	29412661	0	0	29412661	0	/api/mailer.js
1	0	0	0	1	0	0	29429088	0	0	29429088	0	/.env.secrets
1	0	0	0	1	0	0	29412665	0	0	29412665	0	/dev/controller.js
1	0	0	0	3	0	0	29429089	0	0	29350240	0	/app.js
1	0	0	0	1	0	0	29412662	0	0	29412662	0	/aws.md
1	0	0	0	1	0	0	29412660	0	0	29412660	0	/IAM.md
1	0	0	0	1	0	0	29350238	0	0	29350238	0	/laravel/core/.env
1	18	0	0	0	29432737	0	0	29336571	0	0	32226	/error/411.shtml
1	0	0	0	2	0	0	29429091	0	0	29350240	0	/static/js/2.ca066a4b.chunk.js
1	0	0	0	1	0	0	29429091	0	0	29429091	0	/application-prod.properties
1	0	0	0	2	0	0	29429090	0	0	29412665	0	/constants.js
1	0	0	0	1	0	0	29412664	0	0	29412664	0	/conf.yaml
1	0	0	0	1	0	0	29429091	0	0	29429091	0	/static/js/vendors.js
1	0	0	0	1	0	0	29412662	0	0	29412662	0	/application/configs/application.ini
1	0	0	0	1	0	0	29350240	0	0	29350240	0	/swagger.js
1	0	0	0	1	0	0	29412665	0	0	29412665	0	/dev/mailer.js
1	0	0	0	1	0	0	29412664	0	0	29412664	0	/config/sitemap.rb
1	0	0	0	1	0	0	29412664	0	0	29412664	0	/config/utils.js
1	0	0	0	2	0	0	29412662	0	0	29350240	0	/apis/controllers/users.js
1	0	0	0	2	0	0	29412663	0	0	29350240	0	/backend/config/development.yml
1	18	0	0	0	29432641	0	0	29336571	0	0	32207	/error/412.shtml
1	6	6	0	0	29402180	0	0	29362745	0	0	35460	/error/?C=S;O=D
1	0	0	0	1	0	0	29350240	0	0	29350240	0	/controller/admin/post.js
1	0	0	0	1	0	0	29412670	0	0	29412670	0	/credentials.ini
1	6	6	0	0	29409786	0	0	29354566	0	0	35460	/error/?C=S;O=A
1	0	0	0	2	0	0	29350238	0	0	29350238	0	/lara/phpinfo.php
1	0	0	0	1	0	0	29412670	0	0	29412670	0	/defaults.yaml
1	0	0	0	2	0	0	29424443	0	0	29424443	0	/webjars/swagger-ui/
1	0	0	0	2	0	0	29423465	0	0	29420509	0	/debug.log
1	0	0	0	1	0	0	29412658	0	0	29412658	0	/application/config/autoload.php
1	0	0	0	1	0	0	29412670	0	0	29412670	0	/settings.ini
1	0	0	0	1	0	0	29412661	0	0	29412661	0	/api/index.js
1	0	0	0	1	0	0	29412666	0	0	29412666	0	/providers/aws.service.ts
1	0	0	0	1	0	0	29412670	0	0	29412670	0	/config_tmp.ini
1	0	0	0	8	0	0	29448007	0	0	29339057	0	/wp-includes/wlwmanifest.xml
1	0	0	0	1	0	0	29412668	0	0	29412668	0	/staging/config/constants.js
1	0	0	0	1	0	0	29412671	0	0	29412671	0	/api/settings.py
1	0	0	0	1	0	0	29389335	0	0	29389335	0	/blog/xmlrpc.php
1	16	0	0	0	29432517	0	0	29336571	0	0	27893	/error/413.shtml
1	0	0	0	6	0	0	29423465	0	0	29350240	0	/test.php
1	1	0	0	0	29432588	0	0	29432588	0	0	2000	/error/502.shtml?13.229.248.186
1	0	0	0	1	0	0	29412664	0	0	29412664	0	/config/controller.js
1	0	0	0	1	0	0	29412670	0	0	29412670	0	/secrets.yaml
1	0	0	0	1	0	0	29412670	0	0	29412670	0	/manifest.yaml
1	0	0	0	1	0	0	29412655	0	0	29412655	0	/infos.php
1	0	0	0	7	0	0	29423465	0	0	29350237	0	/_profiler/phpinfo
1	0	0	0	1	0	0	29412663	0	0	29412663	0	/aws/s3.ts
1	0	0	0	1	0	0	29350238	0	0	29350238	0	/xampp/.env
1	13	0	0	0	29432505	0	0	29336571	0	0	21994	/error/500.shtml
1	17	0	0	0	29432622	0	0	29336571	0	0	29823	/error/414.shtml
1	0	0	0	4	0	0	29424444	0	0	29336571	0	/server-status
1	0	0	0	2	0	0	29429088	0	0	29350239	0	/.env.production.local
1	0	0	0	1	0	0	29412665	0	0	29412665	0	/dev/mail.js
1	0	0	0	1	0	0	29350240	0	0	29350240	0	/sms.py
1	7	7	0	0	29409788	0	0	29354567	0	0	41370	/error/?C=N;O=D
1	0	0	0	1	0	0	29412662	0	0	29412662	0	/app/.secrets
1	0	0	0	1	0	0	29412664	0	0	29412664	0	/config/config.ino
1	0	0	0	1	0	0	29429091	0	0	29429091	0	/static/js/chunk.js
1	0	0	0	8	0	0	29448007	0	0	29339057	0	/news/wp-includes/wlwmanifest.xml
1	6	6	0	0	29409788	0	0	29362746	0	0	35460	/error/?C=N;O=A
1	17	0	0	0	29432641	0	0	29336571	0	0	29837	/error/501.shtml
1	0	0	0	1	0	0	29412668	0	0	29412668	0	/web/controller.js
1	0	0	0	2	0	0	29390941	0	0	29390872	0	/blog/
1	0	0	0	1	0	0	29412665	0	0	29412665	0	/dev/config/constants.js
1	0	0	0	3	0	0	29423465	0	0	29412656	0	/.env.js
1	0	0	0	1	0	0	29412663	0	0	29412663	0	/aws/access.ini
1	0	0	0	1	0	0	29412661	0	0	29412661	0	/api/constants.js
1	0	0	0	1	0	0	29412660	0	0	29412660	0	/API.md
1	0	0	0	4	0	0	29424444	0	0	29336571	0	/.DS_Store
1	16	0	0	0	29432546	0	0	29336571	0	0	28209	/error/415.shtml
1	0	0	0	1	0	0	29412660	0	0	29412660	0	/admin/config_pro.toml
1	0	0	0	1	0	0	29412658	0	0	29412658	0	/config/services.php
1	0	0	0	1	0	0	29412660	0	0	29412660	0	/config/dev.json
1	0	0	0	1	0	0	29412659	0	0	29412659	0	/launchSettings.json
1	0	0	0	1	0	0	29412666	0	0	29412666	0	/model/config.ts
1	0	0	0	4	0	0	29424444	0	0	29336571	0	/telescope/requests
1	0	0	0	1	0	0	29412663	0	0	29412663	0	/aws/s3.py
1	16	0	0	0	29432602	0	0	29336571	0	0	27955	/error/502.shtml
1	0	0	0	1	0	0	29412664	0	0	29412664	0	/backend/node/config.js
1	17	0	0	0	29432425	0	0	29336571	0	0	30495	/error/416.shtml
1	0	0	0	1	0	0	29350240	0	0	29350240	0	/controllers/settings.js
1	0	0	0	1	0	0	29412667	0	0	29412667	0	/src/app/services/aws.service.ts
1	0	0	0	1	0	0	29412664	0	0	29412664	0	/be/config.js
1	0	0	0	1	0	0	29412667	0	0	29412667	0	/src/constants.js
1	0	0	0	1	0	0	29412661	0	0	29412661	0	/api/utils.js
1	0	0	0	1	0	0	29412666	0	0	29412666	0	/server/controller.js
1	0	0	0	1	0	0	29350240	0	0	29350240	0	/shared/config/config.js
1	0	0	0	1	0	0	29412659	0	0	29412659	0	/meteor.settings.json
1	0	0	0	1	0	0	29412670	0	0	29412670	0	/configs/application.ini
1	0	0	0	1	0	0	29412658	0	0	29412658	0	/config/app.default.php
1	17	0	0	0	29432754	0	0	29336571	0	0	29764	/error/503.shtml
1	22	22	1	0	29448007	29408785	0	29339057	29408785	0	291280	/?13.229.248.186
1	0	0	0	1	0	0	29412666	0	0	29412666	0	/server/config/common.js
1	0	0	0	1	0	0	29412658	0	0	29412658	0	/config/view.php
1	0	0	0	1	0	0	29412665	0	0	29412665	0	/constants.yml
1	0	0	0	1	0	0	29429088	0	0	29429088	0	/.env~
1	18	0	0	0	29432581	0	0	29336571	0	0	31925	/error/417.shtml
1	0	0	0	1	0	0	29429091	0	0	29429091	0	/static/js/main.chunk.js
1	0	0	0	4	0	0	29424444	0	0	29336571	0	/debug/default/view?panel=config
1	0	0	0	1	0	0	29429089	0	0	29429089	0	/functions/.env
1	0	0	0	1	0	0	29429090	0	0	29429090	0	/stripe.json
1	0	0	0	1	0	0	29429090	0	0	29429090	0	/config/credentials.js
1	0	0	0	2	0	0	29350239	0	0	29350239	0	/node_modules/.env
1	0	0	0	7	0	0	29423465	0	0	29350236	0	/phpinfo.php
1	17	0	0	0	29432778	0	0	29336571	0	0	29765	/error/504.shtml
1	0	0	0	1	0	0	29412655	0	0	29412655	0	/phpinfo.php5
1	0	0	0	2	0	0	29429088	0	0	29350236	0	/env/.env
1	0	0	0	1	0	0	29412655	0	0	29412655	0	/phpinfo.php4
1	0	0	0	1	0	0	29412655	0	0	29412655	0	/phpinfo.php3
1	0	0	0	1	0	0	29412669	0	0	29412669	0	/.travis.old.yml
1	0	0	0	1	0	0	29412656	0	0	29412656	0	/api/info.php
1	0	0	0	2	0	0	29412669	0	0	29350240	0	/aws.yml
1	0	0	0	2	0	0	29412665	0	0	29350240	0	/configs/routes-4aug.js
1	0	0	0	1	0	0	29412663	0	0	29412663	0	/backend/config/template.js
1	0	0	0	1	0	0	29412668	0	0	29412668	0	/web/config/constants.js
1	0	0	0	2	0	0	29412663	0	0	29350240	0	/backend/config/default.yml
1	0	0	0	2	0	0	29367872	0	0	29350238	0	/laravel/.env
1	0	0	0	1	0	0	29412670	0	0	29412670	0	/minio.yml
1	0	0	0	1	0	0	29412658	0	0	29412658	0	/config/filesystems.php
1	0	0	0	1	0	0	29412657	0	0	29412657	0	/.ssh/sftp-config.json
1	0	0	0	8	0	0	29448007	0	0	29339057	0	/shop/wp-includes/wlwmanifest.xml
1	18	0	0	0	29432540	0	0	29336571	0	0	32242	/error/505.shtml
1	0	0	0	1	0	0	29412656	0	0	29412656	0	/frontend_dev.php/$
1	0	0	0	1	0	0	29412667	0	0	29412667	0	/server/main.go
1	0	0	0	1	0	0	29412661	0	0	29412661	0	/api/config/constants.js
1	0	0	0	1	0	0	29412655	0	0	29412655	0	/admin/test.php
1	0	0	0	2	0	0	29412656	0	0	29350240	0	/.aws/config
1	0	0	0	2	0	0	29412665	0	0	29350240	0	/configs/routes.js
1	0	0	0	1	0	0	29412661	0	0	29412661	0	/api/server.js
1	0	0	0	8	0	0	29448007	0	0	29339057	0	/wp2/wp-includes/wlwmanifest.xml
1	0	0	0	2	0	0	29423465	0	0	29420509	0	/config/database.yml
1	0	0	0	3	0	0	29423465	0	0	29412655	0	/dashboard/info.php
1	6	6	0	0	29394776	0	0	29362746	0	0	35460	/error/?C=D;O=D
1	0	0	0	1	0	0	29429090	0	0	29429090	0	/config/settings.yml
1	0	0	0	1	0	0	29429090	0	0	29429090	0	/stripe.config.js
1	0	0	0	2	0	0	29429090	0	0	29412665	0	/constants.json
1	0	0	0	1	0	0	29429091	0	0	29429091	0	/static/js/vendor.js
1	8	8	0	0	29409793	0	0	29354574	0	0	47280	/error/?C=D;O=A
1	0	0	0	2	0	0	29412668	0	0	29350240	0	/user/config/config.js
1	0	0	0	1	0	0	29412663	0	0	29412663	0	/awsKEY.py
1	0	0	0	1	0	0	29429090	0	0	29429090	0	/stripe.js
1	0	0	0	1	0	0	29412668	0	0	29412668	0	/utils/s3Client.ts
1	18	0	0	0	29432206	0	0	29336571	0	0	32354	/error/506.shtml
1	0	0	0	1	0	0	29412660	0	0	29412660	0	/admin/config/common.js
1	0	0	0	1	0	0	29350240	0	0	29350240	0	/gatsby-config.js
1	5	0	0	0	29424442	0	0	29424442	0	0	435	/.well-known/acme-challenge/7mCQJBoox0GWsZpbmO9Kl81TPJ8Qe0Tt9kRl_vYU1lE
1	0	0	0	1	0	0	29412669	0	0	29412669	0	/.cirrus.yml
1	0	0	0	1	0	0	29412661	0	0	29412661	0	/api/constant.js
1	0	0	0	1	0	0	29429089	0	0	29429089	0	/client/.env
1	0	0	0	1	0	0	29412667	0	0	29412667	0	/src/constant.js
1	0	0	0	5	0	0	29429088	0	0	29367872	0	/.env.production
1	0	0	0	1	0	0	29412666	0	0	29412666	0	/server/config/template.js
1	0	0	0	1	0	0	29412665	0	0	29412665	0	/dev/server.js
1	0	0	0	2	0	0	29424443	0	0	29424443	0	/api/graphql
1	0	0	0	1	0	0	29350240	0	0	29350240	0	/admin/controllers/partner.js
1	0	0	0	1	0	0	29412661	0	0	29412661	0	/api/common.js
1	0	0	0	1	0	0	29429090	0	0	29429090	0	/payments.js
1	0	0	0	1	0	0	29429091	0	0	29429091	0	/public/js/config.js
1	18	0	0	0	29432467	0	0	29336571	0	0	32084	/error/507.shtml
1	0	0	0	4	0	0	29424444	0	0	29336571	0	/actuator/env
1	0	0	0	1	0	0	29412660	0	0	29412660	0	/SendMail.ts
1	0	0	0	1	0	0	29412669	0	0	29412669	0	/.local
1	0	0	0	3	0	0	29423465	0	0	29412654	0	/.env.development
1	0	0	0	1	0	0	29412658	0	0	29412658	0	/config/requirements.php
1	0	0	0	2	0	0	29412669	0	0	29350240	0	/.travis.yml
1	18	0	0	0	29432591	0	0	29336571	0	0	31860	/error/422.shtml
1	0	0	0	2	0	0	29429089	0	0	29350237	0	/docker/.env
1	0	0	0	2	0	0	29429089	0	0	29350238	0	/js/.env
1	0	0	0	1	0	0	29429091	0	0	29429091	0	/assets/js/app.js
1	0	0	0	2	0	0	29429089	0	0	29412664	0	/config.yaml
1	0	0	0	1	0	0	29429090	0	0	29429090	0	/payment.json
1	0	0	0	2	0	0	29423465	0	0	29420509	0	/logs/error.log
1	0	0	0	1	0	0	29412659	0	0	29412659	0	/tsconfig.spec.json
1	0	0	0	1	0	0	29412658	0	0	29412658	0	/application/config/constants.php/
1	0	0	0	1	0	0	29412662	0	0	29412662	0	/application/config/aws_constants.js
1	0	0	0	2	0	0	29412655	0	0	29350240	0	/admin/server_info.php
1	18	0	0	0	29432043	0	0	29336571	0	0	31413	/error/423.shtml
1	0	0	0	2	0	0	29412656	0	0	29367872	0	/dev/phpinfo.php
1	0	0	0	2	0	0	29429091	0	0	29412670	0	/credentials.json
1	0	0	0	5	0	0	29424444	0	0	29336571	0	/.vscode/sftp.json
1	0	0	0	1	0	0	29412669	0	0	29412669	0	/conf/conf.toml
1	0	0	0	1	0	0	29412661	0	0	29412661	0	/api/node/constant.js
1	0	0	0	2	0	0	29424443	0	0	29424443	0	/graphql
1	16	0	0	0	29432162	0	0	29336571	0	0	27637	/error/510.shtml
1	18	0	0	0	29432646	0	0	29336571	0	0	28590	/error/424.shtml
1	0	0	0	2	0	0	29429091	0	0	29412657	0	/assets/js/config.js
1	0	0	0	2	0	0	29412664	0	0	29350240	0	/config/storage.yml
1	0	0	0	3	0	0	29429091	0	0	29350240	0	/config/parameters.yml
1	0	0	0	2	0	0	29424444	0	0	29424444	0	/v3/api-docs
1	0	0	0	1	0	0	29412656	0	0	29412656	0	/login/index.php
1	0	0	0	1	0	0	29412663	0	0	29412663	0	/backend/mail.js
1	1	0	0	0	29344369	0	0	29344369	0	0	2000	/error/502.shtml?192.175.111.253
1	0	0	0	1	0	0	29412655	0	0	29412655	0	/time.php
1	0	0	3	0	0	29430546	0	0	29422609	0	0	/error
1	0	0	0	1	0	0	29412659	0	0	29412659	0	/config/default.json
1	0	0	0	1	0	0	29412661	0	0	29412661	0	/api/node/common.js
1	1	1	0	0	29379311	0	0	29379311	0	0	5910	/error/?192.175.111.253
1	0	0	0	1	0	0	29429090	0	0	29429090	0	/stripe.yml
1	0	0	0	1	0	0	29412655	0	0	29412655	0	/i.php
1	0	0	0	1	0	0	29412656	0	0	29412656	0	/wp-config.php.save
1	0	0	0	1	0	0	29412660	0	0	29412660	0	/config/prod.json
1	0	0	0	1	0	0	29429090	0	0	29429090	0	/payments.json
1	0	0	0	8	0	0	29448007	0	0	29339057	0	/web/wp-includes/wlwmanifest.xml
1	0	0	0	1	0	0	29412660	0	0	29412660	0	/admin/app.js
1	0	0	0	1	0	0	29429090	0	0	29429090	0	/config/local.js
1	0	0	0	1	0	0	29350237	0	0	29350237	0	/new/.env.staging
1	0	0	0	1	0	0	29429090	0	0	29429090	0	/payment.config.json
1	0	0	0	1	0	0	29412663	0	0	29412663	0	/awsS3.util.ts
1	0	0	0	1	0	0	29412670	0	0	29412670	0	/notes.yml
1	0	0	0	2	0	0	29429090	0	0	29412659	0	/settings.json
1	0	0	0	2	0	0	29429088	0	0	29350239	0	/.env_sample
1	0	0	0	2	0	0	29429088	0	0	29350239	0	/.env.prod
1	0	0	0	1	0	0	29412656	0	0	29412656	0	/src/.env.js
1	0	0	0	1	0	0	29429090	0	0	29429090	0	/config/production.js
1	0	0	0	2	0	0	29429089	0	0	29350239	0	/admin/.env
1	0	0	0	1	0	0	29412670	0	0	29412670	0	/passwords.yml
1	0	0	0	1	0	0	29412661	0	0	29412661	0	/admin/constant.js
1	0	0	0	1	0	0	29429090	0	0	29429090	0	/billing.js
1	0	0	0	1	0	0	29412661	0	0	29412661	0	/api/model/config.ts
1	0	0	0	2	0	0	29429088	0	0	29367872	0	/.env.backup
1	0	0	0	2	0	0	29424443	0	0	29424443	0	/swagger-ui.html
1	0	0	0	1	0	0	29412666	0	0	29412666	0	/index.ts
1	4	4	0	0	29424444	0	0	29336571	0	0	28074	/?rest_route=/wp/v2/users/
1	0	0	0	1	0	0	29412662	0	0	29412662	0	/application/libraries/aws-config.ini
1	0	0	0	1	0	0	29367872	0	0	29367872	0	/test/phpinfo.php
1	0	0	0	4	0	0	29424444	0	0	29336571	0	/_all_dbs
1	0	0	0	1	0	0	29412667	0	0	29412667	0	/src/libs/aws-notifications.ts
1	0	0	0	1	0	0	29429089	0	0	29429089	0	/server/.env
1	5	0	0	0	29336569	0	0	29336569	0	0	435	/.well-known/acme-challenge/QVOBlla0Ey3cCGxhT-TSkuCr1G845L31wLvhhJlZU1Y
1	0	0	0	2	0	0	29429089	0	0	29350239	0	/config.env
1	0	0	0	1	0	0	29350240	0	0	29350240	0	/backend/config/settings.yml
1	0	0	0	1	0	0	29412658	0	0	29412658	0	/prevlaravel/sftp-config.json
1	0	0	0	2	0	0	29412661	0	0	29350240	0	/api/config.js
1	0	0	0	2	0	0	29412655	0	0	29367872	0	/tools/phpinfo.php
1	0	0	0	1	0	0	29412656	0	0	29412656	0	/test2.php
1	0	0	2	44	0	29408785	29443084	0	29408785	29336576	0	/favicon.ico
1	0	0	0	2	0	0	29412668	0	0	29350240	0	/user/controllers/index.js
1	0	0	0	1	0	0	29412656	0	0	29412656	0	/config/.env.js
1	0	0	0	1	0	0	29429090	0	0	29429090	0	/config/stripe.json
1	0	0	0	1	0	0	29412663	0	0	29412663	0	/backend/config/database.js
1	0	0	0	1	0	0	29367872	0	0	29367872	0	/info
1	0	0	0	11	0	0	29448007	0	0	29339057	0	/xmlrpc.php?rsd
1	0	0	0	1	0	0	29429090	0	0	29429090	0	/config/credentials.json
1	0	0	0	1	0	0	29412667	0	0	29412667	0	/src/config/template.js
1	0	0	0	1	0	0	29412669	0	0	29412669	0	/conf/aws.toml
1	0	0	0	6	0	0	29429088	0	0	29350236	0	/api/.env
1	0	0	0	1	0	0	29412655	0	0	29412655	0	/php-info.php
1	0	0	0	7	0	0	29429089	0	0	29350239	0	/backend/.env
1	1	0	0	0	29424437	0	0	29424437	0	0	64	/.well-known/acme-challenge/FW-ZWUAH9CZK6P0_23R_1VYJNMSO4MF2
1	0	0	0	1	0	0	29412666	0	0	29412666	0	/readme.md
1	0	0	0	1	0	0	29412666	0	0	29412666	0	/mailserver.js
1	0	0	0	1	0	0	29412661	0	0	29412661	0	/api/controller.js
1	0	0	0	1	0	0	29412665	0	0	29412665	0	/dev/config.js
1	0	0	0	1	0	0	29412663	0	0	29412663	0	/awsApp.properties
1	0	0	0	1	0	0	29412662	0	0	29412662	0	/app/sign.go
1	0	0	0	1	0	0	29412655	0	0	29412655	0	/modules/phpinfo.php
1	0	0	0	2	0	0	29424443	0	0	29424443	0	/graphql/api
1	0	0	0	1	0	0	29412663	0	0	29412663	0	/aws_cred.yml
1	0	0	0	1	0	0	29412669	0	0	29412669	0	/.docker/config.json
1	0	0	0	1	0	0	29412658	0	0	29412658	0	/application/config/database.php
1	0	0	0	1	0	0	29412669	0	0	29412669	0	/.remote
1	0	0	0	2	0	0	29412665	0	0	29350240	0	/helper/EmailHelper.js
1	0	0	0	1	0	0	29412659	0	0	29412659	0	/angular.json
1	0	0	0	1	0	0	29412660	0	0	29412660	0	/config/staging.json
1	0	0	0	1	0	0	29429090	0	0	29429090	0	/secrets.json
1	0	0	0	1	0	0	29412667	0	0	29412667	0	/src/config/common.js
1	0	0	0	1	0	0	29412655	0	0	29412655	0	/debug/phpinfo.php
1	0	0	0	1	0	0	29412657	0	0	29412657	0	/logs/error_log
1	0	0	0	1	0	0	29412659	0	0	29412659	0	/manifest.json
1	0	0	0	1	0	0	29412656	0	0	29412656	0	/php.php
1	0	0	0	1	0	0	29412670	0	0	29412670	0	/data/credentials.ini
1	0	0	0	1	0	0	29350240	0	0	29350240	0	/my_env/palash.py
1	0	0	0	1	0	0	29412659	0	0	29412659	0	/hosting.json
1	0	0	0	2	0	0	29412666	0	0	29350239	0	/server/config/database.js
1	0	0	0	1	0	0	29412666	0	0	29412666	0	/qa/config.js
1	0	0	0	1	0	0	29412664	0	0	29412664	0	/config/config.exs
1	0	0	0	1	0	0	29429090	0	0	29429090	0	/payments.config.js
1	0	0	0	1	0	0	29429091	0	0	29429091	0	/public/js/bundle.js
1	0	0	0	1	0	0	29367872	0	0	29367872	0	/.env.dev
1	0	0	0	3	0	0	29429089	0	0	29350238	0	/main/.env
1	0	0	0	1	0	0	29412656	0	0	29412656	0	/_profiler/phpinfo.php
1	0	0	0	1	0	0	29412658	0	0	29412658	0	/config/paths.php
1	0	0	0	1	0	0	29429089	0	0	29429089	0	/services/.env
1	0	0	0	1	0	0	29412671	0	0	29412671	0	/swagger.yaml
1	0	0	0	1	0	0	29350240	0	0	29350240	0	/config/settings.prod
1	0	0	0	2	0	0	29412656	0	0	29350240	0	/config/aws.yml
1	0	0	0	1	0	0	29412661	0	0	29412661	0	/api/node/config.js
1	0	0	0	2	0	0	29429089	0	0	29412654	0	/api/.env.production
1	0	0	0	2	0	0	29429090	0	0	29412659	0	/config/production.json
1	0	0	0	1	0	0	29429090	0	0	29429090	0	/config/payments.js
1	0	0	0	1	0	0	29412667	0	0	29412667	0	/src/helpers/s3fileUpload.js
1	0	0	0	1	0	0	29412661	0	0	29412661	0	/admin/controller.js
1	0	0	0	1	0	0	29350240	0	0	29350240	0	/admin/config
1	0	0	0	1	0	0	29412659	0	0	29412659	0	/tsconfig.json
1	0	0	0	1	0	0	29412670	0	0	29412670	0	/credentials_aws.go
1	0	0	0	1	0	0	29389335	0	0	29389335	0	/blog/?author=1
1	0	0	0	1	0	0	29412659	0	0	29412659	0	/api/config/tsconfig.json
1	0	0	0	1	0	0	29412663	0	0	29412663	0	/backend/helper.js
1	0	0	0	1	0	0	29412660	0	0	29412660	0	/NOTES.md
1	0	0	0	1	0	0	29412666	0	0	29412666	0	/index.md
1	0	0	0	1	0	0	29412669	0	0	29412669	0	/website/index.js
1	0	0	0	1	0	0	29350240	0	0	29350240	0	/my_env/newsletter.py
1	0	0	0	1	0	0	29412669	0	0	29412669	0	/.git-secrets
1	0	0	0	1	0	0	29412658	0	0	29412658	0	/config/cache.php
1	0	0	0	1	0	0	29429091	0	0	29429091	0	/api-keys.js
1	0	0	0	1	0	0	29350240	0	0	29350240	0	/debug/default/view
1	0	0	0	1	0	0	29412664	0	0	29412664	0	/config/template.js
1	0	0	0	1	0	0	29429091	0	0	29429091	0	/assets/js/bundle.js
1	0	0	0	1	0	0	29412667	0	0	29412667	0	/src/lib/aws-wrapper.ts
1	0	0	0	3	0	0	29429090	0	0	29350240	0	/index.js
1	0	0	0	1	0	0	29412667	0	0	29412667	0	/src/helper.js
1	0	0	0	2	0	0	29429089	0	0	29350239	0	/application/.env
1	0	0	0	1	0	0	29429089	0	0	29429089	0	/backend/.env.local
1	0	0	0	2	0	0	29429091	0	0	29412659	0	/appsettings.Production.json
1	0	0	0	1	0	0	29350240	0	0	29350240	0	/.circleci/configs/development.yml
1	0	0	0	1	0	0	29429091	0	0	29429091	0	/js/payment.js
1	0	0	0	1	0	0	29429090	0	0	29429090	0	/config/stripe.yml
1	0	0	0	1	0	0	29412664	0	0	29412664	0	/backend/node/constants.js
1	0	0	0	1	0	0	29412663	0	0	29412663	0	/backend/mailer.js
1	0	0	0	1	0	0	29412662	0	0	29412662	0	/aws-lambda.properties
1	0	0	0	1	0	0	29430699	0	0	29430699	0	/wp-login.php
1	0	0	0	1	0	0	29412666	0	0	29412666	0	/server/helper.js
1	1	0	0	0	29336569	0	0	29336569	0	0	64	/.well-known/acme-challenge/0V10B5T54F-BPMGIIO9QI2REDIYBMNKY
1	0	0	0	1	0	0	29412655	0	0	29412655	0	/old_phpinfo.php
1	0	0	0	1	0	0	29412660	0	0	29412660	0	/AWS/AWSDetails.ts
1	0	0	0	1	0	0	29429088	0	0	29429088	0	/live/.env
1	0	0	0	1	0	0	29412655	0	0	29412655	0	/phpversion.php
1	0	0	0	2	0	0	29412662	0	0	29350240	0	/apis/config/config.js
1	0	0	0	3	0	0	29390941	0	0	29389335	0	/blog/robots.txt
1	2	2	0	0	29412656	0	0	29350240	0	0	26480	/?phpinfo=1
1	0	0	0	1	0	0	29429090	0	0	29429090	0	/config/live.js
1	0	0	0	1	0	0	29412667	0	0	29412667	0	/src/mailer.js
1	0	0	0	2	0	0	29429089	0	0	29412654	0	/backend/.env.production
1	0	0	0	1	0	0	29412656	0	0	29412656	0	/public/wp-config.php.bak
1	0	0	0	1	0	0	29412658	0	0	29412658	0	/config/bootstrap.php
1	0	0	0	1	0	0	29429088	0	0	29429088	0	/.env.private
1	0	0	0	2	0	0	29429090	0	0	29412660	0	/config/local.json
1	0	0	0	1	0	0	29367872	0	0	29367872	0	/p.php
1	0	0	0	1	0	0	29429090	0	0	29429090	0	/stripe-secret.js
1	0	0	0	2	0	0	29429089	0	0	29350237	0	/new/.env.production
1	0	0	0	1	0	0	29412667	0	0	29412667	0	/server/mailer.js
1	0	0	0	1	0	0	29412665	0	0	29412665	0	/constants.ini
1	0	0	0	1	0	0	29412658	0	0	29412658	0	/application/config/hooks.php
1	0	0	0	1	0	0	29429090	0	0	29429090	0	/config/billing.js
1	0	0	0	1	0	0	29429089	0	0	29429089	0	/api/.env.local
1	0	0	0	1	0	0	29429091	0	0	29429091	0	/js/checkout.js
1	0	0	0	1	0	0	29429090	0	0	29429090	0	/payment.config.js
1	0	0	0	1	0	0	29412670	0	0	29412670	0	/docker-cloud.yml
1	0	0	0	1	0	0	29412661	0	0	29412661	0	/admin/helper.js
1	0	0	0	1	0	0	29412665	0	0	29412665	0	/dev/app.js
1	0	0	0	1	0	0	29412662	0	0	29412662	0	/aws.ino
1	0	0	0	1	0	0	29412662	0	0	29412662	0	/aws-wrapper.ts
1	0	0	0	1	0	0	29429088	0	0	29429088	0	/.env.save
1	0	0	0	4	0	0	29429091	0	0	29350240	0	/appsettings.json
1	0	0	0	1	0	0	29429090	0	0	29429090	0	/payment.js
1	0	0	0	2	0	0	29412666	0	0	29350240	0	/partner/config/config.js
1	0	0	0	1	0	0	29412658	0	0	29412658	0	/application/config/encryption.php
1	0	0	0	1	0	0	29412665	0	0	29412665	0	/connect/call.js
1	0	0	0	2	0	0	29429088	0	0	29350236	0	/portal/.env
1	0	0	0	1	0	0	29412660	0	0	29412660	0	/Docker.md
1	0	0	0	1	0	0	29412661	0	0	29412661	0	/api/node/constants.js
1	0	0	0	3	0	0	29429090	0	0	29350240	0	/config/constants.js
1	0	0	0	1	0	0	29412655	0	0	29412655	0	/phpinfos.php
1	0	0	0	1	0	0	29412668	0	0	29412668	0	/utils.js
1	0	0	0	3	0	0	29429088	0	0	29350239	0	/.env.old
1	0	0	0	1	0	0	29412662	0	0	29412662	0	/aws-s3.ts
1	0	0	0	1	0	0	29412665	0	0	29412665	0	/default.ts
1	0	0	0	1	0	0	29412663	0	0	29412663	0	/config/helper.js
1	0	0	0	2	0	0	29429089	0	0	29350240	0	/main.js
1	0	0	0	1	0	0	29412669	0	0	29412669	0	/app/etc/config.php
1	0	0	0	1	0	0	29412662	0	0	29412662	0	/aws-example.toml
1	0	0	0	2	0	0	29424443	0	0	29424443	0	/swagger/v1/swagger.json
1	0	0	0	1	0	0	29412661	0	0	29412661	0	/admin/mailer.js
1	0	0	0	1	0	0	29412664	0	0	29412664	0	/backend/mailserver.js
1	0	0	0	1	0	0	29350240	0	0	29350240	0	/api/config/config.yml
1	0	0	0	1	0	0	29412668	0	0	29412668	0	/web/mail.js
1	0	0	0	1	0	0	29412663	0	0	29412663	0	/backend/config/common.js
1	0	0	0	1	0	0	29412659	0	0	29412659	0	/appsettings.Test.json
1	0	0	0	1	0	0	29412663	0	0	29412663	0	/aws.service.ts
1	0	0	0	1	0	0	29429090	0	0	29429090	0	/stripe_config.js
1	0	0	0	1	0	0	29412668	0	0	29412668	0	/staging/index.js
1	0	0	0	2	0	0	29429089	0	0	29350239	0	/core/.env
1	0	0	0	2	0	0	29429091	0	0	29350240	0	/application.properties
1	0	0	0	1	0	0	29412667	0	0	29412667	0	/src/aws.ts
1	0	0	0	1	0	0	29412657	0	0	29412657	0	/laravel/storage/logs/laravel.log
1	0	0	0	1	0	0	29412662	0	0	29412662	0	/aws.config.ts
1	0	0	0	1	0	0	29412667	0	0	29412667	0	/src/config/database.js
1	0	0	0	1	0	0	29412655	0	0	29412655	0	/administrator/phpinfo.php
1	0	0	0	1	0	0	29350240	0	0	29350240	0	/my_env/chakaash.py
1	0	0	0	7	0	0	29429089	0	0	29336571	0	/config.json
1	0	0	0	1	0	0	29350240	0	0	29350240	0	/main.yml
1	0	0	0	1	0	0	29412662	0	0	29412662	0	/app.toml
1	0	0	0	4	0	0	29424444	0	0	29336571	0	/about
1	0	0	0	1	0	0	29429090	0	0	29429090	0	/stripe-keys.js
1	0	0	0	9	0	0	29424444	0	0	29336571	0	/info.php
1	0	0	0	1	0	0	29412662	0	0	29412662	0	/aws-s3.service.ts
1	0	0	0	1	0	0	29412664	0	0	29412664	0	/config/mailer.js
1	0	0	0	1	0	0	29412667	0	0	29412667	0	/src/lib/aws-s3.ts
1	0	0	0	1	0	0	29412655	0	0	29412655	0	/web/phpinfo.php
1	0	0	0	1	0	0	29412667	0	0	29412667	0	/src/Utils/FileUpload.js
1	0	0	0	1	0	0	29412663	0	0	29412663	0	/backend/aws/conf.py
1	0	0	0	1	0	0	29429091	0	0	29429091	0	/js/config.js
1	0	0	0	1	0	0	29412661	0	0	29412661	0	/admin/index.js
1	0	0	0	1	0	0	29412663	0	0	29412663	0	/aws.show.yaml
1	0	0	0	1	0	0	29412669	0	0	29412669	0	/.sync.yml
1	0	0	0	2	0	0	29429089	0	0	29350239	0	/api/shared/config/config.env
1	0	0	0	1	0	0	29412666	0	0	29412666	0	/main.go
1	0	0	0	1	0	0	29412655	0	0	29412655	0	/asdf.php
1	0	0	0	1	0	0	29412666	0	0	29412666	0	/server/configs/aws.config.ts
1	0	0	0	1	0	0	29429088	0	0	29429088	0	/.env.staging
1	0	0	0	1	0	0	29412656	0	0	29412656	0	/public/.env.js
1	0	0	0	1	0	0	29350240	0	0	29350240	0	/server-info
1	0	0	0	1	0	0	29412662	0	0	29412662	0	/app/config/development.ini
1	0	0	0	1	0	0	29412667	0	0	29412667	0	/src/controller.js
1	0	0	0	1	0	0	29412662	0	0	29412662	0	/aws-nuke.yaml
1	0	0	0	1	0	0	29412659	0	0	29412659	0	/config/development.config.php
1	0	0	0	1	0	0	29412655	0	0	29412655	0	/pinfo.php
1	0	0	0	4	0	0	29424444	0	0	29336571	0	/ecp/Current/exporttool/microsoft.exchange.ediscovery.exporttool.application
1	0	0	0	1	0	0	29412660	0	0	29412660	0	/private/config.json
1	0	0	0	1	0	0	29412658	0	0	29412658	0	/application/config/migration.php
1	0	0	0	1	0	0	29412654	0	0	29412654	0	/backend/.env.example
1	0	0	0	1	0	0	29412658	0	0	29412658	0	/config.php
1	0	0	0	1	0	0	29412656	0	0	29412656	0	/home/user/.aws/credentials
1	0	0	0	1	0	0	29429091	0	0	29429091	0	/public/js/stripe.js
1	0	0	0	1	0	0	29412670	0	0	29412670	0	/credentials.properties
1	0	0	0	1	0	0	29412660	0	0	29412660	0	/DOCS.md
1	0	0	0	4	0	0	29424444	0	0	29336571	0	/server
1	0	0	0	1	0	0	29412661	0	0	29412661	0	/api/aws/s3.ts
1	0	0	0	1	0	0	29389335	0	0	29389335	0	/blog/wp-login.php
1	0	0	0	1	0	0	29412668	0	0	29412668	0	/web/web.js
1	0	0	0	1	0	0	29412661	0	0	29412661	0	/api/config.ino
1	0	0	0	1	0	0	29412670	0	0	29412670	0	/credentials.csv
1	0	0	0	1	0	0	29412659	0	0	29412659	0	/config/security.config.php
1	0	0	0	1	0	0	29412665	0	0	29412665	0	/dev/config/common.js
1	0	0	0	1	0	0	29350240	0	0	29350240	0	/server-info.php
1	0	0	0	2	0	0	29412665	0	0	29350240	0	/configs/s3_config.json
1	0	0	0	1	0	0	29412669	0	0	29412669	0	/.lakectl.yaml
1	0	0	0	1	0	0	29412660	0	0	29412660	0	/_config.rb.erb
1	0	0	0	2	0	0	29429089	0	0	29350239	0	/api/shared/.env
1	0	0	0	1	0	0	29412666	0	0	29412666	0	/scripts/controller.js
1	0	0	0	1	0	0	29412668	0	0	29412668	0	/staging/config.js
1	0	0	0	1	0	0	29429090	0	0	29429090	0	/stripe-config.js
1	0	0	0	1	0	0	29429090	0	0	29429090	0	/.stripe
1	0	0	0	5	0	0	29423465	0	0	29350236	0	/phpinfo
1	0	0	0	1	0	0	29412669	0	0	29412669	0	/conf/aws.properties
1	0	0	0	1	0	0	29412658	0	0	29412658	0	/application/config/mimes.php
1	0	0	0	1	0	0	29412664	0	0	29412664	0	/backend/server.js
1	0	0	0	1	0	0	29412661	0	0	29412661	0	/admin/utils.js
1	0	0	0	1	0	0	29412667	0	0	29412667	0	/src/app.js
1	0	0	0	1	0	0	29412658	0	0	29412658	0	/application/config/profiler.php
1	0	0	0	1	0	0	29412666	0	0	29412666	0	/libs/fileUpload.js
1	0	0	0	1	0	0	29412659	0	0	29412659	0	/config/development.json
1	5	5	0	0	29409786	0	0	29362745	0	0	29550	/error/?C=M;O=D
1	0	0	0	1	0	0	29429091	0	0	29429091	0	/assets/js/stripe.js
1	0	0	0	1	0	0	29412660	0	0	29412660	0	/_config_base.yml
1	0	0	0	1	0	0	29429090	0	0	29429090	0	/config/payments.json
1	0	0	0	1	0	0	29429091	0	0	29429091	0	/public/js/app.js
1	0	0	0	1	0	0	29412657	0	0	29412657	0	/wp-config.php.old
1	7	7	0	0	29409787	0	0	29354566	0	0	41370	/error/?C=M;O=A
1	0	0	0	1	0	0	29412668	0	0	29412668	0	/src/server.js
1	0	0	0	4	0	0	29423465	0	0	29350240	0	/settings.py
1	0	0	0	3	0	0	29429090	0	0	29350240	0	/config/settings.json
1	0	0	0	1	0	0	29412667	0	0	29412667	0	/src/config/aws.ts
1	0	0	0	1	0	0	29412668	0	0	29412668	0	/src/main.py
1	0	0	0	1	0	0	29412665	0	0	29412665	0	/dev/mailserver.js
1	0	0	0	1	0	0	29412659	0	0	29412659	0	/src/config/config.json
1	0	0	0	2	0	0	29412655	0	0	29350240	0	/dashboard/phpinfo.php
1	0	0	0	1	0	0	29412667	0	0	29412667	0	/server/server.js
1	0	0	0	1	0	0	29412668	0	0	29412668	0	/src/main.rb
1	0	0	0	1	0	0	29412658	0	0	29412658	0	/sftp.json
1	0	0	0	1	0	0	29350238	0	0	29350238	0	/env.backup
1	0	0	0	1	0	0	29412663	0	0	29412663	0	/backend/config/constants.js
1	0	0	0	8	0	0	29448007	0	0	29339057	0	/cms/wp-includes/wlwmanifest.xml
1	0	0	0	1	0	0	29412655	0	0	29412655	0	/admin/info.php
1	0	0	0	1	0	0	29412668	0	0	29412668	0	/utils/awsS3.util.ts
1	0	0	0	1	0	0	29350240	0	0	29350240	0	/getcpuutil.php-bakworking
1	0	0	0	1	0	0	29350240	0	0	29350240	0	/config/settings.local
1	0	0	0	1	0	0	29412663	0	0	29412663	0	/aws/index.ts
1	0	0	0	1	0	0	29429089	0	0	29429089	0	/lambda/.env
1	0	0	0	1	0	0	29412666	0	0	29412666	0	/server/constants.js
1	0	0	0	1	0	0	29412660	0	0	29412660	0	/API/common.js
1	0	0	0	3	0	0	29429088	0	0	29350239	0	/.env.bak
1	0	0	0	1	0	0	29412670	0	0	29412670	0	/secrets.toml
1	0	0	0	1	0	0	29412657	0	0	29412657	0	/.vscode/settings.json
1	0	0	0	2	0	0	29429089	0	0	29350237	0	/new/.env
1	0	0	2	71	0	29408785	29432833	0	29408785	29344428	0	/robots.txt
1	0	0	0	1	0	0	29389335	0	0	29389335	0	/blog/wp-json/oembed/1.0/embed?url=mailsystem.magentaweb.org/blog/
1	0	0	0	1	0	0	29429089	0	0	29429089	0	/frontend/.env
1	0	0	0	1	0	0	29429090	0	0	29429090	0	/config/payment.js
1	0	0	0	1	0	0	29412659	0	0	29412659	0	/appsettings.Staging.json
1	0	0	0	1	0	0	29412655	0	0	29412655	0	/utils/phpinfo.php
1	0	0	0	2	0	0	29429089	0	0	29350238	0	/nginx/.env
1	0	0	0	1	0	0	29412667	0	0	29412667	0	/src/config.ts
1	0	0	0	2	0	0	29423465	0	0	29420509	0	/laravel.log
1	0	0	0	1	0	0	29350237	0	0	29350237	0	/aws-secret.yaml
1	0	0	0	1	0	0	29412658	0	0	29412658	0	/application/config/email.php
1	0	0	0	2	0	0	29429089	0	0	29350238	0	/public/.env
1	0	0	0	1	0	0	29412656	0	0	29412656	0	/phpinfoposmeta.php
1	0	0	0	1	0	0	29412661	0	0	29412661	0	/admin/server.js
1	0	0	0	1	0	0	29412668	0	0	29412668	0	/src/s3.ts
1	0	0	0	2	0	0	29424443	0	0	29424443	0	/v2/api-docs
1	0	0	0	2	0	0	29424443	0	0	29424443	0	/api/gql
1	0	0	0	1	0	0	29412661	0	0	29412661	0	/api/config/template.js
1	0	0	0	1	0	0	29429089	0	0	29429089	0	/stripe/.env
1	0	0	0	2	0	0	29412656	0	0	29350240	0	/secured/phpinfo.php
1	0	0	0	1	0	0	29412667	0	0	29412667	0	/server/mail.js
1	0	0	0	4	0	0	29423465	0	0	29420509	0	/logs/debug.log
1	0	0	0	1	0	0	29412664	0	0	29412664	0	/config/mailserver.js
1	0	0	0	1	0	0	29412655	0	0	29412655	0	/public/phpinfo.php
1	0	0	0	1	0	0	29412660	0	0	29412660	0	/admin/config/constants.js
1	0	0	0	1	0	0	29412660	0	0	29412660	0	/AWS/ProfileUpload.js
1	0	0	0	1	0	0	29429090	0	0	29429090	0	/config/payment.json
1	0	0	0	3	0	0	29423465	0	0	29412655	0	/symfony/_profiler/phpinfo
1	0	0	0	8	0	0	29448007	0	0	29339057	0	/sito/wp-includes/wlwmanifest.xml
1	0	0	0	3	0	0	29424443	0	0	29350240	0	/swagger.json
1	0	0	0	2	0	0	29424444	0	0	29424444	0	/api-docs/swagger.json
1	0	0	0	1	0	0	29412664	0	0	29412664	0	/config/server.js
1	0	0	0	2	0	0	29378975	0	0	29362740	0	/robots.txt?172.182.215.90
1	0	0	0	1	0	0	29412667	0	0	29412667	0	/shared/backend/aws/identity.go
1	0	0	0	1	0	0	29412665	0	0	29412665	0	/cron/index.js
1	0	0	0	1	0	0	29429090	0	0	29429090	0	/settings.js
1	0	0	0	1	0	0	29412665	0	0	29412665	0	/helper/helper.go
1	0	0	0	1	0	0	29429090	0	0	29429090	0	/billing.json
1	0	0	0	1	0	0	29412656	0	0	29412656	0	/admin/sys_phpinfo.php
1	0	0	0	1	0	0	29429090	0	0	29429090	0	/stripe-keys.json
1	0	0	0	4	0	0	29424444	0	0	29336571	0	/s/1333e26373e2231313e24373/_/
1	0	0	0	1	0	0	29429090	0	0	29429090	0	/checkout.json
1	0	0	0	1	0	0	29429091	0	0	29429091	0	/static/js/runtime-main.js
1	0	0	0	1	0	0	29412660	0	0	29412660	0	/API/config/common.js
1	0	0	0	1	0	0	29412668	0	0	29412668	0	/web/mailserver.js
1	0	0	0	1	0	0	29429091	0	0	29429091	0	/js/bundle.js
1	0	0	0	1	0	0	29412664	0	0	29412664	0	/compose.yaml
1	0	0	0	1	0	0	29429091	0	0	29429091	0	/static/js/2.chunk.js
1	0	0	0	3	0	0	29429090	0	0	29350240	0	/config/config.json
1	0	0	0	8	0	0	29448007	0	0	29339057	0	/wordpress/wp-includes/wlwmanifest.xml
1	0	0	0	1	0	0	29412654	0	0	29412654	0	/api/.env.development
1	0	0	0	1	0	0	29350238	0	0	29350238	0	/lara/info.php
1	0	0	0	2	0	0	29429088	0	0	29350239	0	/.env.stage
1	0	0	0	1	0	0	29412664	0	0	29412664	0	/config/common.js
1	0	0	0	1	0	0	29412668	0	0	29412668	0	/web/index.js
1	0	0	0	1	0	0	29412655	0	0	29412655	0	/wp-admin/phpinfo.php
1	0	0	0	1	0	0	29412669	0	0	29412669	0	/config/aws.ini
1	0	0	0	3	0	0	29423465	0	0	29412656	0	/wp-content/debug.log
1	0	0	0	1	0	0	29412670	0	0	29412670	0	/docker-compose.yml
1	0	0	2	6	0	29408785	29423814	0	29408785	29361547	0	/sitemap.xml
1	5	0	0	0	29336569	0	0	29336569	0	0	435	/.well-known/acme-challenge/7rsLOfIiMOIO9HH2ElCyDpz6o5K2Kt4rLo1SreIQy-w
1	0	0	0	1	0	0	29412659	0	0	29412659	0	/bundleconfig.json
1	0	0	0	1	0	0	29412658	0	0	29412658	0	/application/config/config.php
1	0	0	0	1	0	0	29412667	0	0	29412667	0	/server/mailserver.js
1	0	0	0	1	0	0	29412659	0	0	29412659	0	/config/test.config.php
1	7	0	0	0	29408785	0	0	29408785	0	0	53508	/cgi-sys/suspendedpage.cgi
1	0	0	0	1	0	0	29412663	0	0	29412663	0	/backend/config.js
1	0	0	0	1	0	0	29412665	0	0	29412665	0	/constant.js
1	0	0	0	1	0	0	29429089	0	0	29429089	0	/payment/.env
1	0	0	0	1	0	0	29412656	0	0	29412656	0	/admin_phpinfo.php
1	0	0	0	2	0	0	29429091	0	0	29350240	0	/public/js/main.js
1	0	0	0	1	0	0	29412666	0	0	29412666	0	/helpers/fileUpload.js
1	0	0	0	1	0	0	29429090	0	0	29429090	0	/stripe-secret.json
1	0	0	0	2	0	0	29424444	0	0	29424444	0	/api/swagger.json
1	0	0	0	1	0	0	29412660	0	0	29412660	0	/LOG.md
1	0	0	0	1	0	0	29412655	0	0	29412655	0	/php_info.php
1	0	0	0	1	0	0	29412657	0	0	29412657	0	/.wp-config.php.swp
1	0	0	0	2	0	0	29412656	0	0	29350239	0	/wp-config.php.bak
1	0	0	0	1	0	0	29412659	0	0	29412659	0	/config/application.config.php
1	0	0	0	2	0	0	29412665	0	0	29350240	0	/helper.js
1	0	0	0	1	0	0	29412670	0	0	29412670	0	/config/parameters.yml.dist
1	0	0	0	1	0	0	29429090	0	0	29429090	0	/config/private.js
1	0	0	0	1	0	0	29412660	0	0	29412660	0	/API/config.js
1	0	0	0	3	0	0	29429091	0	0	29350240	0	/app/config/parameters.yml
1	0	0	0	1	0	0	29412665	0	0	29412665	0	/dev/index.js
1	0	0	0	1	0	0	29412669	0	0	29412669	0	/conf/application.json
1	0	0	0	1	0	0	29412657	0	0	29412657	0	/src/config.js
1	0	0	0	1	0	0	29412665	0	0	29412665	0	/dev/constants.js
1	0	0	0	1	0	0	29429090	0	0	29429090	0	/secrets.js
1	0	0	0	1	0	0	29412670	0	0	29412670	0	/emailconfig.toml
1	0	0	0	3	0	0	29429088	0	0	29350236	0	/app/.env
1	0	0	0	1	0	0	29412666	0	0	29412666	0	/server/config.js
1	0	0	0	1	0	0	29412658	0	0	29412658	0	/config/autoload/local.php
1	0	0	0	1	0	0	29350240	0	0	29350240	0	/cloud/Scraper.js
1	0	0	0	1	0	0	29350237	0	0	29350237	0	/_phpinfo.php
1	0	0	0	1	0	0	29412668	0	0	29412668	0	/web/utils.js
1	0	0	0	1	0	0	29412658	0	0	29412658	0	/config/mail.php
1	0	0	0	1	0	0	29412656	0	0	29412656	0	/backend/web/phpinfo.php
1	0	0	0	1	0	0	29412660	0	0	29412660	0	/API/config/template.js
1	0	0	0	1	0	0	29412666	0	0	29412666	0	/mailer.js
1	0	0	0	2	0	0	29429089	0	0	29350238	0	/site/.env
1	0	0	0	1	0	0	29412657	0	0	29412657	0	/config/initializers/smtp.rb
1	0	0	0	1	0	0	29412664	0	0	29412664	0	/backend/node/constant.js
1	0	0	0	1	0	0	29350238	0	0	29350238	0	/xampp/phpinfo.php
1	0	0	0	1	0	0	29412662	0	0	29412662	0	/app/models/post.rb
1	0	0	0	1	0	0	29412665	0	0	29412665	0	/dev/config/template.js
1	0	0	0	1	0	0	29350238	0	0	29350238	0	/mail/.env
1	0	0	0	1	0	0	29412668	0	0	29412668	0	/web/app.js
1	0	0	0	2	0	0	29424443	0	0	29424443	0	/swagger/swagger-ui.html
1	0	0	0	1	0	0	29412659	0	0	29412659	0	/config/module.config.php
1	0	0	0	1	0	0	29412669	0	0	29412669	0	/conf/s3.toml
1	0	0	0	2	0	0	29424443	0	0	29424443	0	/api
1	0	0	0	2	0	0	29396037	0	0	29364124	0	/index.php
1	0	0	0	1	0	0	29412663	0	0	29412663	0	/aws.properties
1	0	0	0	1	0	0	29412658	0	0	29412658	0	/config/auth.php
1	0	0	0	1	0	0	29412656	0	0	29412656	0	/ppinfo.php
1	0	0	0	1	0	0	29412655	0	0	29412655	0	/infophp.php
1	0	0	0	1	0	0	29412666	0	0	29412666	0	/server/app.js
1	0	0	0	2	0	0	29429089	0	0	29350239	0	/local/.env
1	0	0	0	1	0	0	29412660	0	0	29412660	0	/BackEnd/config.js
1	0	0	0	1	0	0	29429090	0	0	29429090	0	/config/secrets.json
1	0	0	0	1	0	0	29412658	0	0	29412658	0	/config/routes.php
1	0	0	0	1	0	0	29412665	0	0	29412665	0	/dev/constant.js
1	0	0	0	1	0	0	29412665	0	0	29412665	0	/dev/utils.js
1	0	0	0	1	0	0	29412658	0	0	29412658	0	/application/config/routes.php
1	0	0	0	2	0	0	29429090	0	0	29412657	0	/config/config.js
1	0	0	0	1	0	0	29429089	0	0	29429089	0	/src/.env
1	0	0	0	1	0	0	29412658	0	0	29412658	0	/config/autoload/global.php
1	0	0	0	2	0	0	29429089	0	0	29350239	0	/web/.env
1	0	0	0	7	0	0	29448007	0	0	29339057	0	/media/wp-includes/wlwmanifest.xml
1	0	0	0	1	0	0	29412662	0	0	29412662	0	/app-config.local.properties
1	0	0	0	1	0	0	29412668	0	0	29412668	0	/web/helper.js
1	0	0	0	1	0	0	29412656	0	0	29412656	0	/test1.php
1	0	0	0	1	0	0	29412661	0	0	29412661	0	/api/config/database.js
1	0	0	0	1	0	0	29412659	0	0	29412659	0	/config/test.json
1	0	0	0	1	0	0	29412655	0	0	29412655	0	/temp.php
1	0	0	0	1	0	0	29412660	0	0	29412660	0	/API/constants.js
1	0	0	0	1	0	0	29412658	0	0	29412658	0	/application/config/doctypes.php
1	0	0	0	1	0	0	29412655	0	0	29412655	0	/wp-content/phpinfo.php
1	1	0	0	0	29349132	0	0	29349132	0	0	1987	/error/405.shtml?13.229.248.186
1	0	0	0	1	0	0	29412662	0	0	29412662	0	/aws-notifications.ts
1	0	0	0	1	0	0	29412661	0	0	29412661	0	/api/app.js
1	0	0	0	2	0	0	29429089	0	0	29350237	0	/conf/.env
1	0	0	0	8	0	0	29448007	0	0	29339057	0	/website/wp-includes/wlwmanifest.xml
1	0	0	0	1	0	0	29412658	0	0	29412658	0	/application/config/constants.php
1	0	0	0	1	0	0	29412656	0	0	29412656	0	/api/phpinfo.php
1	0	0	0	1	0	0	29412670	0	0	29412670	0	/credentials.ts
1	0	0	0	1	0	0	29412671	0	0	29412671	0	/wp_mail_smtp.ini
1	0	0	0	1	0	0	29412667	0	0	29412667	0	/server/helper/aws_s3.js
1	7	7	0	0	29383815	0	0	29337656	0	0	92680	/?192.175.111.253
1	0	0	0	1	0	0	29429091	0	0	29429091	0	/application.yaml
1	0	0	0	2	0	0	29429091	0	0	29350240	0	/static/js/main.141b0494.js
1	0	0	0	1	0	0	29412668	0	0	29412668	0	/web/mailer.js
1	0	0	0	3	0	0	29423465	0	0	29412655	0	/index.php/phpinfo
1	0	0	0	1	0	0	29412658	0	0	29412658	0	/application/config/foreign_chars.php
1	0	0	0	2	0	0	29429089	0	0	29350238	0	/.vscode/.env
1	0	0	0	1	0	0	29412663	0	0	29412663	0	/aws_config.py
1	0	0	0	1	0	0	29412664	0	0	29412664	0	/config/config.go
1	0	0	0	1	0	0	29412660	0	0	29412660	0	/Cloud.md
1	0	0	0	2	0	0	29429089	0	0	29412664	0	/config.yml
1	0	0	0	1	0	0	29350240	0	0	29350240	0	/.AWS_/credentials
1	0	0	0	1	0	0	29429090	0	0	29429090	0	/payment-config.js
1	0	0	0	1	0	0	29429091	0	0	29429091	0	/dist/main.js
1	0	0	0	1	0	0	29429090	0	0	29429090	0	/config/settings.js
1	0	0	0	1	0	0	29429091	0	0	29429091	0	/js/stripe.js
1	0	0	0	1	0	0	29350238	0	0	29350238	0	/laravel/info.php
1	0	0	0	1	0	0	29350240	0	0	29350240	0	/karma.conf.json
1	0	0	0	1	0	0	29412663	0	0	29412663	0	/backend/constants.js
1	0	0	0	1	0	0	29412660	0	0	29412660	0	/README.md
1	0	0	0	1	0	0	29350239	0	0	29350239	0	/kyc/.env
1	0	0	0	1	0	0	29412670	0	0	29412670	0	/insta-compose.yml
1	0	0	0	2	0	0	29424443	0	0	29424443	0	/swagger/
1	0	0	0	1	0	0	29412661	0	0	29412661	0	/admin/mail.js
1	0	0	0	1	0	0	29412658	0	0	29412658	0	/config/broadcasting.php
1	0	0	0	6	0	0	29423465	0	0	29350239	0	/.aws/credentials
1	0	0	0	1	0	0	29412668	0	0	29412668	0	/web/constants.js
1	0	0	0	1	0	0	29412657	0	0	29412657	0	/config/smtp.rb
1	0	0	0	1	0	0	29412669	0	0	29412669	0	/app/etc/config.local.php
1	0	0	0	8	0	0	29424444	0	0	29336571	0	/.git/config
1	7	7	0	0	29385421	0	0	29352078	0	0	92680	/?172.182.215.90
1	0	0	0	1	0	0	29412668	0	0	29412668	0	/web/config/common.js
1	0	0	0	1	0	0	29429088	0	0	29429088	0	/.env.live
1	0	0	0	1	0	0	29412664	0	0	29412664	0	/base.yaml
1	0	0	0	2	0	0	29429091	0	0	29412659	0	/appsettings.Development.json
1	0	0	0	1	0	0	29412670	0	0	29412670	0	/configuration.json.dist
1	5	0	0	0	29424442	0	0	29424442	0	0	435	/.well-known/acme-challenge/NMXGh4Ra9yrkXLcubxibVZT_xtpc3d19rRpN6YKo2gY
1	0	0	0	2	0	0	29429089	0	0	29350237	0	/new/.env.local
1	0	0	0	1	0	0	29429090	0	0	29429090	0	/config/secrets.js
1	0	0	0	8	0	0	29448007	0	0	29339057	0	/blog/wp-includes/wlwmanifest.xml
1	0	0	0	1	0	0	29412663	0	0	29412663	0	/aws_ec2.yaml
1	0	0	0	1	0	0	29412664	0	0	29412664	0	/config/constant.js
1	0	0	0	1	0	0	29412664	0	0	29412664	0	/config/model.properties
1	0	0	0	1	0	0	29429090	0	0	29429090	0	/config/keys.json
1	0	0	0	1	0	0	29412660	0	0	29412660	0	/_config.yml
1	0	0	0	1	0	0	29429090	0	0	29429090	0	/checkout.config.js
1	0	0	0	1	0	0	29429091	0	0	29429091	0	/application.yml
1	0	0	0	3	0	0	29429089	0	0	29350240	0	/server.js
1	0	0	0	1	0	0	29412667	0	0	29412667	0	/src/index.js
1	0	0	0	1	0	0	29412662	0	0	29412662	0	/application/config/db.js
1	0	0	0	1	0	0	29412667	0	0	29412667	0	/server/index.js
1	0	0	0	1	0	0	29429090	0	0	29429090	0	/billing.config.js
1	0	0	0	1	0	0	29412661	0	0	29412661	0	/api/mailserver.js
1	0	0	0	1	0	0	29412661	0	0	29412661	0	/ansible/aws/inventory/ec2.ini
1	0	0	0	1	0	0	29412656	0	0	29412656	0	/public/client/planinfo
1	0	0	0	2	0	0	29429089	0	0	29350239	0	/api/shared/config/.env
1	0	0	0	1	0	0	29412659	0	0	29412659	0	/appsettings.QA.json
1	0	0	0	5	0	0	29429088	0	0	29350239	0	/.env.example
1	0	0	0	4	0	0	29424444	0	0	29336571	0	/v2/_catalog
1	0	0	0	1	0	0	29429090	0	0	29429090	0	/checkout.js
1	0	0	0	1	0	0	29412660	0	0	29412660	0	/AWSDetails.ts
1	0	0	0	1	0	0	29412660	0	0	29412660	0	/API/config/database.js
1	0	0	0	2	0	0	29429089	0	0	29350239	0	/api/config.env
1	0	0	0	1	0	0	29350240	0	0	29350240	0	/mytest/astech_robot.js
1	0	0	0	1	0	0	29412667	0	0	29412667	0	/src/config/constants.js
1	0	0	0	1	0	0	29429089	0	0	29429089	0	/config/env/.env
1	0	0	0	1	0	0	29350240	0	0	29350240	0	/api/objects/codes.php.save
1	0	0	0	4	0	0	29423465	0	0	29367872	0	/admin/phpinfo.php
1	0	0	0	1	0	0	29412669	0	0	29412669	0	/.gitlab-ci.yml
1	0	0	0	2	0	0	29429091	0	0	29412670	0	/credentials.js
1	0	0	0	2	0	0	29350237	0	0	29350237	0	/cron/.env
1	0	0	0	1	0	0	29412665	0	0	29412665	0	/dev/config/database.js
1	0	0	0	1	0	0	29412669	0	0	29412669	0	/.properties
1	1	0	0	0	29344871	0	0	29344871	0	0	2036	/error/416.shtml?13.229.248.186
1	0	0	0	3	0	0	29355159	0	0	29355159	0	/app/
1	0	0	0	1	0	0	29412662	0	0	29412662	0	/apis/index.js
1	0	0	0	1	0	0	29412666	0	0	29412666	0	/recipes/elb.rb.
1	0	0	0	1	0	0	29412670	0	0	29412670	0	/elasticsearch_cluster_yml
1	0	0	0	1	0	0	29412664	0	0	29412664	0	/config.ts
1	0	0	0	1	0	0	29350240	0	0	29350240	0	/s3.js
1	0	0	0	4	0	0	29423465	0	0	29350240	0	/app_dev.php/_profiler/phpinfo
1	0	0	0	1	0	0	29429090	0	0	29429090	0	/settings.yml
1	0	0	0	1	0	0	29412662	0	0	29412662	0	/application/config/constants.js
1	0	0	0	2	0	0	29412655	0	0	29350240	0	/server_info.php
1	0	0	0	1	0	0	29412661	0	0	29412661	0	/api/mail.js
1	0	0	0	1	0	0	29412658	0	0	29412658	0	/config/session.php
1	0	0	0	1	0	0	29412671	0	0	29412671	0	/backend/settings.py
1	0	0	0	2	0	0	29429089	0	0	29350238	0	/docker/app/.env
1	0	0	0	1	0	0	29412660	0	0	29412660	0	/Client/netlify.toml
1	0	0	0	1	0	0	29412666	0	0	29412666	0	/server/config/constants.js
1	0	0	0	1	0	0	29412665	0	0	29412665	0	/controller.js
1	0	0	0	1	0	0	29412662	0	0	29412662	0	/appveyor.yml
1	0	0	0	1	0	0	29412661	0	0	29412661	0	/admin/mailserver.js
1	0	0	0	1	0	0	29412660	0	0	29412660	0	/admin/config/template.js
1	0	0	0	1	0	0	29350240	0	0	29350240	0	/admin/controllers/merchant.js
1	0	0	0	2	0	0	29429091	0	0	29350240	0	/static/js/main.e85f7a37.js
1	0	0	0	1	0	0	29429090	0	0	29429090	0	/stripe.config.json
1	0	0	0	1	0	0	29412670	0	0	29412670	0	/credentials.go
1	0	0	0	1	0	0	29412655	0	0	29412655	0	/vendor/phpinfo.php
1	0	0	0	1	0	0	29389335	0	0	29389335	0	/blog/wp-json/wp/v2/users/
1	0	0	0	4	0	0	29424444	0	0	29336571	0	/login.action
1	0	0	0	1	0	0	29350237	0	0	29350237	0	/awstats/.env
1	0	0	0	1	0	0	29350239	0	0	29350239	0	/api/shared/config.env
1	0	0	0	1	0	0	29412662	0	0	29412662	0	/api_gateway/conf/pay.toml
1	0	0	0	1	0	0	29412657	0	0	29412657	0	/error_log
1	0	0	0	1	0	0	29412668	0	0	29412668	0	/src/utils.js
1	0	0	0	1	0	0	29412670	0	0	29412670	0	/config/base.properties
1	0	0	0	1	0	0	29412667	0	0	29412667	0	/server/utils.js
1	0	0	0	8	0	0	29448007	0	0	29339057	0	/test/wp-includes/wlwmanifest.xml
1	0	0	0	1	0	0	29412669	0	0	29412669	0	/conf/monitor.toml
1	0	0	0	1	0	0	29429090	0	0	29429090	0	/.stripe.json
1	0	0	0	1	0	0	29429090	0	0	29429090	0	/config/keys.js
1	0	0	0	1	0	0	29412664	0	0	29412664	0	/config/dev/config.toml
1	0	0	0	1	0	0	29412654	0	0	29412654	0	/api/.env.example
1	0	0	0	1	0	0	29340567	0	0	29340567	0	/.git/HEAD?192.175.111.253
1	0	0	0	2	0	0	29429089	0	0	29350239	0	/development/.env
1	142	142	0	3	29449808	0	29336635	29336571	0	29336635	1767404	/
1	0	0	0	1	0	0	29412664	0	0	29412664	0	/config.rb
1	0	0	0	1	0	0	29412668	0	0	29412668	0	/web/server.js
1	0	0	0	1	0	0	29412666	0	0	29412666	0	/mail.js
1	0	0	0	1	0	0	29412669	0	0	29412669	0	/.drone.yml
1	0	0	0	1	0	0	29429091	0	0	29429091	0	/assets/js/main.js
1	0	0	0	1	0	0	29412669	0	0	29412669	0	/conf/config.toml
1	0	0	0	1	0	0	29412659	0	0	29412659	0	/config/database.config.php
1	0	0	0	1	0	0	29436092	0	0	29436092	0	/.git/HEAD
1	0	0	0	1	0	0	29429090	0	0	29429090	0	/config/config.yml
1	0	0	0	2	0	0	29429089	0	0	29350239	0	/apps/.env
1	0	0	0	1	0	0	29429090	0	0	29429090	0	/stripe-config.json
1	0	0	0	1	0	0	29412663	0	0	29412663	0	/aws_credentials.ini
1	0	0	0	2	0	0	29429089	0	0	29367872	0	/config/.env
1	0	0	0	1	0	0	29412670	0	0	29412670	0	/config/s3.yml
1	0	0	0	1	0	0	29412656	0	0	29412656	0	/assets/config.json
1	0	0	0	1	0	0	29412663	0	0	29412663	0	/backend/app.js
1	0	0	0	1	0	0	29412656	0	0	29412656	0	/var/www/.aws/credentials
1	0	0	0	1	0	0	29350240	0	0	29350240	0	/controller/api/post.js
1	0	0	0	7	0	0	29448007	0	0	29339057	0	/2018/wp-includes/wlwmanifest.xml
1	0	0	0	2	0	0	29429088	0	0	29350239	0	/prod/.env
1	0	0	0	1	0	0	29449588	0	0	29449588	0	/wp-login.php?13.229.248.186
1	0	0	0	1	0	0	29412660	0	0	29412660	0	/config/daemon.json
1	0	0	0	2	0	0	29412657	0	0	29350240	0	/helpers/utility.js
1	0	0	0	1	0	0	29429091	0	0	29429091	0	/js/app.js
1	0	0	0	1	0	0	29412670	0	0	29412670	0	/heroku.yml
1	0	0	0	1	0	0	29412657	0	0	29412657	0	/tmp/error_log
1	0	0	0	1	0	0	29412669	0	0	29412669	0	/config.prod.ini
1	0	0	0	1	0	0	29412658	0	0	29412658	0	/config/app_local.php
1	0	0	0	1	0	0	29429088	0	0	29429088	0	/dev/.env
1	0	0	0	1	0	0	29412663	0	0	29412663	0	/backend/index.js
1	0	0	0	1	0	0	29412668	0	0	29412668	0	/web/config/template.js
3	0	0	0	9	0	0	29437113	0	0	29338050	0	http://mailsystem.magentaweb.org/
3	1	1	0	0	29424542	0	0	29424542	0	0	5910	http://www.mailsystem.magentaweb.org/error
3	1	1	0	5	29389335	0	29389335	29389335	0	29389335	13240	https://lifeshareoklahoma.org//blog//wp-login.php
3	0	0	0	10	0	0	29430605	0	0	29336591	0	http://www.mailsystem.magentaweb.org/
3	2	2	0	0	29430546	0	0	29422609	0	0	11820	http://mailsystem.magentaweb.org/error
4	282	66	0	18	29409793	0	29409729	29346455	0	29346455	791933	Mozilla/5.0 (compatible; Barkrowler/0.9; +https://babbar.tech/crawler)
4	1	1	0	0	29361547	0	0	29361547	0	0	13240	Mozilla/5.0 (Windows NT 7_0_2; Win64; x64) AppleWebKit/584.38 (KHTML, like Gecko) Chrome/107.0.2099 Safari/537.36
4	5	5	0	12	29429653	0	29396037	29364124	0	29364124	66200	Mozilla/5.0 (Windows NT 10.0; Win64; x64) AppleWebKit/537.36 (KHTML, like Gecko) Chrome/58.0.3029.110 Safari/537.3
4	3	3	0	0	29449808	0	0	29395406	0	0	39720	cypex.ai/scanning Mozilla/5.0 (Macintosh; Intel Mac OS X 10_15_7) Chrome/126.0.0.0 Safari/537.36
4	1	1	0	0	29336681	0	0	29336681	0	0	13240	Mozilla/5.0 (X11; CrOS i686 3912.101.0) AppleWebKit/537.36 (KHTML, like Gecko) Chrome/27.0.1453.116 Safari/537.36
4	128	8	0	41	29432833	0	29432833	29344369	0	29344428	308700	Mozilla/5.0 (compatible; SemrushBot/7~bl; +http://www.semrush.com/bot.html)
4	0	0	0	78	0	0	29412671	0	0	29412654	0	Mozilla/5.0 (Windows NT 10.0; Win64; x64; rv:109.0) Gecko/20100101 Firefox/121.0
4	2	2	0	2	29430067	0	29430067	29427216	0	29427216	26480	Mozilla/5.0 (X11; Linux x86_64; rv:142.0) Gecko/20100101 Firefox/142.0
4	1	1	0	0	29384960	0	0	29384960	0	0	13240	Mozilla/5.0 (Macintosh; Intel Mac OS X 10.15; rv:141.0) Gecko/20100101 Firefox/141.0
4	16	16	0	12	29443084	0	29443084	29337656	0	29337656	211840	Mozilla/5.0 (compatible; CensysInspect/1.1; +https://about.censys.io/)
4	38	3	3	15	29431010	29430546	29431010	29422609	29422609	29422609	88010	Mozilla/5.0 AppleWebKit/537.36 (KHTML, like Gecko; compatible; ClaudeBot/1.0; +claudebot@anthropic.com)
4	126	6	0	51	29336571	0	29423814	29336571	0	29336571	127820	Go-http-client/1.1
4	0	0	0	4	0	0	29441517	0	0	29403511	0	Mozilla/5.0 (Macintosh; Intel Mac OS X 10_15_7) AppleWebKit/537.36 (KHTML, like Gecko) Chrome/131.0.0.0 Safari/537.36; compatible; OAI-SearchBot/1.3; robots.txt; +https://openai.com/searchbot
4	1	1	0	0	29366828	0	0	29366828	0	0	13240	Mozilla/5.0 (Windows NT 10.0; Win64; x64) AppleWebKit/537.36 (KHTML, like Gecko) Chrome/117.0.5938.132 Safari/537.36
4	4	4	0	68	29424444	0	29424444	29424443	0	29336571	52960	Mozilla/5.0 (l9scan/2.0.1333e26373e2231313e24373; +https://leakix.net)
4	1	1	0	1	29426265	0	29426265	29426265	0	29426265	13240	Mozilla/5.0 (Macintosh; Intel Mac OS X 10_15_7) AppleWebKit/537.36 (KHTML, like Gecko) Chrome/96.0.4664.110 Safari/537.36
4	14	14	0	0	29429925	0	0	29337587	0	0	185360	Mozilla/5.0 (compatible; CMS-Checker/1.0; +https://example.com)
4	1	1	0	0	29444029	0	0	29444029	0	0	13240	Mozilla/5.0 (Windows NT 6.1; WOW64; rv:42.0) Gecko/20100101 Firefox/42.0
4	0	0	0	1	0	0	29425604	0	0	29425604	0	curl/7.83.1
4	0	0	0	77	0	0	29412670	0	0	29412654	0	Mozilla/5.0 (Windows NT 10.0; Win64; x64) AppleWebKit/537.36 (KHTML, like Gecko) Chrome/120.0.0.0 Safari/537.36
4	2	2	0	72	29383815	0	29412670	29376846	0	29412654	26480	Mozilla/5.0 (Macintosh; Intel Mac OS X 10_15_7) AppleWebKit/537.36 (KHTML, like Gecko) Chrome/120.0.0.0 Safari/537.36
4	1	1	0	0	29442473	0	0	29442473	0	0	13240	Mozilla/5.0 (Windows NT 10.0; Win64; x64) AppleWebKit/537.36 (KHTML, like Gecko) Chrome/92.0.4515.107 Safari/537.36
4	3	3	0	3	29430605	0	29430605	29340958	0	29340958	39720	Mozilla/5.0 (X11; Linux x86_64; rv:139.0) Gecko/20100101 Firefox/139.0
4	1	1	0	0	29407888	0	0	29407888	0	0	13240	Mozilla/5.0 (Windows NT 10.0; Win64; x64) AppleWebKit/537.36 (KHTML, like Gecko) Chrome/137.0.0.0 Safari/537.36 Edg/137.0.0.0
4	2	2	0	2	29430090	0	29430090	29427199	0	29427199	26480	Mozilla/5.0 (X11; Linux x86_64) AppleWebKit/537.36 (KHTML, like Gecko) Chrome/142.0.0.0 Safari/537.36
4	1	1	0	0	29423814	0	0	29423814	0	0	13240	Mozilla/5.0 (X11; Linux x86_64) AppleWebKit/571.50 (KHTML, like Gecko) Chrome/76.0.2128 Safari/537.36
4	5	5	0	4	29336635	0	29336635	29336635	0	29336635	66200	Mozilla/5.0 (Windows NT 10.0; Win64; x64) AppleWebKit/537.36 (KHTML, like Gecko) Chrome/141.0.0.0 Safari/537.36
4	1	1	0	0	29405903	0	0	29405903	0	0	13240	Mozilla/5.0 (Macintosh; Intel Mac OS X 8_1) AppleWebKit/579.50 (KHTML, like Gecko) Chrome/104.0.854 Safari/537.36
4	1	1	0	0	29407845	0	0	29407845	0	0	13240	Mozilla/5.0 (Macintosh; Intel Mac OS X 8_1_1) AppleWebKit/601.54 (KHTML, like Gecko) Chrome/94.0.550 Safari/537.36
4	6	0	6	0	29408785	29408785	0	29408785	29408785	0	45864	fasthttp
4	2	2	0	0	29363178	0	0	29346007	0	0	26480	Mozilla/5.0 zgrab/0.x
4	3	3	0	0	29429681	0	0	29336576	0	0	49015	Mozilla/5.0 (X11; Linux x86_64) AppleWebKit/537.36 (KHTML, like Gecko) Chrome/137.0.0.0 Safari/537.36
4	1	1	0	2	29340781	0	29449588	29340781	0	29430699	13240	Mozilla/5.0
4	21	21	0	126	29448007	0	29448007	29339057	0	29339057	278040	Mozilla/5.0 (Windows NT 10.0; Win64; x64) AppleWebKit/537.36 (KHTML, like Gecko) Chrome/78.0.3904.108 Safari/537.36
4	3	3	0	17	29445711	0	29445711	29445711	0	29445711	39720	Mozilla/5.0 (Windows NT 10.0; Win64; x64) AppleWebKit/537.36 (KHTML, like Gecko) Chrome/88.0.4240.193 Safari/537.36
4	6	6	0	0	29442502	0	0	29337420	0	0	79440	Mozilla/5.0 (compatible; InternetMeasurement/1.0; +https://internet-measurement.com/)
4	1	1	0	0	29428378	0	0	29428378	0	0	13240	Mozilla/5.0 (X11; Linux x86_64) AppleWebKit/537.36 (KHTML, like Gecko) Chrome/128.0.0.0 Safari/537.36
4	1	1	0	0	29433141	0	0	29433141	0	0	13240	Mozilla/5.0 (Windows NT 10.0; Win64; x64) AppleWebKit/537.36 (KHTML, like Gecko) Chrome/131.0.0.0 Safari/537.36 Edg/131.0.0.0
4	20	0	0	0	29424442	0	0	29336569	0	0	1740	Mozilla/5.0 (compatible; Let's Encrypt validation server; +https://www.letsencrypt.org)
4	2	2	0	0	29336582	0	0	29336572	0	0	45070	Mozilla/5.0 (Windows NT 10.0) AppleWebKit/537.36 (KHTML, like Gecko) Chrome/106.0.0.0 Safari/537.36
4	1	1	0	0	29425603	0	0	29425603	0	0	13240	Mozilla/5.0 (X11; Linux x86_64) Firefox/117.0
4	1	1	0	83	29412656	0	29412671	29412656	0	29412654	13240	Mozilla/5.0 (X11; Linux x86_64) AppleWebKit/537.36 (KHTML, like Gecko) Chrome/120.0.0.0 Safari/537.36
4	1	1	0	0	29336814	0	0	29336814	0	0	13240	Mozilla/5.0 (Windows NT 10.0; Win64; x64) AppleWebKit/537.36 (KHTML, like Gecko) Chrome/100.0.4896.75 Safari/537.36
4	2	2	0	0	29336638	0	0	29336638	0	0	26480	Mozilla/5.0 (iPhone; CPU iPhone OS 14_4 like Mac OS X) AppleWebKit/605.1.15 (KHTML, like Gecko) Version/15.4 Mobile/15E148 Safari/604.1
4	1	1	0	0	29426265	0	0	29426265	0	0	13240	Mozilla/5.0 (Macintosh; Intel Mac OS X 10_15_7) AppleWebKit/537.36 (KHTML, like Gecko) Chrome/114.0.0.0 Safari/537.36
4	2	2	0	2	29424450	0	29424450	29336591	0	29336591	26777	Mozilla/5.0 (iPhone; CPU iPhone OS 16_6_1 like Mac OS X) AppleWebKit/605.1.15 (KHTML, like Gecko) Version/16.5 Mobile/15E148 Safari/604.1
4	3	3	0	0	29336638	0	0	29336638	0	0	39720	Mozilla/5.0 (Windows NT 10.0; Win64; x64) AppleWebKit/537.36 (KHTML, like Gecko) Chrome/70.0.3538.102 Safari/537.36 Edge/18.19582
4	0	0	0	4	0	0	29436092	0	0	29340567	0	Python-urllib/3.10
4	0	0	0	89	0	0	29412671	0	0	29412654	0	Mozilla/5.0 (Windows NT 10.0; Win64; x64) AppleWebKit/537.36 (KHTML, like Gecko) Chrome/120.0.0.0 Safari/537.36 Edg/120.0.0.0
4	1	0	1	0	29408785	29408785	0	29408785	29408785	0	7644	Mozilla/5.0 (Macintosh; Intel Mac OS X 10_14_6) AppleWebKit/537.36 (KHTML, like Gecko) Chrome/76.0.3809.132 Safari/537.36
4	3	3	0	0	29407844	0	0	29361547	0	0	39720	curl/7.29.0
4	0	0	0	3	0	0	29429681	0	0	29336576	0	Mozilla/5.0 (X11; Linux x86_64) AppleWebKit/537.36 (KHTML, like Gecko) Chrome/136.0.0.0 Safari/537.36
4	5	5	0	355	29429088	0	29429091	29350236	0	29350236	66200	Mozilla/5.0 (Windows NT 6.1; Win64; x64; rv:47.0) Gecko/20100101 Firefox/47.0
4	3	3	0	6	29355159	0	29355159	29355159	0	29355159	39720	Mozilla/5.0 (Macintosh; Intel Mac OS X 10_15_7) AppleWebKit/537.36 (KHTML, like Gecko) Chrome/135.0.0.0 Safari/537.36
4	1	1	0	0	29336682	0	0	29336682	0	0	13240	Mozilla/5.0 (X11; OpenBSD i386) AppleWebKit/537.36 (KHTML, like Gecko) Chrome/36.0.1985.125 Safari/537.36
4	0	0	0	2	0	0	29350192	0	0	29349780	0	Mozilla/5.0 AppleWebKit/537.36 (KHTML, like Gecko; compatible; GPTBot/1.0; +https://openai.com/gptbot)
4	3	3	0	17	29390941	0	29390941	29389335	0	29389335	39720	Mozilla/5.0 (Windows NT 10.0; Win64; x64) AppleWebKit/537.36 (KHTML, like Gecko) Chrome/131.0.0.0 Safari/537.36
4	2	2	0	84	29412656	0	29412671	29412654	0	29412654	26480	Mozilla/5.0 (Macintosh; Intel Mac OS X 10.15; rv:109.0) Gecko/20100101 Firefox/121.0
4	0	0	0	3	0	0	29371201	0	0	29363661	0	Mozilla/5.0 (Macintosh; Intel Mac OS X 10_15_7) AppleWebKit/537.36 (KHTML, like Gecko) Chrome/131.0.0.0 Safari/537.36; compatible; OAI-SearchBot/1.0; robots.txt; +https://openai.com/searchbot
4	1	1	0	0	29371458	0	0	29371458	0	0	13240	Mozilla/5.0 (compatible; NetcraftSurveyAgent/1.0; +info@netcraft.com)
4	4	4	0	3	29424470	0	29424480	29424467	0	29424477	52960	Mozilla/5.0 (X11; Ubuntu; Linux x86_64; rv:134.0) Gecko/20100101 Firefox/134.0
4	5	5	0	80	29423465	0	29423465	29367872	0	29367872	66200	python-httpx/0.28.1
4	1	1	0	1	29337212	0	29337212	29337212	0	29337212	13240	Mozilla/5.0 (Linux; Android 5.1.1; SM-J111F)
4	1	1	0	0	29423814	0	0	29423814	0	0	13240	Mozilla/5.0 (X11; Linux x86_64) AppleWebKit/570.51 (KHTML, like Gecko) Chrome/107.0.695 Safari/537.36
4	2	2	0	0	29336571	0	0	29336571	0	0	1594	Mozilla/5.0 (Linux; Android 6.0; HTC One M9 Build/MRA876937) AppleWebKit/537.36 (KHTML, like Gecko) Chrome/52.0.1248.98 Mobile Safari/537.3
4	11	11	0	10	29437113	0	29437113	29338050	0	29338050	145640	Mozilla/5.0 (X11; Linux x86_64) AppleWebKit/537.36 (KHTML, like Gecko) Chrome/139.0.0.0 Safari/537.36
4	0	0	0	70	0	0	29412670	0	0	29412654	0	Mozilla/5.0 (X11; Linux i686; rv:109.0) Gecko/20100101 Firefox/121.0
4	4	0	0	0	29424437	0	0	29336569	0	0	256	Cpanel-HTTP-Client/1.0
5	1	1	0	0	29337420	0	0	29337420	0	0	13240	87.236.176.50
5	2	2	0	196	29429088	0	29429091	29429088	0	29429088	26480	52.42.118.48
5	5	0	0	2	29432132	0	29431998	29344428	0	29345211	9919	85.208.96.212
5	0	0	0	1	0	0	29430699	0	0	29430699	0	167.71.233.237
5	6	0	0	1	29432641	0	29349722	29344795	0	29349722	11651	85.208.96.211
5	2	0	0	0	29432627	0	0	29432388	0	0	3678	85.208.96.209
5	3	0	0	2	29432833	0	29432517	29345085	0	29432388	5995	85.208.96.199
5	3	0	0	1	29432269	0	29344579	29349179	0	29344579	6023	85.208.96.210
5	3	1	0	1	29349156	0	29349267	29344560	0	29349267	16862	85.208.96.208
5	1	1	0	1	29430067	0	29430067	29430067	0	29430067	13240	64.23.239.56
5	7	0	0	2	29432646	0	29432833	29344784	0	29432602	12848	85.208.96.198
5	2	0	0	2	29432430	0	29432447	29432031	0	29392725	3681	85.208.96.207
5	1	1	0	1	29416897	0	29416897	29416897	0	29416897	13240	64.226.87.93
5	4	0	0	1	29432693	0	29432754	29348474	0	29432754	7677	85.208.96.197
5	0	0	0	1	0	0	29436092	0	0	29436092	0	45.130.203.138
5	4	0	0	2	29432588	0	29349015	29345211	0	29344784	7992	85.208.96.206
5	62	2	0	1	29336571	0	29336571	29336571	0	29336571	63040	51.89.167.1
5	2	1	0	1	29432591	0	29344909	29432315	0	29344909	15238	85.208.96.196
5	1	1	0	0	29440178	0	0	29440178	0	0	13240	199.45.155.95
5	3	0	0	1	29432263	0	29348709	29348655	0	29348709	5977	85.208.96.195
5	3	0	0	1	29432540	0	29344428	29345011	0	29344428	5791	85.208.96.205
5	4	0	0	1	29349214	0	29392500	29344579	0	29392500	8046	85.208.96.194
5	4	0	0	2	29432781	0	29432110	29344909	0	29345085	7944	85.208.96.193
5	5	1	0	0	29432641	0	0	29349053	0	0	20531	85.208.96.203
5	1	1	0	3	29405903	0	29405903	29405903	0	29405903	13240	118.194.251.37
5	2	1	0	0	29392500	0	0	29344927	0	0	7901	85.208.96.202
5	0	0	0	1	0	0	29436092	0	0	29436092	0	45.130.203.133
5	2	0	0	0	29424442	0	0	29424442	0	0	174	16.171.181.249
5	2	0	0	0	29349535	0	0	29348487	0	0	4038	85.208.96.200
5	3	3	0	18	29339057	0	29339057	29339057	0	29339057	39720	137.184.226.166
5	7	0	7	0	29408785	29408785	0	29408785	29408785	0	53508	47.237.106.116
5	1	0	0	1	29432223	0	29348597	29432223	0	29348597	1988	185.191.171.19
5	1	1	0	0	29383122	0	0	29383122	0	0	13240	87.236.176.112
5	2	0	0	4	29432532	0	29432189	29349066	0	29345011	3625	185.191.171.18
5	1	0	0	0	29424442	0	0	29424442	0	0	87	34.221.54.247
5	3	0	0	0	29432467	0	0	29348793	0	0	5989	185.191.171.17
5	1	1	0	1	29425603	0	29425604	29425603	0	29425604	13240	35.247.169.14
5	1	1	0	1	29336576	0	29336576	29336576	0	29336576	22535	154.47.29.217
5	4	0	0	0	29432778	0	0	29344725	0	0	7972	185.191.171.16
5	2	0	0	0	29349031	0	0	29348713	0	0	3983	185.191.171.15
5	5	1	0	1	29432403	0	29432641	29344382	0	29432641	13561	185.191.171.14
5	5	0	0	1	29432754	0	29349535	29348726	0	29349535	9641	185.191.171.13
5	1	1	0	2	29337656	0	29337656	29337656	0	29337656	13240	199.45.155.77
5	4	0	0	1	29432461	0	29432581	29349015	0	29432581	7303	185.191.171.12
5	1	1	0	1	29338092	0	29338092	29338092	0	29338092	13240	64.227.146.246
5	5	1	0	1	29432505	0	29432315	29348726	0	29432315	21269	185.191.171.11
5	1	1	0	1	29427199	0	29427199	29427199	0	29427199	13240	147.182.227.144
5	4	1	0	1	29432656	0	29344683	29344918	0	29344683	11564	185.191.171.10
5	1	1	0	1	29431699	0	29431699	29431699	0	29431699	13240	162.142.125.119
5	1	1	0	1	29391099	0	29391099	29391099	0	29391099	13240	159.223.158.42
5	1	1	0	0	29340781	0	0	29340781	0	0	13240	172.245.241.123
5	1	1	0	0	29407844	0	0	29407844	0	0	13240	101.36.106.134
5	1	1	0	1	29376012	0	29376012	29376012	0	29376012	13240	134.209.20.119
5	4	0	0	0	29424437	0	0	29336569	0	0	256	74.112.76.31
5	1	1	0	0	29424467	0	0	29424467	0	0	13240	91.231.89.123
5	0	0	0	1	0	0	29424477	0	0	29424477	0	91.196.152.48
5	1	1	0	0	29336682	0	0	29336682	0	0	13240	34.60.156.140
5	1	1	0	0	29442473	0	0	29442473	0	0	13240	36.99.136.134
5	1	1	0	0	29424470	0	0	29424470	0	0	13240	91.231.89.121
5	1	0	0	0	29424442	0	0	29424442	0	0	87	3.137.203.208
5	2	0	0	0	29336569	0	0	29336569	0	0	174	23.178.112.211
5	1	1	0	0	29425608	0	0	29425608	0	0	13240	34.169.88.228
5	1	1	0	0	29352087	0	0	29352087	0	0	13240	34.6.147.234
5	1	1	0	0	29371458	0	0	29371458	0	0	13240	3.253.195.39
5	1	1	0	3	29361547	0	29361547	29361547	0	29361547	13240	118.193.56.246
5	1	0	0	0	29336569	0	0	29336569	0	0	87	3.19.245.24
5	1	1	0	0	29336814	0	0	29336814	0	0	13240	159.89.220.43
5	1	0	0	0	29424442	0	0	29424442	0	0	87	47.130.1.151
5	2	2	0	28	29423465	0	29423465	29423465	0	29423465	26480	194.180.49.172
5	1	1	0	1	29424446	0	29424446	29424446	0	29424446	13240	196.196.53.123
5	5	5	0	581	29420509	0	29420509	29412654	0	29412654	66200	194.180.49.167
5	1	1	0	1	29396575	0	29396575	29396575	0	29396575	13240	165.22.226.219
5	1	1	0	1	29427216	0	29427216	29427216	0	29427216	13240	157.230.112.167
5	1	1	0	1	29410374	0	29410374	29410374	0	29410374	13240	142.93.217.158
5	1	1	0	1	29341029	0	29341029	29341029	0	29341029	13240	68.183.65.13
5	1	1	0	0	29352266	0	0	29352266	0	0	13240	34.6.68.184
5	1	1	0	0	29363178	0	0	29363178	0	0	13240	3.138.185.30
5	1	1	0	1	29443084	0	29443084	29443084	0	29443084	13240	199.45.154.159
5	3	3	0	18	29434678	0	29434678	29434678	0	29434678	39720	185.193.156.147
5	15	4	0	0	29409792	0	0	29354563	0	0	52022	217.113.194.247
5	1	1	0	0	29366828	0	0	29366828	0	0	13240	205.169.39.37
5	62	2	0	1	29336571	0	29336571	29336571	0	29336571	63186	57.129.16.41
5	1	1	0	1	29370371	0	29370371	29370371	0	29370371	13240	159.89.108.42
5	1	1	0	0	29336681	0	0	29336681	0	0	13240	34.42.230.145
5	2	2	0	0	29433141	0	0	29428378	0	0	26480	100.30.248.17
5	1	1	0	0	29337602	0	0	29337602	0	0	13240	136.117.142.97
5	0	0	0	1	0	0	29350192	0	0	29350192	0	132.196.86.50
5	3	3	0	17	29390941	0	29390941	29389335	0	29389335	39720	104.236.76.121
5	1	1	0	1	29355685	0	29355685	29355685	0	29355685	13240	138.68.139.207
5	1	1	0	0	29336582	0	0	29336582	0	0	22535	205.169.39.22
5	1	0	0	0	29336569	0	0	29336569	0	0	87	18.237.175.75
5	1	1	0	0	29383815	0	0	29383815	0	0	13240	3.140.182.19
5	20	4	0	2	29409790	0	29370869	29346456	0	29354563	62932	217.113.194.224
5	22	3	0	4	29409792	0	29409728	29346456	0	29354562	46596	217.113.194.223
5	1	1	0	0	29336572	0	0	29336572	0	0	22535	205.169.39.15
5	1	1	0	1	29426265	0	29426265	29426265	0	29426265	13240	123.160.223.75
5	6	6	0	36	29426786	0	29426786	29425982	0	29425982	79440	208.84.101.251
5	0	0	0	1	0	0	29424450	0	0	29424450	0	161.123.2.143
5	1	1	0	0	29348396	0	0	29348396	0	0	13240	205.210.31.145
5	1	1	0	0	29427584	0	0	29427584	0	0	13240	185.247.137.96
5	1	1	0	0	29426265	0	0	29426265	0	0	13240	123.160.223.72
5	1	0	0	0	29424442	0	0	29424442	0	0	87	18.142.43.140
5	1	1	0	1	29337212	0	29337212	29337212	0	29337212	13240	34.142.183.235
5	1	1	0	0	29352078	0	0	29352078	0	0	13240	35.204.122.158
5	1	1	0	0	29337587	0	0	29337587	0	0	13240	34.91.158.250
5	1	1	0	0	29424450	0	0	29424450	0	0	13240	161.123.158.124
5	1	1	0	1	29429841	0	29429841	29429841	0	29429841	13240	199.45.154.112
5	1	1	0	0	29385421	0	0	29385421	0	0	13240	206.168.34.211
5	1	1	0	0	29384960	0	0	29384960	0	0	13240	44.193.254.10
5	3	3	0	18	29448007	0	29448007	29448007	0	29448007	39720	35.230.24.165
5	3	3	0	6	29355159	0	29355159	29355159	0	29355159	39720	34.1.23.172
5	3	3	0	18	29440432	0	29440433	29440432	0	29440432	39720	169.150.203.235
5	1	1	0	3	29407845	0	29407845	29407845	0	29407845	13240	152.32.128.85
5	1	1	0	0	29361547	0	0	29361547	0	0	13240	101.36.127.85
5	1	1	0	1	29430605	0	29430605	29430605	0	29430605	13240	165.232.134.47
5	2	0	0	0	29424442	0	0	29424442	0	0	174	23.178.112.104
5	1	0	0	0	29336569	0	0	29336569	0	0	87	52.12.174.121
5	1	0	0	0	29336569	0	0	29336569	0	0	87	16.171.145.86
5	1	1	0	1	29434597	0	29434597	29434597	0	29434597	13240	66.132.153.129
5	0	0	0	2	0	0	29336635	0	0	29336635	0	192.175.111.253
5	0	0	0	1	0	0	29349780	0	0	29349780	0	172.182.215.90
5	1	1	0	1	29338050	0	29338050	29338050	0	29338050	13240	161.35.171.163
5	1	1	0	1	29430090	0	29430090	29430090	0	29430090	13240	146.190.78.58
5	1	1	0	1	29423057	0	29423057	29423057	0	29423057	13240	66.132.153.122
5	4	4	0	0	29449808	0	0	29376846	0	0	52960	18.224.192.118
5	0	0	0	1	0	0	29336635	0	0	29336635	0	192.175.111.243
5	1	0	0	0	29424442	0	0	29424442	0	0	87	18.237.103.188
5	0	0	0	1	0	0	29438721	0	0	29438721	0	74.7.228.38
5	2	2	0	6	29396037	0	29396037	29396037	0	29396037	26480	36.83.127.82
5	1	1	0	2	29337657	0	29337658	29337657	0	29337657	13240	167.94.138.44
5	1	1	0	0	29429925	0	0	29429925	0	0	13240	35.243.197.219
5	0	0	0	1	0	0	29363661	0	0	29363661	0	4.227.36.113
5	1	1	0	0	29429916	0	0	29429916	0	0	13240	34.122.240.10
5	0	0	0	1	0	0	29336591	0	0	29336591	0	89.19.43.121
5	1	1	0	0	29424355	0	0	29424355	0	0	13240	167.94.138.202
5	2	2	0	0	29336638	0	0	29336638	0	0	26480	44.244.93.139
5	1	1	0	0	29350351	0	0	29350351	0	0	13240	205.210.31.47
5	3	3	0	18	29336571	0	29336571	29336571	0	29336571	2391	139.59.132.8
5	1	1	0	0	29405903	0	0	29405903	0	0	13240	118.193.57.218
5	0	0	0	1	0	0	29441517	0	0	29441517	0	74.7.228.16
5	0	0	0	2	0	0	29403511	0	0	29371201	0	74.7.230.58
5	0	0	0	1	0	0	29405889	0	0	29405889	0	74.7.228.15
5	1	1	0	3	29423814	0	29423814	29423814	0	29423814	13240	106.75.19.104
5	1	1	0	0	29442502	0	0	29442502	0	0	13240	185.247.137.190
5	1	1	0	1	29411657	0	29411657	29411657	0	29411657	13240	167.94.138.179
5	0	0	0	1	0	0	29368846	0	0	29368846	0	74.7.228.10
5	3	3	0	33	29424444	0	29424444	29424443	0	29424443	39720	206.189.233.36
5	3	0	0	3	29432461	0	29392725	29344555	0	29344927	6085	185.191.171.9
5	1	1	0	0	29337952	0	0	29337952	0	0	13240	35.232.177.40
5	2	0	0	3	29344683	0	29432532	29344369	0	29349053	3991	185.191.171.8
5	2	0	0	0	29432541	0	0	29348692	0	0	3651	185.191.171.7
5	0	0	0	1	0	0	29348834	0	0	29348834	0	185.191.171.6
5	4	0	0	2	29432447	0	29349203	29349722	0	29348723	7655	185.191.171.5
5	19	5	0	0	29409791	0	0	29354567	0	0	57456	154.54.249.203
5	7	0	0	0	29432622	0	0	29344644	0	0	13669	185.191.171.4
5	3	3	0	18	29336571	0	29336571	29336571	0	29336571	2391	159.89.127.165
5	5	0	0	2	29432737	0	29348474	29348834	0	29344644	9604	185.191.171.3
5	2	1	0	0	29432110	0	0	29392725	0	0	7904	185.191.171.2
5	1	1	0	0	29379605	0	0	29379605	0	0	13240	167.94.138.165
5	4	0	0	0	29432136	0	0	29344572	0	0	7454	185.191.171.1
5	1	1	0	1	29429681	0	29429681	29429681	0	29429681	13240	62.133.46.9
5	18	7	0	1	29409789	0	29378975	29354564	0	29378975	62319	217.113.194.111
5	1	1	0	0	29336591	0	0	29336591	0	0	13537	161.123.145.196
5	11	2	0	1	29409789	0	29409729	29346456	0	29409729	29508	217.113.194.109
5	22	5	0	3	29409791	0	29402176	29346456	0	29346455	45584	217.113.194.110
5	1	1	0	1	29437113	0	29437113	29437113	0	29437113	13240	64.227.130.185
5	27	8	0	2	29409793	0	29394610	29346455	0	29362740	82818	217.113.194.108
5	17	3	0	1	29409789	0	29362740	29354566	0	29362740	44387	217.113.194.107
5	1	1	0	1	29340958	0	29340958	29340958	0	29340958	13240	134.122.18.150
5	1	1	0	0	29337935	0	0	29337935	0	0	13240	34.78.33.17
5	12	2	0	1	29394776	0	29394610	29354563	0	29394610	31212	217.113.194.106
5	21	6	0	1	29409792	0	29346455	29354564	0	29346455	63669	217.113.194.105
5	1	1	0	24	29367872	0	29367872	29367872	0	29367872	13240	45.148.10.245
5	25	3	0	2	29409791	0	29402176	29354565	0	29370869	60237	217.113.194.104
5	3	3	0	0	29336638	0	0	29336638	0	0	39720	34.221.248.80
5	30	7	0	0	29409792	0	0	29346456	0	0	80555	217.113.194.103
5	1	0	0	0	29336569	0	0	29336569	0	0	87	3.133.11.211
5	23	7	0	0	29409792	0	0	29354563	0	0	72638	217.113.194.102
5	0	0	0	1	0	0	29449588	0	0	29449588	0	161.35.18.42
5	1	0	0	0	29336569	0	0	29336569	0	0	87	13.60.32.177
5	0	0	0	1	0	0	29340567	0	0	29340567	0	45.130.203.226
5	2	2	0	0	29336635	0	0	29336635	0	0	26480	64.15.129.124
5	3	3	0	18	29351637	0	29351637	29351637	0	29351637	39720	143.110.148.245
5	1	1	0	0	29336635	0	0	29336635	0	0	13240	64.15.129.120
5	1	1	0	0	29441635	0	0	29441635	0	0	13240	199.45.155.104
5	0	0	0	1	0	0	29342388	0	0	29342388	0	45.130.203.208
5	1	1	0	0	29336635	0	0	29336635	0	0	13240	64.15.129.113
5	1	1	0	2	29347793	0	29347793	29347793	0	29347793	13240	162.142.125.196
5	1	1	0	0	29385684	0	0	29385684	0	0	13240	167.94.138.125
5	5	5	0	159	29350240	0	29350240	29350236	0	29350236	66200	195.178.110.68
5	1	1	0	0	29429653	0	0	29429653	0	0	13240	216.106.187.123
5	1	1	0	0	29360866	0	0	29360866	0	0	13240	167.94.138.123
5	1	1	0	0	29336635	0	0	29336635	0	0	13240	64.15.129.108
5	2	2	0	0	29425546	0	0	29425523	0	0	26480	34.140.239.53
5	1	1	0	0	29352273	0	0	29352273	0	0	13240	34.27.233.107
5	0	0	0	1	0	0	29336635	0	0	29336635	0	64.15.129.103
5	3	3	0	17	29445711	0	29445711	29445711	0	29445711	39720	104.196.7.55
5	1	1	0	0	29418235	0	0	29418235	0	0	13240	198.235.24.172
5	1	1	0	0	29444029	0	0	29444029	0	0	13240	121.127.34.106
5	1	0	0	0	29336569	0	0	29336569	0	0	87	54.179.149.199
5	1	1	0	0	29346007	0	0	29346007	0	0	13240	3.146.111.124
5	1	1	0	0	29337774	0	0	29337774	0	0	13240	87.236.176.7
5	1	1	0	0	29425671	0	0	29425671	0	0	13240	34.171.232.183
5	1	1	0	0	29350031	0	0	29350031	0	0	13240	167.172.23.174
5	31	2	2	8	29425288	29424542	29425229	29422609	29422609	29422609	70237	216.73.216.112
5	1	1	0	0	29407888	0	0	29407888	0	0	13240	184.73.189.76
5	2	2	0	6	29364124	0	29364124	29364124	0	29364124	26480	36.83.115.64
5	1	1	0	0	29424469	0	0	29424469	0	0	13240	91.231.89.99
5	1	1	0	0	29424469	0	0	29424469	0	0	13240	91.231.89.96
5	1	1	0	0	29385804	0	0	29385804	0	0	13240	87.236.176.142
5	0	0	0	1	0	0	29424480	0	0	29424480	0	91.196.152.156
5	1	0	0	0	29424442	0	0	29424442	0	0	87	18.217.66.241
5	7	1	1	7	29431010	29430546	29431010	29427429	29430546	29427429	17773	216.73.216.53
5	3	3	0	33	29424444	0	29424444	29424443	0	29424443	39720	164.90.228.79
5	0	0	0	1	0	0	29424479	0	0	29424479	0	91.196.152.148
5	1	1	0	3	29423814	0	29423814	29423814	0	29423814	13240	106.75.66.169
5	1	0	0	0	29336569	0	0	29336569	0	0	87	13.229.248.186
z	0	65	5	29409729	0
z	2	24	0	29424442	1996
z	3	8	8	29336571	6376
z	4	506	68	29432833	1287343
z	5	171	171	29449808	2292222
c	200	769	29449808
c	301	3	29430546
c	302	7	29408785
c	304	5	29409729
c	403	6	29412657
c	404	1412	29449588
